0000 125 121 148 149 148 123 168 148
0001 124 122 149 150 149 123 168 148
0002 125 122 149 149 150 123 168 148
0003 125 123 149 149 287 161 309 222
0004 124 124 148 149 149 123 168 148
0005 125 124 148 149 149 123 168 148
0006 125 123 149 150 149 123 168 148
0007 125 123 149 149 149 124 168 149
0008 125 122 149 150 149 123 169 149
0009 125 123 149 150 149 123 169 148
0010 125 123 149 150 149 123 169 148
0011 125 123 149 150 150 122 169 148
0012 125 122 151 149 147 125 167 150
0013 125 122 151 149 150 123 168 148
0014 125 122 151 149 150 123 168 148
0015 125 121 151 148 151 122 168 146
0016 121 121 145 147 153 115 175 140
0017 110 113 135 143 164 106 186 132
0018 095 106 119 134 170 093 195 123
0019 189 076 209 112 079 091 100 127
0020 060 081 087 117 196 059 215 101
0021 201 047 228 094 042 070 069 103
0022 030 062 057 094 204 032 233 080
0023 022 059 050 087 213 029 240 072
0024 221 020 251 059 021 056 049 081
0025 021 054 048 079 224 027 264 067
0026 022 056 050 080 227 027 271 067
0027 022 058 049 083 230 030 274 067
0028 023 060 048 083 232 028 272 070
0029 022 064 048 087 287 158 307 224
0030 020 067 048 092 238 036 277 075
0031 237 051 282 080 015 072 043 098
0032 021 078 048 101 229 051 279 082
0033 028 074 067 102 287 161 309 225
0034 063 061 102 094 176 035 204 072
0035 098 042 126 079 150 024 178 062
0036 144 026 172 059 111 032 134 063
0037 286 162 309 222 117 038 138 061
0038 095 054 129 105 291 161 313 223
0039 094 063 129 104 291 161 312 223
0040 094 063 131 102 283 157 309 222
0041 092 064 127 104 287 159 309 225
0042 092 062 130 105 286 159 314 220
0043 089 060 129 108 287 157 307 229
0044 109 050 132 073 284 155 310 221
0045 098 047 122 071 283 157 308 224
0046 090 041 114 067 285 159 314 220
0047 078 042 100 072 286 154 307 223
0048 067 047 090 077 203 058 239 118
0049 054 063 074 094 000 000 000 000
0050 046 080 067 112 241 075 266 105
0051 245 102 272 131 040 110 063 137
0052 041 126 068 157 288 156 307 225
0053 052 155 079 180 216 172 235 195
0054 065 172 087 194 202 177 220 207
0055 185 183 208 213 080 182 104 212
0056 091 182 112 215 178 180 205 217
0057 099 186 122 215 172 188 193 218
0058 102 186 124 219 172 190 193 218
0059 105 188 128 217 175 193 192 221
0060 105 187 127 215 173 188 194 220
0061 172 194 194 217 103 187 125 216
0062 101 187 123 216 171 194 194 217
0063 101 186 123 216 172 194 194 218
0064 101 187 122 217 173 189 193 221
0065 101 187 123 217 175 194 193 220
