0000 106 208 125 231 171 206 188 231
0001 106 208 126 234 171 209 188 229
0002 113 209 132 237 170 208 187 230
0003 109 212 132 239 170 203 188 226
0004 107 208 128 236 174 206 192 233
0005 086 207 112 234 195 197 220 224
0006 052 186 080 216 218 171 249 199
0007 229 128 269 171 027 142 056 177
0008 238 086 267 110 015 092 052 141
0009 032 050 063 084 229 056 257 087
0010 044 021 072 061 222 042 243 075
0011 060 016 087 048 215 036 237 070
0012 079 008 104 043 208 026 224 064
0013 086 006 112 041 208 024 226 057
0014 087 008 114 039 207 026 224 061
0015 087 009 113 040 209 025 227 061
0016 086 005 111 043 213 033 232 063
0017 078 007 102 043 214 035 232 068
0018 067 012 093 047 218 038 238 071
0019 062 015 087 052 222 054 248 075
0020 066 022 091 049 220 055 258 075
0021 081 012 117 049 210 037 253 068
0022 107 010 133 049 193 019 223 060
0023 183 022 201 055 121 013 144 049
0024 176 022 197 056 129 014 148 045
0025 176 024 196 058 130 018 153 050
0026 132 020 150 050 176 025 193 057
0027 132 022 149 052 175 028 193 059
0028 130 023 152 055 175 030 193 060
0029 130 024 151 055 175 033 195 064
0030 130 027 151 057 172 034 190 062
0031 128 036 149 067 166 048 188 076
0032 172 074 196 109 123 060 145 088
0033 121 092 143 132 165 096 202 141
0034 119 150 146 178 178 168 201 196
0035 112 185 134 218 177 196 195 225
0036 108 201 128 232 171 203 190 229
0037 101 210 127 238 171 204 190 228
0038 109 208 129 234 000 000 000 000
0039 109 209 129 235 163 203 185 228
0040 110 208 129 235 164 203 186 228
0041 109 206 129 233 164 204 186 233
0042 111 208 129 234 165 206 190 234
0043 110 206 131 235 167 205 190 229
0044 110 207 130 236 169 205 190 229
0045 112 207 130 234 169 205 191 228
0046 112 208 131 235 164 203 193 234
0047 112 208 131 235 163 203 195 233
0048 115 207 131 234 165 204 195 233
0049 113 209 131 235 162 203 194 229
