0000 166 171 181 201 106 168 122 197
0001 106 169 122 197 169 175 186 198
0002 170 172 185 202 101 169 125 200
0003 102 170 125 200 170 172 186 203
0004 106 174 122 195 170 173 186 202
0005 105 172 121 199 171 173 187 201
0006 173 173 188 201 107 174 123 197
0007 173 174 188 204 103 169 125 200
0008 170 177 185 206 100 170 123 204
0009 102 176 118 197 164 175 179 204
0010 151 166 171 194 101 170 118 191
0011 137 134 162 158 103 143 119 166
0012 132 090 160 114 101 108 119 126
0013 106 062 130 092 141 055 169 083
0014 148 037 178 075 105 045 128 075
0015 160 040 184 069 106 044 127 072
0016 101 046 123 073 164 041 190 072
0017 166 047 192 072 099 046 119 075
0018 166 044 192 078 096 050 117 078
0019 164 048 189 082 091 054 113 086
0020 081 067 103 099 162 066 189 095
0021 075 081 093 110 161 094 187 121
0022 073 103 098 125 149 113 180 139
0023 084 110 110 130 138 116 174 135
0024 126 108 165 131 094 105 118 127
0025 127 077 163 101 103 076 126 099
0026 105 057 128 089 136 052 168 087
0027 144 044 174 077 103 048 125 077
0028 157 038 184 073 100 042 120 071
0029 165 039 191 072 099 038 119 066
0030 170 040 196 071 096 039 118 072
0031 094 042 116 071 175 042 201 071
0032 094 044 116 072 176 042 201 073
0033 095 044 117 072 176 042 201 072
0034 095 044 116 072 175 046 201 068
0035 171 041 197 075 096 047 115 075
0036 096 057 115 086 164 050 197 087
0037 158 076 189 113 096 077 114 102
0038 148 121 189 148 095 112 118 135
0039 094 132 114 155 151 148 177 173
0040 157 163 179 194 097 156 117 177
0041 099 168 116 191 161 171 181 203
0042 099 173 116 194 164 171 187 204
