0000 110 164 127 190 165 161 183 184
0001 106 158 129 185 170 156 186 183
0002 104 154 124 177 185 149 201 178
0003 093 144 112 168 189 134 207 155
0004 083 136 103 162 201 126 227 146
0005 080 135 100 160 204 127 234 152
0006 088 132 111 156 195 131 221 154
0007 109 107 128 132 170 111 194 128
0008 155 068 183 098 115 074 141 097
0009 117 055 142 078 146 054 181 080
0010 109 039 139 062 163 049 191 069
0011 099 036 124 062 178 054 202 072
0012 189 049 210 075 084 041 111 072
0013 209 062 232 098 074 050 091 081
0014 062 073 086 102 217 088 241 109
0015 061 087 090 114 210 100 243 116
0016 086 087 113 114 188 089 216 108
0017 105 074 130 103 173 074 196 099
0018 156 046 181 075 120 044 145 072
0019 118 037 144 065 158 043 182 067
0020 112 040 139 062 159 039 193 066
0021 111 037 137 062 166 041 196 068
0022 108 041 132 069 175 044 200 075
0023 098 057 127 083 180 059 203 087
0024 098 081 122 104 181 080 199 108
0025 176 113 199 135 096 108 128 138
0026 107 132 125 161 179 139 195 162
0027 110 158 126 182 172 160 188 178
0028 111 161 128 189 165 164 181 190
0029 114 164 131 188 162 164 177 187
