0000 125 170 146 198 183 200 202 231
0001 125 171 148 199 183 202 201 232
0002 126 176 146 202 182 201 201 234
0003 124 177 146 206 182 200 201 232
0004 123 183 145 212 182 199 202 233
0005 120 186 145 219 184 203 203 235
0006 123 191 144 222 183 201 202 232
0007 123 196 141 224 184 202 202 231
0008 119 194 139 227 184 201 202 233
0009 119 195 139 227 184 201 202 232
0010 117 195 137 227 000 000 000 000
0011 113 196 135 227 184 202 202 234
0012 112 196 133 226 185 202 201 230
0013 105 196 127 224 184 204 203 236
0014 185 200 204 232 102 193 125 225
0015 100 193 121 219 190 202 209 233
0016 085 186 114 211 202 201 219 231
0017 083 179 110 203 210 197 230 229
0018 076 179 112 202 207 191 232 221
0019 085 171 113 196 207 187 232 216
0020 089 165 116 189 201 173 228 203
0021 093 156 122 180 197 160 230 192
0022 192 150 224 178 095 148 125 172
0023 098 134 130 162 184 136 227 159
0024 198 113 227 143 105 112 129 144
0025 106 094 134 130 200 093 229 126
0026 110 084 139 120 196 074 223 116
0027 196 060 223 106 113 072 139 107
0028 191 054 217 097 117 062 142 097
0029 189 054 214 089 118 059 143 094
0030 187 054 213 090 121 057 145 092
0031 183 058 209 089 121 058 143 093
0032 122 064 145 089 183 065 206 090
0033 124 067 143 094 190 081 208 131
0034 186 079 207 130 124 073 146 101
0035 184 081 208 133 124 095 145 139
0036 125 073 145 099 184 089 206 135
0037 184 089 206 135 123 091 145 139
0038 125 075 142 105 183 089 203 131
0039 183 086 203 127 123 076 144 102
0040 123 077 145 103 183 080 203 127
0041 122 077 145 105 182 073 205 099
0042 118 076 142 104 187 070 211 100
0043 113 082 138 115 191 071 216 106
0044 202 075 224 120 111 098 133 130
0045 212 099 235 142 107 132 130 163
0046 107 149 128 176 211 122 238 162
0047 104 175 127 206 221 153 242 190
0048 105 194 126 224 218 182 238 221
0049 110 196 131 231 212 192 228 229
0050 113 196 134 230 205 200 221 237
0051 114 199 133 228 201 199 218 231
0052 192 200 209 231 117 196 139 232
0053 120 197 140 229 189 200 205 230
0054 121 198 141 230 000 000 000 000
0055 120 197 141 229 000 000 000 000
0056 119 197 141 232 000 000 000 000
