0000 169 214 208 239 039 224 068 239
0001 174 212 203 236 037 223 066 239
0002 165 209 196 238 000 000 000 000
0003 151 211 190 237 000 000 000 000
0004 148 210 188 235 039 223 067 239
0005 142 207 183 236 039 222 066 239
0006 131 204 181 237 000 000 000 000
0007 128 213 170 236 000 000 000 000
0008 131 204 177 238 038 223 065 239
0009 129 210 171 236 039 224 065 239
0010 131 207 172 235 145 173 186 228
0011 120 206 168 239 142 166 194 223
0012 137 162 189 219 111 193 177 231
0013 109 172 162 215 041 221 067 239
0014 124 145 173 196 040 224 066 239
0015 118 117 172 174 040 224 067 239
0016 114 094 170 163 038 224 067 239
0017 108 079 182 138 000 000 000 000
0018 124 050 191 115 031 221 069 239
0019 130 026 204 092 033 217 065 236
0020 142 009 218 079 000 000 000 000
0021 161 001 231 062 000 000 000 000
0022 169 000 244 051 000 000 000 000
0023 182 000 243 052 000 000 000 000
0024 188 000 249 051 000 000 000 000
0025 194 000 244 050 000 000 000 000
0026 201 000 248 052 219 000 284 030
0027 212 002 288 043 000 000 000 000
0028 216 004 294 051 037 223 067 239
0029 227 010 305 049 037 222 066 239
0030 218 017 299 058 036 222 066 239
0031 216 035 284 083 036 223 067 239
0032 199 058 264 103 039 223 068 239
0033 190 102 249 144 032 216 067 239
0034 183 152 235 194 033 220 083 239
0035 174 178 225 235 035 212 083 239
0036 158 195 210 237 038 213 067 235
0037 162 208 197 235 039 223 067 239
0038 160 210 192 236 039 222 069 239
0039 038 222 066 239 162 211 197 236
0040 163 213 195 236 000 000 000 000
0041 166 210 193 236 035 223 067 239
0042 021 218 063 239 162 212 196 236
0043 001 212 043 239 157 212 194 237
0044 003 212 030 239 161 213 195 237
0045 163 213 195 236 000 000 000 000
0046 165 213 195 237 000 000 000 000
0047 164 213 195 236 000 000 000 000
0048 164 212 195 236 000 000 000 000
0049 163 213 195 236 000 000 000 000
0050 163 213 194 236 000 000 000 000
0051 164 213 194 236 000 000 000 000
0052 162 208 195 236 000 000 000 000
0053 161 208 195 236 000 000 000 000
0054 165 206 193 237 000 000 000 000
