0000 049 199 112 239 146 206 202 239
0001 050 196 111 239 121 178 187 239
0002 050 196 112 239 094 146 168 191
0003 051 196 111 239 075 136 170 172
0004 051 197 111 239 079 146 169 184
0005 051 196 112 239 120 136 183 185
0006 051 197 112 239 131 136 198 185
0007 051 197 112 239 158 123 212 170
0008 051 197 112 239 176 107 227 151
0009 051 197 111 239 187 073 245 126
0010 199 054 258 113 051 196 112 239
0011 051 196 112 239 211 044 273 103
0012 222 037 281 101 048 199 113 239
0013 050 196 112 239 228 041 286 100
0014 226 042 290 102 050 196 112 239
0015 050 196 111 239 227 042 290 100
0016 224 044 286 101 049 199 113 239
0017 051 196 112 239 209 054 270 107
0018 051 196 112 239 188 080 241 136
0019 167 123 229 186 051 196 111 239
0020 050 196 111 239 153 158 223 238
0021 050 196 111 239 142 193 208 237
0022 050 196 112 239 151 205 205 238
0023 050 196 112 239 146 212 199 239
0024 051 196 111 239 147 214 194 236
0025 051 196 111 239 145 214 196 237
0026 051 197 111 239 148 213 194 239
