0005 175 216 207 237 000 000 000 000
0006 172 215 206 239 042 216 080 239
0007 169 210 201 239 045 215 087 235
0008 054 220 087 239 161 207 192 237
0009 150 207 193 239 000 000 000 000
0010 146 207 190 236 000 000 000 000
0011 136 207 184 234 000 000 000 000
0012 132 207 180 235 000 000 000 000
0013 124 213 174 239 000 000 000 000
0014 118 214 168 239 151 162 195 212
0015 147 168 185 226 000 000 000 000
0016 113 211 163 238 145 168 187 214
0017 111 202 165 235 091 208 135 237
0018 112 193 164 233 000 000 000 000
0019 103 171 167 219 000 000 000 000
0020 115 143 171 199 000 000 000 000
0021 122 119 180 175 000 000 000 000
0022 122 088 187 151 000 000 000 000
0023 140 067 195 133 000 000 000 000
0024 146 036 214 104 000 000 000 000
0025 161 024 232 088 000 000 000 000
0026 168 016 237 075 000 000 000 000
0027 184 007 256 064 055 209 095 234
0028 190 006 249 055 235 003 271 026
0029 237 003 284 027 197 002 251 050
0030 208 001 260 049 247 005 290 029
0031 226 005 296 039 207 003 251 055
0032 233 007 302 044 000 000 000 000
0033 227 010 303 052 000 000 000 000
0034 216 021 278 069 247 021 304 056
0035 213 035 281 082 246 038 295 068
0036 203 063 259 107 050 209 088 239
0037 186 110 239 151 049 209 085 235
0038 043 210 082 239 177 162 233 209
0039 167 195 214 234 046 209 073 237
0040 172 215 200 239 000 000 000 000
0041 172 214 200 238 000 000 000 000
0042 172 215 200 239 000 000 000 000
0043 172 215 200 239 000 000 000 000
0044 171 216 200 239 000 000 000 000
0045 172 215 200 239 000 000 000 000
0046 173 216 200 239 000 000 000 000
0047 173 216 201 239 000 000 000 000
0048 173 216 201 239 000 000 000 000
0049 173 215 200 239 000 000 000 000
0050 173 215 201 239 000 000 000 000
0051 173 216 199 239 000 000 000 000
0052 173 216 199 239 039 222 072 239
0053 173 216 200 239 041 220 070 239
0054 033 215 068 239 172 215 200 239
0055 021 209 068 239 172 216 201 239
0056 001 206 048 239 172 216 200 239
0057 000 204 028 239 172 216 200 239
0058 172 215 200 239 000 000 000 000
0059 001 203 020 236 172 216 200 239
0061 172 221 198 239 169 184 203 235
0062 173 216 200 239 000 000 000 000
0063 172 217 200 239 000 000 000 000
0064 171 217 200 239 000 000 000 000
0065 172 217 200 239 000 000 000 000
0066 172 217 200 239 000 000 000 000
0067 166 185 202 234 171 215 200 239
