0004 062 221 104 239 000 000 000 000
0005 049 170 098 221 067 205 120 238
0006 077 158 125 208 040 144 087 195
0007 075 133 121 183 033 131 079 179
0008 073 121 117 170 031 126 073 172
0009 070 116 114 165 034 126 070 170
0010 068 114 110 163 034 125 070 169
0011 067 114 109 163 034 124 070 169
0012 067 113 109 161 036 124 067 167
0013 066 113 109 161 036 124 067 167
0014 067 113 109 162 031 121 068 175
0015 067 114 109 162 031 121 068 175
0016 067 114 109 163 033 126 070 174
0017 069 121 110 175 037 128 070 178
0018 070 147 111 203 041 147 075 198
0019 062 176 110 229 045 162 084 216
0020 056 202 096 239 000 000 000 000
