0000 176 204 203 237 092 209 118 237
0001 176 204 203 237 090 204 113 238
0002 176 205 203 238 092 207 113 238
0003 176 204 203 237 093 212 116 239
0004 176 205 203 237 093 207 114 239
0005 175 203 203 237 093 206 114 239
0006 175 202 203 237 093 213 116 239
0007 176 203 202 237 093 211 116 239
0008 095 207 118 237 170 201 199 239
0009 093 190 132 229 165 201 202 237
0010 106 182 143 214 167 195 197 235
0011 118 155 159 184 157 182 194 224
0012 142 166 182 201 129 122 173 161
0013 143 105 177 142 126 137 165 169
0014 150 103 178 138 116 121 156 157
0015 112 107 151 143 150 100 179 137
0016 108 107 147 143 149 100 178 138
0017 111 108 148 143 148 099 177 138
0018 115 111 140 134 146 102 177 139
0019 115 109 145 142 145 100 174 135
0020 147 099 176 136 115 108 144 141
0021 147 099 176 135 115 109 145 140
0022 147 103 177 139 116 108 145 138
0023 145 101 171 135 116 104 146 138
0024 145 100 171 135 113 106 151 138
0025 144 102 170 135 118 104 147 137
0026 114 103 150 138 148 103 171 132
0027 114 103 150 137 145 105 171 135
0028 114 103 149 137 145 105 171 136
0029 113 103 150 138 145 106 170 134
0030 113 103 149 138 145 106 170 134
0031 114 103 150 135 143 102 171 134
0032 118 105 148 139 142 102 169 134
0033 118 105 149 139 142 103 171 132
0034 118 106 148 140 142 103 171 132
0035 113 105 152 136 142 104 171 136
0036 114 104 151 136 144 105 170 136
0037 112 103 151 136 144 105 170 135
0038 114 105 143 138 142 105 170 134
0039 117 105 151 137 143 107 168 133
0040 115 102 151 137 142 107 168 134
0041 113 105 145 134 142 106 170 132
0042 113 104 144 134 142 108 171 132
0043 112 104 141 137 142 104 170 132
0044 112 103 141 138 142 107 170 133
0045 113 106 141 138 145 108 168 133
0046 113 106 140 137 142 106 169 134
0047 113 104 140 138 142 106 169 136
0048 113 104 140 138 143 107 169 132
0049 113 105 140 138 142 108 169 134
0050 113 105 140 138 138 107 165 135
0051 112 105 140 138 142 109 169 135
0052 112 104 140 138 142 107 168 130
0053 112 104 141 138 142 105 169 134
0054 112 104 141 139 142 107 169 135
0055 114 104 149 138 141 105 171 136
0056 112 118 141 150 141 114 169 142
0057 140 125 174 156 105 142 149 177
0058 131 143 175 177 119 168 161 200
0059 115 167 161 209 147 192 181 234
0060 097 196 137 237 170 200 198 237
0061 180 199 208 236 080 215 103 235
0062 181 200 207 235 077 213 099 239
0063 181 200 205 234 078 207 099 238
