0000 192 195 217 229 112 189 132 222
0001 192 195 217 229 112 188 132 222
0002 192 195 215 228 112 188 132 219
0003 192 193 215 229 114 189 132 219
0004 192 196 215 229 113 189 131 220
0005 194 194 217 228 112 187 132 221
0006 194 194 217 227 112 188 132 221
0007 194 194 217 228 112 187 132 222
0008 194 194 217 228 112 187 132 222
0009 194 194 217 228 112 188 132 222
0010 194 195 218 229 111 188 132 222
0011 191 192 216 224 112 187 132 221
0012 181 182 209 212 113 184 132 216
0013 164 161 200 194 116 175 139 207
0014 132 148 160 178 149 123 178 157
0015 144 123 183 161 000 000 000 000
0016 158 103 191 142 126 119 157 149
0017 162 087 193 125 133 092 161 122
0018 168 081 197 117 125 087 164 115
0019 169 077 198 112 134 087 161 110
0020 170 081 205 119 135 087 176 123
0021 169 086 201 113 132 085 165 118
0022 170 081 198 117 137 086 177 121
0023 174 084 204 119 135 090 174 120
0024 169 083 201 115 138 087 164 113
0025 169 084 202 118 138 088 163 113
0026 170 084 201 113 137 087 164 112
0027 169 085 202 119 137 086 163 113
0028 136 087 161 113 169 083 203 118
0029 171 083 203 116 137 086 162 114
0030 171 082 206 117 138 086 165 115
0031 172 083 204 116 138 086 163 113
0032 170 083 208 118 136 087 163 114
0033 171 083 209 117 136 087 162 117
0034 170 083 209 117 136 087 163 115
0035 170 083 209 116 136 087 163 115
0036 172 086 205 116 140 088 164 114
0037 172 085 207 119 136 088 162 113
0038 172 088 208 125 134 090 162 118
0039 170 099 212 141 136 097 167 125
0040 157 120 190 159 140 103 172 130
0041 146 138 178 173 144 113 176 140
0042 129 162 159 194 156 132 187 165
0043 171 159 206 191 116 173 143 205
0044 182 180 210 209 112 182 133 210
0045 194 190 220 225 111 186 131 220
0046 202 198 221 229 110 189 129 223
0047 203 196 223 229 112 188 131 221
0048 201 196 220 223 112 189 130 217
0049 197 194 218 229 111 188 130 222
0050 112 188 130 221 200 199 219 227
0051 112 188 130 221 197 195 218 228
0052 112 188 130 221 200 198 219 227
0053 111 189 129 221 200 196 219 224
