0000 105 200 127 234 171 204 195 237
0001 106 201 127 235 177 193 196 234
0002 104 205 123 233 166 165 196 205
0003 145 132 193 173 103 204 121 234
0004 135 112 179 150 102 205 120 233
0005 132 096 170 127 102 204 119 232
0006 134 090 173 116 102 203 119 232
0007 139 088 174 118 101 202 119 231
0008 140 087 173 116 101 205 119 236
0009 141 088 173 115 102 204 120 235
0010 140 087 174 118 102 203 121 235
0011 140 089 173 117 102 204 121 235
0012 142 088 173 118 102 203 121 235
0013 141 087 174 119 106 208 124 237
0014 141 087 174 118 105 208 124 237
0015 141 086 172 113 102 203 122 234
0016 140 086 176 119 101 203 120 234
0017 137 101 174 131 100 206 119 234
0018 151 134 201 175 094 202 110 230
0019 093 206 109 233 000 000 000 000
0020 191 206 207 235 092 206 110 235
0021 185 208 202 235 099 208 117 236
0022 103 202 123 231 176 202 192 235
0023 103 200 122 229 176 207 192 236
0024 105 200 125 231 176 206 192 236
0025 104 202 124 232 176 206 192 237
0026 104 202 124 232 176 207 192 237
0027 104 200 124 230 176 202 192 233
