0000 157 183 173 211 083 175 106 206
0001 158 182 174 211 083 175 105 206
0002 158 182 174 212 082 175 105 206
0003 157 182 173 211 081 176 106 209
0004 154 181 170 210 082 176 107 210
0005 137 169 159 206 083 179 101 203
0006 112 140 150 171 083 179 101 203
0007 103 099 136 120 083 174 106 209
0008 083 179 100 203 105 075 145 097
0009 111 061 140 089 084 177 099 204
0010 112 058 141 087 082 173 105 207
0011 116 056 143 086 083 173 105 207
0012 118 050 142 079 083 173 105 207
0013 117 052 139 081 083 173 105 207
0014 118 051 143 082 083 173 105 207
0015 116 056 144 086 084 174 106 207
0016 107 074 140 098 084 177 099 204
0017 101 110 137 129 084 172 106 207
0018 109 143 143 169 085 172 106 207
0019 131 165 150 199 081 173 105 206
0020 141 173 159 207 082 174 104 204
0021 150 176 168 209 083 174 105 205
