0000 108 213 132 238 186 194 207 229
0001 108 214 131 239 186 194 207 229
0002 186 195 207 229 108 214 132 239
0003 108 214 131 239 189 193 210 230
0004 109 214 132 239 196 192 216 231
0005 110 210 131 235 204 186 223 228
0006 203 166 227 204 109 210 129 236
0007 200 148 226 178 108 213 132 239
0008 191 129 220 154 108 214 132 239
0009 176 106 215 133 109 213 132 239
0010 164 093 202 119 109 213 132 239
0011 159 087 193 112 109 213 132 239
0012 151 084 191 111 109 212 132 238
0013 152 084 189 111 109 212 132 239
0014 153 084 190 112 109 212 132 238
0015 155 084 190 111 109 213 132 239
0016 151 083 189 113 109 214 132 239
0017 152 084 189 113 108 208 129 235
0018 151 083 190 113 109 208 130 235
0019 159 092 194 121 109 209 130 235
0020 180 123 210 149 109 208 130 235
0021 110 211 130 236 200 155 219 187
0022 110 211 130 236 201 178 221 217
0023 194 191 213 229 109 208 130 235
0024 189 194 209 229 106 209 132 237
0025 107 210 132 238 189 193 209 229
0026 106 210 131 237 188 194 208 231
0027 190 198 207 229 109 212 131 238
0028 189 196 209 232 107 207 129 236
0029 186 195 207 230 107 208 129 237
0030 186 195 207 230 109 209 131 236
0031 106 208 132 237 188 194 210 229
0032 105 208 132 237 189 195 209 229
0033 110 213 133 239 189 195 210 229
0034 107 208 129 237 188 194 209 230
0035 105 208 132 237 187 194 209 230
