0000 109 217 168 238 026 222 062 239
0001 109 214 169 236 025 223 062 239
0002 110 205 164 239 024 221 065 239
0003 115 187 178 236 027 222 066 239
0004 120 154 184 204 022 223 068 239
0005 138 108 182 153 023 221 062 239
0006 143 093 186 136 021 221 063 239
0007 148 088 188 134 025 221 063 239
0008 147 085 188 128 021 221 063 239
0009 148 081 184 120 025 223 062 239
0010 139 084 178 123 026 223 061 239
0011 132 087 170 125 024 222 060 239
0012 115 091 161 132 024 222 063 239
0013 135 115 171 167 023 221 063 239
0014 096 107 147 149 024 222 063 239
0015 085 120 136 162 021 221 062 239
0016 088 122 141 161 025 223 063 239
0017 090 122 144 169 020 221 068 239
0018 092 127 139 168 025 223 067 239
0019 095 126 149 168 024 223 071 239
0020 101 120 158 167 025 223 067 239
0021 124 110 172 153 025 223 066 239
0022 131 098 178 143 024 222 071 239
0023 144 085 185 130 025 223 071 239
0024 153 083 190 130 025 223 071 239
0025 155 081 190 126 024 223 071 239
0026 155 078 191 126 024 222 073 239
0027 148 080 187 126 026 223 067 239
0028 143 082 184 127 024 222 071 239
0029 137 082 178 123 025 223 073 239
0030 137 082 174 123 023 224 072 239
0031 119 089 162 128 026 222 065 239
0032 107 092 149 138 023 224 071 239
0033 090 108 143 156 023 223 071 239
0034 090 127 137 173 021 222 071 239
0035 088 142 140 192 022 222 071 239
0036 093 147 144 198 024 222 071 239
0037 097 155 152 202 023 221 071 239
0038 094 166 153 213 023 222 071 239
0039 093 183 169 229 025 223 072 239
0040 107 206 170 237 026 223 073 239
0041 117 216 179 238 021 222 064 239
0042 115 219 178 239 026 224 063 239
0043 117 214 176 239 023 225 068 239
0044 116 218 167 239 025 225 068 239
0045 117 216 172 239 025 225 067 239
0046 119 216 172 239 024 224 065 239
