0006 114 167 156 223 000 000 000 000
0007 114 103 155 161 000 000 000 000
0008 106 086 150 142 000 000 000 000
0009 095 079 145 132 000 000 000 000
0010 095 080 144 131 000 000 000 000
0011 094 082 141 134 000 000 000 000
0012 093 083 142 132 000 000 000 000
0013 093 078 143 131 000 000 000 000
0014 088 079 138 126 000 000 000 000
0015 081 083 131 125 000 000 000 000
0016 078 084 132 126 000 000 000 000
0017 079 087 131 128 000 000 000 000
0018 080 091 128 136 000 000 000 000
0019 081 096 126 140 000 000 000 000
0020 072 118 125 156 000 000 000 000
0021 057 134 126 174 000 000 000 000
0022 059 144 128 182 000 000 000 000
0023 060 144 127 184 000 000 000 000
0024 063 132 131 173 000 000 000 000
0025 074 106 136 151 000 000 000 000
0026 081 093 135 138 000 000 000 000
0027 082 082 131 126 000 000 000 000
0028 078 083 131 124 000 000 000 000
0029 076 088 126 130 000 000 000 000
0030 076 091 125 134 000 000 000 000
0031 075 097 126 141 000 000 000 000
0032 069 105 123 151 000 000 000 000
0033 070 125 125 164 000 000 000 000
0034 062 173 131 226 000 000 000 000
0035 088 209 139 239 000 000 000 000
