0000 065 209 104 238 000 000 000 000
0001 149 222 187 236 000 000 000 000
0002 144 200 186 235 058 210 103 239
0003 143 158 193 201 000 000 000 000
0004 148 128 203 178 064 208 105 239
0005 152 097 203 152 064 209 105 239
0006 157 078 207 143 059 210 103 239
0007 158 070 207 132 058 210 102 239
0008 150 075 202 132 058 211 102 239
0009 151 091 201 136 059 208 102 239
0010 151 086 199 127 061 210 103 239
0011 160 068 208 122 060 210 101 239
0012 159 067 206 122 060 211 101 239
0013 150 081 203 127 000 000 000 000
0014 145 093 200 134 000 000 000 000
0015 149 081 201 128 000 000 000 000
0016 156 067 203 122 000 000 000 000
0017 158 069 204 122 000 000 000 000
0018 152 076 200 125 000 000 000 000
0019 150 090 199 137 000 000 000 000
0020 147 109 203 155 000 000 000 000
0021 142 148 201 185 000 000 000 000
0022 142 184 198 234 000 000 000 000
0023 146 209 193 239 059 209 102 239
0024 060 210 103 239 000 000 000 000
0025 066 210 103 239 000 000 000 000
