0000 127 169 177 210 078 178 126 216
0001 128 169 177 210 074 175 129 216
0002 128 175 174 214 074 175 127 215
0003 130 171 178 212 078 178 126 216
0004 129 172 180 214 078 177 127 216
0005 079 177 128 216 193 208 232 237
0006 193 188 227 236 128 172 178 213
0007 194 159 226 211 128 170 177 213
0008 181 150 221 204 128 170 174 214
0009 174 142 217 200 132 173 177 214
0010 170 131 219 190 131 170 180 213
0011 173 115 216 177 128 172 176 215
0012 173 103 210 151 128 170 178 213
0013 128 170 176 213 177 088 217 141
0014 131 170 178 213 177 073 212 120
0015 130 171 178 212 075 176 130 216
0016 130 171 177 212 074 176 127 217
0017 075 177 126 217 180 061 209 104
0018 130 171 177 212 178 062 207 106
0019 130 170 177 212 175 061 206 107
0020 129 171 177 212 176 061 204 106
0021 130 171 178 213 078 176 130 217
0022 147 102 186 148 133 175 176 215
0023 118 120 170 164 133 176 178 216
0024 113 124 166 168 134 176 176 216
0025 114 124 163 165 079 178 129 219
0026 116 120 170 167 129 172 174 216
0027 118 120 164 164 078 178 131 217
0028 120 116 167 165 129 175 173 218
0029 126 110 172 161 079 177 131 217
0030 140 105 183 152 129 172 175 215
0031 133 174 178 216 078 176 130 217
0032 133 174 178 216 078 176 130 216
0033 128 171 175 215 079 178 129 217
0034 177 060 213 107 128 171 175 215
0035 178 061 212 106 130 172 173 215
0036 128 172 175 215 179 061 211 104
0037 178 061 212 105 128 172 175 215
0038 128 172 175 215 080 177 129 217
0039 128 172 176 214 080 176 131 216
0040 142 102 189 157 133 175 176 217
0041 120 123 175 172 130 175 174 218
0042 114 134 167 176 078 177 131 216
0043 113 136 164 177 133 176 177 218
0044 114 136 166 177 135 175 177 217
0045 113 136 165 178 134 177 177 217
0046 135 175 179 217 114 138 167 178
0047 134 175 180 216 112 137 166 179
0048 114 135 166 178 133 175 178 217
0049 124 128 173 175 078 178 131 217
0050 138 119 187 170 131 173 177 217
0051 156 118 206 178 130 174 174 217
0052 181 141 227 201 129 174 175 219
0053 198 189 236 235 129 176 174 218
0054 131 176 175 217 078 181 128 220
