0000 189 204 234 239 085 213 118 239
0001 193 200 232 239 085 213 117 239
0002 184 181 233 235 084 213 117 239
0003 172 172 228 224 085 213 118 239
0004 157 150 221 202 081 211 119 239
0005 149 099 210 149 085 213 118 239
0006 172 080 210 128 080 211 119 239
0007 153 092 208 137 081 211 119 239
0008 152 094 212 139 084 214 117 239
0009 165 090 210 134 083 214 117 239
0010 136 107 209 150 085 214 118 239
0011 140 103 209 151 084 214 115 239
0012 142 120 217 162 080 211 118 239
0013 154 151 224 211 084 210 124 239
0014 163 205 226 239 084 211 120 239
0015 087 199 138 239 164 211 229 239
