0011 147 219 188 239 000 000 000 000
0012 153 164 193 201 000 000 000 000
0013 172 115 204 165 000 000 000 000
0014 174 089 205 141 000 000 000 000
0015 164 106 198 146 000 000 000 000
0016 142 117 184 155 000 000 000 000
0017 132 132 177 163 000 000 000 000
0018 137 121 182 156 000 000 000 000
0019 166 095 197 142 000 000 000 000
0020 173 095 202 141 000 000 000 000
0021 158 106 194 149 000 000 000 000
0022 139 126 176 151 000 000 000 000
0023 135 158 175 187 000 000 000 000
0024 127 200 175 237 000 000 000 000
