0000 122 187 168 232 072 184 122 226
0001 122 189 168 233 071 183 126 224
0002 122 188 167 233 068 186 126 227
0003 122 188 168 233 071 184 126 224
0004 123 189 168 233 070 184 126 225
0005 123 189 168 233 072 184 123 225
0006 122 189 167 233 071 183 126 224
0007 122 188 167 232 070 182 125 224
0008 122 189 168 233 070 183 125 225
0009 123 189 167 234 070 184 125 225
0010 122 188 167 234 075 185 123 226
0011 122 188 166 234 075 185 123 226
0012 122 188 167 234 070 184 125 225
0013 122 188 167 234 070 184 126 225
0014 122 188 167 234 070 184 125 225
0015 121 189 167 234 071 184 125 225
0016 119 186 164 229 075 190 125 226
0017 122 189 167 234 070 184 125 225
0018 121 188 167 233 069 185 126 226
0019 121 188 166 233 070 184 125 227
0020 121 188 166 233 070 184 125 226
0021 120 189 166 234 071 184 124 226
0022 120 189 166 233 070 183 124 226
0023 120 189 166 233 070 184 124 226
0024 119 188 166 233 070 182 124 225
0025 120 188 166 233 069 182 124 226
0026 120 188 166 233 068 182 124 226
0027 120 189 165 233 068 182 124 226
0028 120 189 166 233 070 183 124 225
0029 120 189 166 233 069 183 124 225
0030 121 187 164 230 070 184 125 225
0031 121 189 164 232 070 184 125 225
0032 122 190 165 233 070 184 125 225
0033 121 190 164 233 070 184 125 225
0034 120 189 164 234 070 184 124 225
0035 120 188 164 232 070 185 125 225
0036 120 190 165 235 192 187 228 234
0037 120 190 166 235 199 148 234 197
0038 121 188 166 233 196 115 231 167
0039 120 190 166 234 191 092 231 153
0040 121 189 167 234 180 080 224 135
0041 121 189 168 235 178 077 216 134
0042 122 188 166 232 171 078 217 127
0043 122 188 166 232 068 183 121 227
0044 123 189 166 233 071 182 126 223
0045 122 189 166 232 071 183 125 223
0046 122 189 167 233 168 082 210 126
0047 122 189 167 233 071 183 125 224
0048 124 189 167 232 167 097 210 138
0049 123 189 168 234 149 104 193 150
0050 123 189 167 233 133 117 187 164
0051 121 190 166 233 129 124 183 171
0052 121 189 166 234 128 124 182 171
0053 121 190 168 235 124 124 179 173
0054 122 190 166 233 128 124 180 171
0055 122 190 166 233 127 124 179 170
0056 120 189 167 235 127 122 179 171
0057 121 189 166 235 131 120 181 169
0058 120 190 166 234 138 117 191 166
0059 120 188 166 233 153 109 202 162
0060 121 188 167 234 161 104 213 151
0061 121 190 166 234 168 091 218 138
0062 121 188 166 233 178 086 221 135
0063 122 189 167 234 170 081 221 125
0064 122 189 167 234 170 078 219 118
0065 120 189 167 234 170 078 219 114
0066 121 190 166 234 170 075 218 116
0067 122 190 167 234 171 078 214 115
0068 121 188 167 233 169 078 215 115
0069 121 189 166 235 170 080 215 117
0070 121 189 166 234 170 083 216 119
0071 121 189 166 234 171 080 215 116
0072 122 190 167 234 170 093 212 128
0073 123 188 168 233 154 098 200 141
0074 122 189 167 235 141 107 187 154
0075 122 189 167 235 134 114 182 156
0076 122 189 167 235 130 116 181 162
0077 121 190 167 235 125 119 179 162
0078 122 120 175 166 121 188 167 233
0079 121 120 175 167 121 190 167 234
0080 121 119 175 166 120 190 168 235
0081 121 190 167 235 121 119 176 166
0082 122 118 175 166 120 189 167 235
0083 129 121 187 169 120 190 166 234
0084 137 126 195 174 120 188 166 233
0085 156 137 213 193 119 189 165 234
0086 179 178 227 234 121 188 166 234
0087 120 190 165 234 068 186 123 227
0088 121 190 165 234 071 185 124 226
0089 121 190 165 234 071 186 124 227
0090 120 188 165 234 070 188 122 229
0091 121 188 166 235 070 186 125 226
0092 120 189 166 234 070 185 125 227
0093 120 188 165 234 070 184 125 226
0094 118 189 164 233 070 184 124 227
0095 119 189 165 233 070 185 121 227
0096 120 189 166 235 071 185 121 227
