0000 085 223 118 239 000 000 000 000
0001 088 224 117 239 000 000 000 000
0002 088 223 116 239 000 000 000 000
0003 088 223 117 239 000 000 000 000
0004 088 224 118 239 000 000 000 000
0005 088 224 116 239 158 225 194 239
0006 152 214 193 238 088 222 119 239
0007 147 177 194 223 088 222 119 239
0008 150 131 198 180 084 222 119 238
0009 154 100 201 152 088 222 118 239
0010 153 080 205 130 088 222 117 239
0011 153 068 202 122 083 222 116 237
0012 156 065 200 115 089 223 119 239
0013 153 065 200 116 087 222 118 239
0014 152 071 193 117 082 222 116 237
0015 149 076 192 120 081 222 116 237
0016 150 081 198 129 082 223 114 237
0017 149 085 196 135 090 224 118 239
0018 143 083 191 130 088 225 117 239
0019 143 084 192 129 085 223 113 239
0020 146 085 194 124 085 223 113 239
0021 153 073 201 122 086 223 116 239
0022 155 070 199 111 087 223 117 239
0023 154 072 198 115 084 223 114 239
0024 155 075 200 118 087 222 119 239
0025 152 081 197 122 088 222 119 239
0026 142 104 202 151 088 223 119 239
0027 148 154 208 197 089 222 119 239
0028 154 178 216 226 088 224 119 239
0029 157 215 206 238 089 224 119 239
0030 082 223 115 237 062 198 105 235
0031 081 223 115 237 000 000 000 000
0032 080 222 114 237 062 201 108 236
0033 081 222 114 237 000 000 000 000
