0000 159 154 220 209 092 211 136 239
0001 154 093 215 137 092 211 136 239
0002 162 073 213 110 092 211 136 239
0003 168 071 212 110 092 211 136 239
0004 151 080 203 119 091 211 136 239
0005 152 079 208 117 091 210 136 239
0006 167 071 210 111 092 211 137 239
0007 157 080 205 118 092 211 136 238
0008 148 079 200 120 092 211 137 239
0009 146 085 201 125 092 211 137 239
0010 147 082 202 129 092 211 137 239
0011 144 109 210 160 092 211 137 239
0012 145 150 208 206 090 211 136 239
0013 161 197 213 239 090 211 136 239
0014 090 210 137 239 170 212 217 239
0015 090 210 136 239 168 214 214 239
0016 090 210 136 239 168 216 214 239
0017 090 210 136 239 168 217 215 239
0018 090 210 136 239 172 218 215 237
0019 090 210 136 239 173 218 215 237
0020 091 210 136 239 173 218 215 237
0021 091 210 136 239 172 218 215 237
0022 091 210 136 239 173 218 215 238
0023 091 210 137 239 172 218 215 238
0024 092 212 137 239 169 215 214 239
0025 092 212 137 239 168 215 214 239
0026 092 212 137 239 169 215 213 239
