0000 001 221 035 239 197 208 230 238
0001 005 210 045 239 199 214 229 239
0002 014 195 069 234 198 213 229 239
0003 048 195 101 235 198 214 228 239
0004 061 209 114 239 193 214 227 239
0005 059 204 098 238 193 213 231 237
0006 196 209 230 238 000 000 000 000
0007 066 212 097 239 000 000 000 000
0008 066 209 098 239 000 000 000 000
0009 067 212 097 239 000 000 000 000
0010 068 207 100 238 000 000 000 000
0012 068 210 103 238 000 000 000 000
0013 067 209 103 238 173 211 227 235
0014 185 168 235 223 068 210 104 239
0015 188 122 240 182 067 208 105 239
0016 191 089 236 149 000 000 000 000
0017 191 067 233 132 067 206 108 237
0018 181 055 227 118 067 210 103 239
0019 180 045 225 112 067 208 102 237
0020 181 041 222 110 067 209 103 239
0021 177 040 216 100 000 000 000 000
0022 175 036 218 099 069 211 103 239
0023 175 034 216 100 065 209 108 238
0024 176 040 220 102 068 210 103 239
0025 176 037 216 100 069 211 103 239
0026 176 037 217 102 070 207 105 237
0027 178 034 215 098 070 212 103 239
0028 173 035 217 098 070 211 103 239
0029 179 033 222 094 065 208 107 238
0030 180 032 225 094 070 211 103 239
0031 181 033 224 093 070 207 107 237
0032 181 035 226 094 070 212 103 239
0033 180 035 227 097 069 211 104 239
0034 180 045 227 107 065 209 107 238
0035 180 065 226 126 069 212 103 239
0036 176 094 219 147 067 209 104 238
0037 171 174 227 234 067 209 103 238
0038 184 207 235 239 068 204 102 238
0039 064 209 096 238 197 206 236 235
0040 063 205 102 236 187 209 232 238
0041 168 201 234 236 162 209 193 232
0042 170 178 234 226 068 209 100 239
0043 174 156 228 197 000 000 000 000
0044 176 141 230 183 000 000 000 000
0045 180 112 237 159 000 000 000 000
0046 181 095 239 144 000 000 000 000
0047 188 074 241 133 000 000 000 000
0048 182 056 236 110 065 209 101 239
0049 186 045 240 103 067 211 101 239
0050 185 036 241 095 066 211 102 239
0051 188 029 243 091 067 210 101 239
0052 187 029 243 089 066 208 099 236
0053 183 036 244 094 066 209 099 237
0054 184 058 242 108 067 212 100 239
0055 189 092 243 137 068 211 101 239
0056 177 128 239 161 068 211 099 239
0057 182 160 246 211 068 209 099 238
0058 178 186 241 236 066 207 105 239
0059 170 190 231 237 064 204 106 236
0060 165 192 227 239 061 203 107 236
0061 149 184 214 239 061 198 103 234
0062 133 176 196 235 078 218 128 239
0063 126 156 194 216 074 209 130 239
0064 075 197 131 238 130 142 194 193
0065 077 182 131 231 131 140 203 190
0066 078 173 132 224 138 145 206 199
0067 079 169 132 220 141 145 205 207
0068 080 172 130 223 133 146 201 202
0069 084 176 137 228 115 128 188 176
0070 085 175 140 225 129 111 200 162
0071 145 112 206 174 084 169 139 219
0072 081 162 133 215 145 110 199 177
0073 083 164 136 217 153 094 206 147
0074 085 166 139 217 152 073 225 117
0075 083 164 138 216 189 073 234 122
0076 083 167 138 218 181 078 237 130
0077 083 169 139 219 193 040 254 081
0078 082 170 137 222 236 015 282 064
0079 080 175 136 225 251 017 297 064
0080 081 177 138 223 261 013 306 064
0081 081 175 138 223 265 015 309 061
0082 080 178 137 227 256 027 295 068
0083 080 184 134 233 258 051 288 097
0084 079 184 133 235 242 093 290 147
0085 081 184 133 233 204 144 263 197
0086 078 181 136 228 180 164 244 214
0087 171 167 230 218 077 177 130 223
0088 072 173 130 216 159 161 222 204
