0000 005 221 039 239 203 209 236 236
0001 005 199 050 236 000 000 000 000
0002 025 198 072 235 000 000 000 000
0003 052 205 096 236 198 208 236 239
0004 057 203 090 237 000 000 000 000
0005 058 208 094 235 000 000 000 000
0006 060 208 098 239 000 000 000 000
0007 065 208 095 239 000 000 000 000
0010 063 212 097 239 000 000 000 000
0011 063 212 098 239 000 000 000 000
0012 066 209 097 238 000 000 000 000
0013 066 209 097 238 000 000 000 000
0014 067 209 097 239 000 000 000 000
0015 066 209 097 239 000 000 000 000
0016 170 208 220 239 066 208 098 239
0017 172 171 212 233 067 209 097 239
0018 173 144 205 198 067 209 097 239
0019 176 111 205 166 064 211 096 239
0020 179 076 210 138 064 211 097 239
0021 181 058 214 119 064 211 097 239
0022 178 039 212 104 065 211 097 239
0023 174 038 212 097 064 208 097 239
0024 179 032 214 096 066 207 097 238
0025 178 032 215 091 068 207 097 238
0026 180 032 209 086 067 207 098 238
0027 173 032 211 086 067 205 097 234
0028 172 031 211 086 066 207 097 239
0029 177 030 204 082 066 207 097 238
0030 172 033 209 086 067 205 097 234
0031 176 035 204 086 067 205 097 234
0032 066 205 097 235 171 036 207 086
0033 177 039 208 086 067 206 098 238
0034 175 039 206 092 066 206 098 238
0035 177 035 210 092 066 207 097 239
0036 177 027 211 084 065 207 095 237
0037 175 018 215 075 065 206 097 238
0038 174 012 220 074 065 207 097 239
0039 171 013 221 075 061 207 099 238
0040 170 014 212 077 065 207 097 239
0041 162 032 206 089 065 207 097 238
0042 062 208 099 238 157 058 216 104
0043 061 207 099 238 147 078 195 122
0044 134 101 207 135 061 208 099 238
0045 137 116 208 150 062 208 099 238
0046 129 130 206 170 062 209 099 238
0047 130 137 204 181 062 209 099 237
0048 127 145 203 185 065 208 096 237
0049 128 145 201 192 065 207 096 237
0050 127 150 201 192 062 209 099 237
0051 127 150 202 194 060 210 098 239
0052 127 145 201 188 061 209 099 237
0053 128 141 195 182 066 208 097 237
0054 128 144 200 177 062 211 099 239
0055 126 141 196 176 062 208 098 237
0056 124 138 191 182 065 206 102 237
0057 125 142 194 188 060 198 105 233
0058 092 197 141 239 128 142 198 196
0059 145 136 200 201 091 178 144 225
0060 087 169 141 212 146 129 196 196
0061 086 171 144 215 136 108 195 167
0062 090 159 152 203 150 099 200 155
0063 088 153 145 199 159 111 203 185
0064 087 155 143 199 149 111 196 179
0065 092 156 148 201 124 095 195 142
0066 091 155 151 199 145 090 209 142
0067 090 147 150 194 164 101 212 177
0068 088 150 146 196 147 092 207 147
0069 092 151 153 195 150 081 224 127
0070 090 151 148 197 175 088 228 151
0071 088 153 148 197 174 073 239 124
0072 088 153 151 197 184 062 247 110
0073 087 154 151 199 207 068 255 119
0074 089 156 149 200 202 063 254 111
0075 211 047 267 092 088 158 148 202
0076 088 156 150 201 211 057 274 101
0077 087 160 150 203 219 049 276 098
0078 229 057 285 107 086 163 145 207
0079 083 164 144 209 229 073 284 124
0080 081 168 138 213 236 100 281 152
0081 071 172 130 217 223 149 266 187
0082 061 176 117 221 215 199 261 239
0083 044 179 093 221 000 000 000 000
0084 015 189 064 234 199 206 234 239
0085 002 202 043 237 000 000 000 000
0086 001 211 040 238 000 000 000 000
0087 002 213 038 239 000 000 000 000
0088 002 213 037 238 000 000 000 000
0089 006 222 038 239 000 000 000 000
0090 003 221 036 239 000 000 000 000
