0000 154 170 202 239 057 222 104 239
0001 145 139 193 203 057 222 104 239
0002 132 107 187 157 057 222 104 239
0003 117 090 190 125 057 222 104 239
0004 136 060 191 105 057 221 103 239
0005 179 040 216 095 061 223 103 238
0006 190 026 216 087 058 221 103 239
0007 185 026 224 093 057 221 103 239
0008 181 038 236 099 057 221 102 239
0009 178 031 247 089 057 221 102 239
0010 179 017 245 077 057 221 102 239
0011 183 016 242 073 179 010 209 040
0012 171 038 231 081 057 221 102 239
0013 133 050 213 094 057 221 102 239
0014 138 048 206 096 056 221 102 239
0015 132 049 208 094 056 221 104 239
0016 058 206 114 239 130 056 198 103
0017 062 177 122 231 127 093 196 141
0018 065 151 114 203 115 133 192 177
0019 061 149 110 204 117 131 191 176
0020 117 129 192 174 061 145 112 204
0021 126 132 195 181 060 150 114 206
0022 060 151 114 207 125 130 196 178
0023 132 133 198 183 060 152 114 207
0024 134 132 205 180 059 149 115 213
0025 147 133 212 180 063 154 122 213
0026 059 153 117 208 152 135 219 182
0027 164 130 227 177 062 154 116 209
0028 061 157 114 211 167 133 234 183
0029 178 135 240 184 060 158 116 213
0030 058 158 116 213 184 142 242 192
0031 197 148 256 193 057 156 108 214
0032 206 152 259 198 055 157 115 217
0033 213 152 265 202 056 156 115 216
0034 219 152 271 204 057 158 108 217
0035 218 152 273 204 056 157 114 217
0036 217 152 270 203 058 159 107 217
0037 197 148 256 196 060 168 115 223
0038 064 185 125 235 179 152 241 203
0039 171 162 233 219 073 204 135 237
0040 169 169 229 224 077 206 136 239
0041 167 169 227 224 074 204 137 238
0042 167 170 226 225 076 201 138 236
0043 166 170 224 229 083 197 141 238
0044 165 175 221 231 083 198 144 238
0045 164 176 221 232 083 199 144 238
0046 164 177 221 232 082 201 144 239
0047 165 178 223 232 083 203 144 238
0048 165 176 223 232 085 204 144 238
