0000 108 221 142 239 000 000 000 000
0001 105 222 143 239 000 000 000 000
0002 108 222 143 239 000 000 000 000
0003 109 222 142 239 000 000 000 000
0004 108 221 142 239 000 000 000 000
0005 106 224 145 239 000 000 000 000
0006 105 224 146 239 000 000 000 000
0007 105 223 145 239 000 000 000 000
0008 106 223 145 239 000 000 000 000
0009 106 224 145 239 000 000 000 000
0010 105 224 145 239 000 000 000 000
0011 106 221 146 239 000 000 000 000
0012 105 221 145 239 000 000 000 000
0013 105 218 143 239 000 000 000 000
0014 107 216 142 239 000 000 000 000
0015 104 213 140 237 168 223 199 239
0016 099 209 139 237 166 221 204 239
0017 099 209 138 237 178 217 215 237
0018 187 204 217 238 098 210 133 236
0019 098 208 136 237 181 148 219 191
0020 156 083 200 132 101 208 135 238
0021 162 084 205 130 099 204 137 236
0022 158 098 207 151 100 203 138 237
0023 097 203 137 239 155 122 203 160
0024 158 103 199 143 099 200 133 234
0025 154 070 201 122 099 200 135 234
0026 163 088 207 125 100 199 122 230
0027 156 106 210 150 100 201 135 234
0028 166 131 215 168 098 209 133 237
0029 097 211 137 237 189 124 235 175
0030 235 110 279 161 099 216 137 239
0031 238 101 290 149 099 219 137 239
0032 236 060 275 112 102 222 132 239
0033 218 041 242 101 099 221 134 239
0034 194 034 219 088 099 221 132 239
0035 166 038 205 088 098 222 133 239
0036 150 053 195 094 096 224 130 239
0037 142 070 188 098 099 222 130 239
0038 143 073 186 104 096 223 131 239
0039 149 078 197 113 095 222 129 239
0040 148 091 203 126 100 223 129 239
0041 152 108 203 143 099 223 130 239
0042 149 126 207 162 099 222 130 239
0043 142 135 191 181 101 223 134 239
0044 146 170 195 209 098 222 139 239
0045 147 185 190 224 101 221 137 239
0046 142 198 190 237 098 211 128 237
0047 151 190 190 228 099 195 136 228
0048 100 169 145 203 154 144 205 182
0049 109 151 152 183 154 123 207 156
0050 110 138 154 177 149 106 199 136
0051 113 135 156 171 149 108 204 140
0052 113 132 157 170 157 095 209 130
0053 114 132 158 169 154 090 209 122
0054 116 126 163 169 147 090 208 121
0055 113 125 161 169 169 091 220 128
0056 113 125 164 170 158 094 209 127
0057 123 123 169 164 151 088 211 121
0058 117 123 163 169 172 092 224 126
0059 117 125 163 169 165 093 214 131
0060 117 128 163 170 152 087 216 119
0061 117 132 164 172 162 095 226 128
0062 116 144 162 181 188 119 234 155
0063 112 171 158 208 178 171 224 228
0064 159 196 208 236 108 193 153 229
0065 107 210 141 239 162 214 200 239
0066 108 217 140 239 166 224 199 239
0067 106 218 145 239 167 224 197 239
0068 104 220 149 239 167 224 197 239
0069 104 221 149 239 165 223 198 239
0070 109 223 141 239 165 223 197 239
0071 106 220 147 239 165 223 197 239
0072 104 222 143 239 000 000 000 000
