0000 063 204 098 237 000 000 000 000
0001 061 205 098 237 000 000 000 000
0002 061 205 098 237 000 000 000 000
0003 062 206 099 237 000 000 000 000
0004 061 206 097 237 000 000 000 000
0005 062 207 097 237 000 000 000 000
0006 047 194 090 239 000 000 000 000
0007 033 187 065 225 000 000 000 000
0008 001 150 045 222 000 000 000 000
0009 000 127 025 187 000 000 000 000
0010 000 094 027 161 000 000 000 000
0011 000 078 025 145 000 000 000 000
0012 000 055 033 118 000 000 000 000
0013 000 033 042 102 000 000 000 000
0014 001 014 053 092 000 000 000 000
0015 011 007 070 089 000 000 000 000
0016 034 005 084 083 000 000 000 000
0017 044 006 097 081 000 000 000 000
0018 060 012 108 086 000 000 000 000
0019 075 021 112 093 000 000 000 000
0020 087 033 117 102 000 000 000 000
0021 085 046 125 113 000 000 000 000
0022 083 063 129 131 000 000 000 000
0023 085 079 136 152 000 000 000 000
0024 080 094 136 173 000 000 000 000
0025 082 100 143 181 000 000 000 000
0026 079 099 137 178 000 000 000 000
0027 081 092 129 155 000 000 000 000
0028 057 071 126 129 000 000 000 000
0029 046 034 118 104 000 000 000 000
0030 040 026 118 098 000 000 000 000
0031 043 035 126 102 000 000 000 000
0032 053 069 126 123 000 000 000 000
0033 063 102 132 152 000 000 000 000
0034 066 106 135 156 000 000 000 000
0035 066 106 136 157 000 000 000 000
0036 069 111 136 158 000 000 000 000
0037 068 107 133 160 000 000 000 000
0038 068 110 135 163 000 000 000 000
0039 082 100 137 161 000 000 000 000
0040 109 097 136 165 000 000 000 000
0041 118 087 164 143 000 000 000 000
0042 127 063 167 126 000 000 000 000
0043 100 034 143 100 000 000 000 000
0044 069 006 108 078 000 000 000 000
0045 037 013 079 072 000 000 000 000
0046 018 044 060 093 000 000 000 000
0047 008 063 055 113 000 000 000 000
0048 000 070 051 118 000 000 000 000
0049 000 071 050 116 000 000 000 000
0050 000 071 050 117 000 000 000 000
0051 000 069 053 117 000 000 000 000
0052 000 070 055 121 000 000 000 000
0053 004 065 060 119 000 000 000 000
0054 001 070 056 118 000 000 000 000
0055 004 067 060 121 000 000 000 000
0056 007 068 057 122 000 000 000 000
0057 005 065 059 123 000 000 000 000
0058 005 064 058 124 173 222 208 239
0059 156 164 205 226 007 062 059 123
0060 148 102 213 167 011 063 059 122
0061 151 089 211 149 010 059 060 123
0062 147 091 217 150 011 058 061 122
0063 012 061 060 122 151 091 214 149
0064 148 093 214 151 010 062 061 122
0065 012 064 061 120 145 095 213 152
0066 014 065 060 118 145 094 215 151
0067 142 095 214 153 018 059 059 119
0068 145 099 212 155 021 061 057 115
0069 143 095 212 154 029 072 075 120
0070 034 066 082 113 147 098 212 154
0071 035 061 079 109 143 094 212 156
0072 031 063 073 114 145 097 211 152
0073 142 096 212 152 029 070 074 122
0074 036 070 084 117 149 092 210 153
0075 038 066 086 114 147 090 207 152
0076 146 093 208 151 037 062 081 112
0077 032 067 081 115 148 094 211 151
0078 147 097 212 154 044 079 101 123
0079 056 070 112 114 149 093 210 152
0080 061 057 117 103 148 092 210 151
0081 151 093 209 152 064 044 115 093
0082 149 091 214 156 061 051 114 105
0083 150 091 213 156 060 073 116 125
0084 154 096 213 158 064 108 129 158
0085 077 106 136 151 158 097 213 158
0086 153 102 210 161 086 083 141 130
0087 159 098 216 158 094 064 146 112
0088 160 097 219 161 103 047 150 096
0089 104 044 154 094 161 097 217 157
0090 164 097 217 157 098 073 160 127
0091 165 096 219 158 088 115 153 171
0092 163 097 220 160 082 155 145 203
0093 158 100 216 163 088 150 146 200
0094 156 102 213 166 098 105 152 150
0095 157 104 215 168 104 055 159 107
0096 155 105 214 162 109 009 161 059
0097 154 103 213 156 113 005 157 051
0098 159 098 217 160 096 032 144 094
0099 161 097 217 158 076 136 131 198
0100 163 099 218 158 080 180 141 238
0101 162 101 215 156 091 169 147 224
0102 166 099 218 159 109 111 163 160
0103 114 057 167 111 162 104 219 161
0104 161 100 217 161 116 014 165 061
0105 115 004 165 053 162 101 216 158
0106 109 039 165 100 159 101 216 155
0107 165 103 214 161 098 104 150 167
0108 159 105 217 166 092 154 156 204
0109 157 105 215 167 092 156 158 207
0110 152 105 213 166 101 139 159 186
0111 155 107 209 167 103 129 157 173
0112 100 135 162 179 153 107 213 167
0113 154 109 211 170 104 140 161 186
0114 152 110 211 171 098 139 157 186
0115 151 112 211 171 097 143 158 189
0116 152 117 209 176 093 146 151 192
0117 083 157 145 206 163 137 212 196
0118 074 177 130 231 174 166 226 225
0119 059 202 104 239 180 192 222 235
