0003 083 224 118 239 000 000 000 000
0004 081 213 132 239 000 000 000 000
0005 073 191 132 233 000 000 000 000
0006 080 170 129 207 000 000 000 000
0007 071 140 125 181 000 000 000 000
0008 078 122 127 165 000 000 000 000
0009 078 107 132 150 000 000 000 000
0010 080 095 133 142 000 000 000 000
0011 078 086 131 136 000 000 000 000
0012 079 083 132 130 000 000 000 000
0013 077 085 135 131 000 000 000 000
0014 081 087 141 128 000 000 000 000
0015 077 089 137 128 000 000 000 000
0016 078 090 141 130 000 000 000 000
0017 079 088 140 130 000 000 000 000
0018 083 088 143 130 000 000 000 000
0019 080 087 146 130 000 000 000 000
0020 080 091 142 131 000 000 000 000
0021 082 087 144 130 253 088 310 119
0022 084 086 142 130 257 086 312 118
0023 081 089 143 129 255 086 307 116
0024 077 084 144 131 253 085 309 119
0025 083 086 142 127 000 000 000 000
0026 084 084 146 124 261 083 309 119
0027 082 084 143 126 260 083 311 116
0028 080 085 143 126 000 000 000 000
0029 083 085 142 126 257 090 306 116
0030 083 085 142 127 257 085 307 119
0031 085 085 139 128 253 090 303 118
0032 087 093 145 135 257 085 307 120
0033 093 124 141 170 252 089 304 117
0034 089 190 142 235 252 089 304 118
0035 259 087 307 117 000 000 000 000
0036 253 087 307 119 000 000 000 000
0037 252 086 308 119 000 000 000 000
0038 254 086 307 119 000 000 000 000
0039 254 087 306 119 000 000 000 000
0040 254 090 303 118 000 000 000 000
