0000 189 219 266 238 000 000 000 000
0001 194 222 257 239 000 000 000 000
0002 184 224 245 239 000 000 000 000
0007 192 197 288 238 177 208 217 235
0008 187 147 296 214 000 000 000 000
0009 178 102 277 155 000 000 000 000
0010 179 079 273 136 000 000 000 000
0011 170 073 281 133 000 000 000 000
0012 170 070 267 129 000 000 000 000
0013 164 068 278 129 000 000 000 000
0014 170 066 281 130 000 000 000 000
0015 169 069 279 128 000 000 000 000
0016 164 067 282 125 000 000 000 000
0017 162 066 281 123 000 000 000 000
0018 169 067 266 119 000 000 000 000
0019 170 066 271 118 000 000 000 000
0020 168 066 279 124 000 000 000 000
0021 179 082 271 144 000 000 000 000
0022 174 125 282 191 000 000 000 000
0023 163 183 265 239 000 000 000 000
