0010 153 214 188 238 000 000 000 000
0011 170 208 212 238 000 000 000 000
0012 184 181 239 229 000 000 000 000
0013 197 150 254 198 000 000 000 000
0014 201 125 263 169 000 000 000 000
0015 200 108 262 151 000 000 000 000
0016 201 096 259 139 000 000 000 000
0017 202 093 258 138 000 000 000 000
0018 201 089 260 135 000 000 000 000
0019 202 086 263 131 000 000 000 000
0020 203 084 265 129 000 000 000 000
0021 200 084 260 129 000 000 000 000
0022 201 085 259 129 000 000 000 000
0023 197 084 266 131 000 000 000 000
0024 199 086 260 132 000 000 000 000
0025 199 086 260 133 000 000 000 000
0026 201 088 259 135 000 000 000 000
0027 201 087 260 133 000 000 000 000
0028 203 084 263 133 000 000 000 000
0029 202 087 259 133 000 000 000 000
0030 202 087 259 133 000 000 000 000
0031 201 085 260 130 000 000 000 000
0032 199 085 265 131 000 000 000 000
0033 199 084 265 131 000 000 000 000
0034 204 084 261 132 000 000 000 000
0035 199 087 260 133 000 000 000 000
0036 196 091 256 143 000 000 000 000
0037 197 105 260 155 000 000 000 000
0038 195 132 253 181 000 000 000 000
0039 182 162 234 218 000 000 000 000
0040 162 188 209 239 000 000 000 000
