0003 186 211 233 239 000 000 000 000
0004 196 173 253 212 000 000 000 000
0005 201 133 259 170 000 000 000 000
0006 201 116 259 151 000 000 000 000
0007 199 096 254 130 061 226 097 239
0008 199 093 255 127 061 225 097 239
0009 200 091 252 123 000 000 000 000
0010 194 093 252 126 000 000 000 000
0011 200 093 253 127 000 000 000 000
0012 199 094 255 125 000 000 000 000
0013 200 097 255 130 000 000 000 000
0014 201 103 256 134 000 000 000 000
0015 200 131 256 172 000 000 000 000
0016 196 172 246 222 000 000 000 000
0017 181 214 219 238 000 000 000 000
