0004 078 219 125 239 000 000 000 000
0005 080 192 131 235 000 000 000 000
0006 079 176 130 219 000 000 000 000
0007 075 153 135 191 000 000 000 000
0008 078 132 136 172 000 000 000 000
0009 078 114 136 158 000 000 000 000
0010 078 098 136 144 000 000 000 000
0011 077 094 136 141 289 040 315 070
0012 081 094 138 137 276 073 312 102
0013 080 093 137 135 281 050 319 088
0014 076 090 134 135 278 052 319 085
0015 081 089 136 132 278 057 318 095
0016 078 089 134 133 272 063 319 099
0017 078 088 135 133 275 063 319 102
0018 078 087 134 133 269 063 319 098
0019 083 087 139 130 268 065 318 099
0020 076 089 134 134 269 063 316 097
0021 084 090 139 132 265 066 319 099
0022 081 091 134 133 267 066 318 099
0023 083 093 136 134 265 063 318 099
0024 085 104 139 146 267 063 319 099
0025 086 129 141 171 266 064 319 098
0026 086 188 141 228 271 063 318 099
0027 270 062 318 098 000 000 000 000
0028 266 064 317 099 000 000 000 000
0029 266 067 317 099 000 000 000 000
0030 268 065 317 098 000 000 000 000
