0000 210 154 241 192 000 000 000 000
0001 204 146 245 193 000 000 000 000
0002 206 150 244 195 000 000 000 000
0003 209 149 242 192 000 000 000 000
0004 205 144 245 191 000 000 000 000
0005 205 150 244 194 000 000 000 000
0006 205 150 244 194 000 000 000 000
0007 205 151 244 193 000 000 000 000
0008 205 151 243 192 000 000 000 000
0009 205 150 245 194 000 000 000 000
0010 130 213 170 236 212 150 244 193
0011 214 147 244 187 118 169 188 213
0012 120 134 187 171 212 150 242 192
0013 125 102 183 149 213 146 243 188
0014 131 080 192 118 213 147 245 194
0015 132 067 192 112 212 148 246 196
0016 130 065 195 104 214 155 244 192
0017 128 061 188 109 213 151 245 195
0018 128 062 193 111 214 155 244 191
0019 129 061 192 108 214 153 245 190
0020 132 061 190 110 214 153 244 190
0021 131 059 190 110 213 151 245 194
0022 130 059 193 109 214 152 245 194
0023 128 061 198 100 213 149 245 195
0024 128 063 190 113 209 145 242 192
0025 131 062 194 109 212 149 245 194
0026 131 062 194 110 209 146 242 193
0027 129 061 189 111 209 148 241 192
0028 126 061 189 113 209 146 242 190
0029 127 064 190 114 213 149 245 193
0030 213 147 243 189 155 096 199 132
0031 124 127 172 158 212 150 243 193
0032 212 149 244 191 135 176 183 230
0033 212 149 245 195 128 207 178 239
0034 212 148 244 191 113 216 153 239
0035 211 147 244 192 000 000 000 000
0036 210 147 240 193 000 000 000 000
0037 212 151 242 196 000 000 000 000
0038 212 155 241 190 000 000 000 000
