0002 083 208 131 237 000 000 000 000
0003 104 208 140 239 000 000 000 000
0004 127 214 175 238 000 000 000 000
0005 130 217 175 239 000 000 000 000
0006 130 219 175 239 000 000 000 000
0007 156 216 217 239 134 219 177 239
0008 162 170 215 221 130 222 177 239
0009 164 151 220 205 132 220 176 239
0010 171 125 220 187 131 221 175 239
0011 169 116 220 184 130 221 176 239
0012 167 113 221 173 131 221 175 239
0013 167 100 220 170 131 220 175 239
0014 170 097 218 164 130 220 176 239
0015 173 084 215 153 130 220 175 239
0016 171 074 219 149 130 220 175 239
0017 167 069 215 141 130 220 175 239
0018 170 063 216 140 130 220 175 239
0019 174 058 216 137 130 220 175 239
0020 173 060 217 135 130 220 175 239
0021 173 057 220 136 129 220 176 239
0022 173 061 217 135 129 219 176 239
0023 172 056 221 131 129 220 176 239
0024 173 055 221 137 125 216 169 239
0025 173 053 221 136 128 220 172 238
0026 173 053 222 136 130 219 173 239
0027 176 068 224 143 129 221 173 239
0028 176 107 226 177 129 222 174 239
0029 169 210 220 239 129 223 174 239
0030 129 221 175 239 000 000 000 000
0031 128 223 173 239 000 000 000 000
0032 128 223 173 239 000 000 000 000
0033 129 225 173 239 000 000 000 000
0034 129 224 173 239 000 000 000 000
