0000 177 210 224 239 051 218 082 239
0001 174 193 229 239 052 221 083 239
0002 186 178 237 235 052 215 083 234
0003 177 157 239 222 055 219 087 239
0004 188 126 239 192 056 218 087 238
0005 189 102 242 180 057 220 087 238
0006 194 093 243 163 054 219 084 239
0007 190 068 235 150 054 217 084 237
0008 182 063 229 138 057 218 088 238
0009 181 058 224 135 054 217 085 237
0010 179 056 228 135 058 217 087 237
0011 175 049 233 136 058 216 087 237
0012 177 047 236 133 056 219 086 237
0013 184 046 234 133 050 219 083 239
0014 181 049 235 133 054 219 084 239
0015 183 048 236 133 052 219 084 239
0016 180 054 238 131 052 218 084 239
0017 180 055 237 133 052 218 084 238
0018 180 055 238 132 055 217 087 237
0019 181 050 238 130 053 217 084 238
0020 181 055 240 129 055 217 087 238
0021 185 053 243 128 055 217 087 237
0022 186 051 244 127 055 217 087 238
0023 187 052 245 131 055 217 087 237
0024 187 054 246 132 056 217 087 237
0025 187 053 246 131 054 215 089 239
0026 186 052 246 130 049 219 090 239
0027 186 051 245 127 055 221 096 239
0028 186 052 246 132 052 221 095 239
0029 185 053 244 132 053 221 095 239
0030 183 050 245 133 053 222 094 239
0031 184 051 245 132 056 223 093 238
0032 185 054 245 133 053 223 093 239
0033 185 053 245 133 053 224 093 239
0034 185 054 245 133 053 224 093 239
0035 185 054 245 131 053 224 093 239
0036 186 055 245 131 051 224 096 239
0037 186 054 245 132 050 224 096 239
0038 186 056 244 133 050 224 095 239
0039 186 056 244 135 053 222 095 239
