0001 160 221 202 238 000 000 000 000
0002 164 191 211 239 000 000 000 000
0003 165 164 212 226 000 000 000 000
0004 165 153 215 216 000 000 000 000
0005 170 143 219 204 000 000 000 000
0006 168 134 214 195 000 000 000 000
0007 165 125 216 190 000 000 000 000
0008 165 116 215 179 000 000 000 000
0009 162 105 213 169 000 000 000 000
0010 160 095 210 154 000 000 000 000
0011 157 088 210 148 000 000 000 000
0012 153 084 207 144 000 000 000 000
0013 154 082 205 141 000 000 000 000
0014 153 080 202 139 000 000 000 000
0015 153 078 202 136 000 000 000 000
0016 154 075 202 134 000 000 000 000
0017 154 076 203 137 121 208 168 235
0018 157 075 205 139 121 203 165 233
0019 158 073 205 139 121 204 167 233
0020 155 072 200 133 121 204 166 233
0021 157 070 198 135 120 204 165 236
0022 155 075 205 137 122 204 167 237
0023 159 075 207 137 120 206 166 233
0024 156 077 209 140 000 000 000 000
0025 161 097 204 157 000 000 000 000
0026 158 135 207 197 000 000 000 000
0027 155 173 209 237 000 000 000 000
0028 154 191 208 239 000 000 000 000
0029 155 205 208 239 000 000 000 000
0030 150 210 207 239 000 000 000 000
0031 150 211 206 239 000 000 000 000
0032 152 214 205 239 000 000 000 000
0033 152 215 205 239 000 000 000 000
0034 151 218 203 239 000 000 000 000
