0000 098 198 143 236 046 222 077 238
0001 110 141 155 195 047 221 077 237
0002 125 100 167 153 046 221 078 237
0003 136 065 181 122 047 224 077 239
0004 140 054 185 114 046 222 078 237
0005 142 052 185 111 046 222 079 237
0006 141 048 187 111 046 222 078 237
0007 141 049 186 110 045 222 078 237
0008 140 049 185 109 047 225 078 239
0009 138 047 184 109 047 225 078 239
0010 139 045 184 108 044 222 079 237
0011 139 046 184 108 044 222 079 237
0012 141 046 187 108 045 222 078 238
0013 139 044 182 106 045 222 078 238
0014 142 047 185 106 045 221 078 237
0015 142 047 186 106 045 221 078 237
0016 142 047 186 106 046 224 077 239
0017 142 046 186 106 048 224 076 239
0018 141 046 186 107 047 224 076 239
0019 141 045 185 105 045 221 079 238
0020 142 045 185 105 045 222 079 238
0021 142 045 185 105 046 222 079 238
0022 142 044 184 104 046 222 079 238
0023 142 042 185 104 046 222 079 238
0024 141 043 184 104 045 223 078 238
0025 141 042 184 105 045 223 079 238
0026 140 051 185 111 048 223 078 239
0027 131 100 175 150 045 223 079 238
0028 119 151 159 199 045 223 079 238
0029 101 203 151 239 045 223 079 238
0030 045 223 079 238 000 000 000 000
0031 045 223 079 238 000 000 000 000
0032 046 223 080 238 000 000 000 000
0033 045 222 080 238 000 000 000 000
