0000 157 221 202 239 000 000 000 000
0001 158 222 201 239 000 000 000 000
0002 157 223 200 239 000 000 000 000
0003 158 224 197 239 000 000 000 000
0004 157 224 199 239 000 000 000 000
0005 159 222 197 239 000 000 000 000
0006 160 220 201 239 000 000 000 000
0007 159 218 201 239 000 000 000 000
0008 159 216 202 239 000 000 000 000
0009 159 219 203 239 000 000 000 000
0010 157 206 205 239 000 000 000 000
0011 159 182 207 236 000 000 000 000
0012 163 139 212 207 000 000 000 000
0013 164 104 213 172 000 000 000 000
0014 169 080 214 146 000 000 000 000
0015 164 064 213 128 000 000 000 000
0016 166 056 213 123 120 208 163 236
0017 164 053 212 120 118 208 163 237
0018 163 051 211 118 119 208 167 233
0019 165 048 208 119 119 207 169 233
0020 163 052 210 117 000 000 000 000
0021 163 051 210 118 000 000 000 000
0022 164 052 212 119 000 000 000 000
0023 165 055 215 123 000 000 000 000
0024 166 082 212 140 000 000 000 000
0025 162 143 208 199 000 000 000 000
0026 155 176 210 230 000 000 000 000
0027 156 216 204 237 000 000 000 000
0031 163 222 191 239 000 000 000 000
0032 164 216 201 239 000 000 000 000
0033 165 216 198 239 000 000 000 000
0034 165 216 199 239 000 000 000 000
0035 164 216 202 239 000 000 000 000
0036 162 219 197 237 000 000 000 000
0037 162 222 202 239 000 000 000 000
