0011 172 193 223 238 000 000 000 000
0012 174 162 226 223 000 000 000 000
0013 173 137 222 196 000 000 000 000
0014 168 112 220 180 000 000 000 000
0015 170 104 221 172 000 000 000 000
0016 164 089 216 166 000 000 000 000
0017 166 081 214 154 000 000 000 000
0018 165 071 212 145 000 000 000 000
0019 168 058 211 136 000 000 000 000
0020 169 050 216 134 000 000 000 000
0021 171 051 214 129 000 000 000 000
0022 171 052 217 130 000 000 000 000
0023 176 052 218 133 000 000 000 000
0024 176 050 221 133 000 000 000 000
0025 177 053 219 130 000 000 000 000
0026 179 047 220 127 000 000 000 000
0027 180 047 219 131 000 000 000 000
0028 177 059 226 135 000 000 000 000
0029 182 084 225 158 000 000 000 000
0030 176 131 225 197 000 000 000 000
0031 166 204 226 239 000 000 000 000
