0002 105 210 143 237 000 000 000 000
0003 105 141 144 195 000 000 000 000
0004 106 109 152 170 000 000 000 000
0005 104 082 153 148 000 000 000 000
0006 107 070 152 138 000 000 000 000
0007 108 070 154 135 000 000 000 000
0008 106 069 154 134 000 000 000 000
0009 107 072 155 133 000 000 000 000
0010 107 072 154 136 000 000 000 000
0011 107 068 155 131 000 000 000 000
0012 107 069 156 133 000 000 000 000
0013 106 070 156 136 000 000 000 000
0014 106 069 156 136 000 000 000 000
0015 106 071 154 137 000 000 000 000
0016 105 071 155 138 000 000 000 000
0017 106 072 155 133 000 000 000 000
0018 105 072 156 138 000 000 000 000
0019 105 075 157 144 000 000 000 000
0020 098 105 153 168 000 000 000 000
0021 093 157 142 208 000 000 000 000
0022 107 215 147 239 000 000 000 000
