0008 165 208 214 239 000 000 000 000
0009 176 173 222 233 000 000 000 000
0010 179 125 228 195 000 000 000 000
0011 185 087 235 161 000 000 000 000
0012 192 064 238 144 123 209 164 236
0013 190 057 240 138 121 209 167 238
0014 194 049 237 127 126 211 166 233
0015 195 048 239 128 125 208 166 237
0016 190 046 242 128 126 211 167 234
0017 195 048 239 125 126 210 166 233
0018 190 045 243 126 120 207 166 231
0019 196 050 240 127 126 210 167 233
0020 195 056 239 138 124 208 167 237
0021 191 076 239 146 121 209 167 232
0022 179 134 227 203 000 000 000 000
0023 171 186 208 234 000 000 000 000
0024 159 216 203 239 000 000 000 000
0025 163 225 204 239 000 000 000 000
