0000 142 195 181 239 000 000 000 000
0001 141 148 180 180 000 000 000 000
0002 133 085 177 138 000 000 000 000
0003 136 073 181 126 000 000 000 000
0004 134 061 175 110 000 000 000 000
0005 135 062 176 105 000 000 000 000
0006 138 058 176 101 000 000 000 000
0007 137 058 177 104 000 000 000 000
0008 137 057 178 104 000 000 000 000
0009 138 057 180 104 000 000 000 000
0010 136 060 177 104 000 000 000 000
0011 132 058 174 106 000 000 000 000
0012 133 064 177 114 000 000 000 000
0013 133 104 179 145 073 212 117 239
0014 133 161 184 205 080 203 118 236
0015 139 188 179 238 087 204 128 238
0016 143 203 183 238 088 204 128 238
0017 090 205 132 239 142 207 183 238
0018 092 207 130 239 145 208 180 237
0019 093 208 131 237 139 207 181 239
0020 092 208 129 237 137 209 179 239
0021 091 207 130 239 141 209 180 238
0022 089 210 128 239 140 210 184 239
0023 140 210 183 239 078 205 115 239
0024 141 210 182 239 073 209 116 239
0025 139 212 180 239 071 213 116 239
0026 138 213 181 239 065 212 103 238
0027 140 213 180 239 064 217 103 239
0028 137 215 179 239 066 214 100 236
0029 141 213 181 239 066 217 100 239
0030 065 215 104 239 142 214 181 239
0031 062 214 103 239 139 216 180 239
0032 141 216 181 239 062 216 099 239
0033 140 216 181 239 062 216 100 237
0034 065 215 104 239 142 216 181 239
0035 141 214 182 239 062 212 100 239
0036 141 215 182 239 068 217 100 238
0037 142 215 182 239 066 214 103 239
0038 141 215 182 239 066 214 103 239
0039 065 214 103 239 139 214 175 239
0040 141 215 182 239 066 215 104 239
0041 141 215 182 239 069 217 101 238
0042 141 215 182 239 066 214 104 239
0043 140 215 183 239 066 213 104 239
0044 066 213 104 238 140 211 177 234
0045 141 214 182 239 064 216 098 236
0046 069 218 103 238 139 214 180 239
0047 140 215 180 239 063 215 107 236
0048 068 218 110 239 137 214 178 239
0049 069 218 110 239 141 215 180 239
0050 067 219 109 239 139 213 175 239
0051 070 215 112 234 141 214 180 239
0052 069 218 111 239 140 214 180 239
0053 070 215 112 234 139 213 175 239
0054 070 216 112 234 141 211 177 234
0055 140 215 182 239 068 219 108 239
0056 141 214 182 239 071 224 109 239
0057 143 216 182 239 000 000 000 000
0058 144 215 181 239 000 000 000 000
0059 142 216 180 239 000 000 000 000
0060 141 215 180 239 000 000 000 000
0061 141 215 180 239 000 000 000 000
0062 141 215 180 239 000 000 000 000
0063 141 214 180 239 000 000 000 000
0064 141 215 180 239 000 000 000 000
0065 141 214 180 239 000 000 000 000
0066 142 215 180 239 000 000 000 000
0067 140 215 179 237 000 000 000 000
0068 140 215 179 237 000 000 000 000
0069 142 216 181 239 000 000 000 000
0070 140 215 179 237 000 000 000 000
0071 141 213 180 239 000 000 000 000
0072 142 214 180 239 000 000 000 000
0073 142 214 181 239 000 000 000 000
0074 143 215 180 239 000 000 000 000
0075 142 214 180 239 000 000 000 000
0076 142 214 180 239 000 000 000 000
0077 142 214 180 239 000 000 000 000
0078 142 214 180 239 000 000 000 000
0079 143 215 183 239 000 000 000 000
0080 142 214 179 239 000 000 000 000
0081 143 214 180 239 000 000 000 000
0082 142 214 180 239 000 000 000 000
0083 141 214 180 239 000 000 000 000
0084 141 215 180 239 000 000 000 000
0085 141 214 180 239 000 000 000 000
0086 141 214 180 239 000 000 000 000
0087 141 214 180 239 000 000 000 000
