0008 057 212 097 239 000 000 000 000
0009 075 203 118 239 000 000 000 000
0010 082 215 126 239 000 000 000 000
0011 137 220 173 239 000 000 000 000
0012 126 191 178 239 000 000 000 000
0013 130 164 183 214 000 000 000 000
0014 135 135 186 177 000 000 000 000
0015 141 110 188 157 000 000 000 000
0016 152 085 196 137 000 000 000 000
0017 158 071 197 130 000 000 000 000
0018 158 060 199 120 000 000 000 000
0019 159 062 199 114 000 000 000 000
0020 159 057 202 117 000 000 000 000
0021 160 060 204 117 000 000 000 000
0022 160 060 205 118 000 000 000 000
0023 160 059 206 120 000 000 000 000
0024 162 061 206 116 000 000 000 000
0025 161 061 203 119 000 000 000 000
0026 161 059 207 118 000 000 000 000
0027 161 062 206 120 000 000 000 000
0028 161 062 205 119 000 000 000 000
0029 161 058 199 118 000 000 000 000
0030 160 061 205 118 000 000 000 000
0031 162 064 201 121 000 000 000 000
0032 157 073 195 124 000 000 000 000
0033 149 089 194 133 000 000 000 000
0034 145 104 191 148 000 000 000 000
0035 130 126 185 169 000 000 000 000
0036 122 151 175 202 000 000 000 000
0037 117 189 176 237 000 000 000 000
0038 123 218 171 239 000 000 000 000
