0010 126 203 185 238 000 000 000 000
0011 130 172 175 212 000 000 000 000
0012 131 147 170 194 000 000 000 000
0013 128 122 179 170 000 000 000 000
0014 137 120 176 163 000 000 000 000
0015 132 109 176 152 000 000 000 000
0016 129 104 172 151 000 000 000 000
0017 129 101 173 143 000 000 000 000
0018 125 100 174 145 000 000 000 000
0019 132 105 173 152 000 000 000 000
0020 131 105 172 150 171 118 194 150
0021 128 104 172 151 000 000 000 000
0022 125 105 173 147 000 000 000 000
0023 124 101 167 145 000 000 000 000
0024 129 099 170 145 000 000 000 000
0025 129 104 170 148 000 000 000 000
0026 127 106 172 153 000 000 000 000
0027 129 101 170 151 000 000 000 000
0028 124 105 170 149 000 000 000 000
0029 126 108 170 150 000 000 000 000
0030 125 104 168 149 000 000 000 000
0031 126 106 171 149 000 000 000 000
0032 126 108 170 156 000 000 000 000
0033 125 104 168 152 000 000 000 000
0034 126 106 170 152 000 000 000 000
0035 125 109 169 154 000 000 000 000
0036 124 105 169 154 000 000 000 000
0037 126 107 168 158 000 000 000 000
0038 125 107 170 155 000 000 000 000
0039 125 107 168 155 000 000 000 000
0040 126 107 171 155 000 000 000 000
0041 124 106 170 153 000 000 000 000
0042 120 115 166 162 000 000 000 000
0043 117 128 171 182 000 000 000 000
0044 127 178 184 234 000 000 000 000
0047 166 221 204 239 000 000 000 000
