0000 077 209 107 237 123 215 159 238
0001 077 209 106 237 123 215 159 238
0002 123 215 159 238 077 207 106 237
0003 078 209 106 237 123 215 159 238
0004 078 209 105 237 123 214 159 238
0005 125 210 162 239 077 209 106 237
0006 130 206 161 239 077 209 105 237
0007 143 182 172 218 077 207 108 236
0008 146 152 180 181 077 209 108 237
0009 160 122 193 165 077 209 108 237
0010 166 116 202 156 077 209 105 237
0011 160 124 202 164 077 209 105 237
0012 154 130 196 170 075 206 107 236
0013 132 144 162 171 076 208 109 239
0014 105 139 142 175 076 208 109 239
0015 078 125 128 163 076 208 108 238
0016 073 112 124 153 076 208 107 237
0017 071 110 120 151 076 208 107 237
0018 075 116 128 152 076 208 107 237
0019 092 127 145 161 076 208 107 237
0020 115 121 159 158 076 208 107 237
0021 076 207 107 237 147 112 184 145
0022 171 100 208 137 077 206 106 235
0023 180 093 222 126 077 207 106 236
0024 182 093 220 127 077 207 106 236
0025 175 099 216 132 076 207 106 236
0026 159 111 202 147 077 207 106 236
0027 077 207 106 236 123 132 160 163
0028 102 134 140 158 077 207 106 236
0029 073 124 119 157 077 207 106 236
0030 059 110 107 149 077 207 108 237
0031 062 106 105 146 077 207 108 237
0032 067 107 112 146 077 207 106 236
0033 084 110 126 147 077 207 106 236
0034 102 118 147 152 074 208 105 239
0035 078 209 106 237 149 121 171 147
0036 077 207 106 237 161 117 190 153
0037 077 207 106 236 165 105 193 148
0038 077 206 106 236 164 108 192 151
0039 078 209 108 237 163 111 189 151
0040 078 209 105 236 159 117 184 154
0041 077 208 108 237 157 134 179 171
0042 077 208 108 237 147 160 172 200
0043 133 191 169 227 077 209 107 236
0044 130 204 161 239 077 209 108 237
0045 125 209 163 239 077 209 108 237
0046 129 214 160 239 077 208 108 237
0047 078 209 108 237 126 210 164 239
0048 128 213 160 236 078 209 105 237
0049 128 211 159 237 078 209 105 237
0050 078 209 105 236 127 214 159 237
0051 128 212 159 238 078 209 105 237
0052 128 212 159 238 078 209 105 236
0053 078 209 105 236 129 212 159 238
0054 128 212 159 238 078 209 105 236
0055 128 212 159 238 078 209 105 236
