0004 175 222 202 239 000 000 000 000
0005 189 203 232 239 000 000 000 000
0006 201 191 249 237 000 000 000 000
0007 204 178 254 231 000 000 000 000
0008 212 164 270 215 000 000 000 000
0009 221 138 287 195 000 000 000 000
0010 215 113 289 179 000 000 000 000
0011 210 090 281 163 000 000 000 000
0012 202 082 279 159 000 000 000 000
0013 193 079 267 157 000 000 000 000
0014 188 080 263 152 000 000 000 000
0015 182 078 244 147 000 000 000 000
0016 167 083 219 152 000 000 000 000
0017 154 082 212 153 000 000 000 000
0018 147 086 215 153 000 000 000 000
0019 157 088 216 155 000 000 000 000
0020 168 085 216 148 000 000 000 000
0021 190 091 265 160 000 000 000 000
0022 198 091 261 157 000 000 000 000
0023 193 088 257 155 000 000 000 000
0024 186 086 260 157 000 000 000 000
0025 187 088 234 154 000 000 000 000
0026 160 087 219 156 000 000 000 000
0027 155 089 217 155 000 000 000 000
0028 172 087 216 146 000 000 000 000
0029 180 092 257 156 000 000 000 000
0030 189 091 262 161 000 000 000 000
0031 190 089 259 162 000 000 000 000
0032 188 088 258 164 000 000 000 000
0033 191 093 259 167 000 000 000 000
0034 190 106 242 178 000 000 000 000
0035 177 133 220 214 000 000 000 000
0036 168 147 211 229 000 000 000 000
0037 148 198 190 239 000 000 000 000
