0004 170 219 203 237 000 000 000 000
0005 160 201 203 229 000 000 000 000
0006 157 169 199 203 000 000 000 000
0007 165 148 198 185 000 000 000 000
0008 156 149 201 185 000 000 000 000
0009 169 145 212 184 000 000 000 000
0010 172 145 217 184 000 000 000 000
0011 170 144 216 186 000 000 000 000
0012 169 142 212 184 000 000 000 000
0013 162 143 196 187 000 000 000 000
0014 153 142 202 187 000 000 000 000
0015 154 144 200 187 000 000 000 000
0016 159 152 198 188 000 000 000 000
0017 157 183 200 213 000 000 000 000
0018 158 217 199 237 000 000 000 000
