0003 071 207 141 236 203 201 249 235
0004 238 130 290 177 060 146 116 193
0005 253 113 296 154 052 130 130 176
0006 053 118 129 165 257 100 297 139
0007 253 097 294 137 050 117 130 168
0008 046 125 120 173 254 097 298 142
0009 052 127 131 170 254 102 294 141
0010 057 126 134 170 245 101 289 138
0011 199 099 254 151 095 119 163 158
0012 199 102 250 151 098 114 167 159
0013 200 100 252 151 100 119 164 162
0014 201 101 253 151 097 121 169 160
0015 096 120 167 159 198 102 253 149
0016 099 124 164 163 199 106 249 154
0017 198 104 247 151 098 119 166 163
0018 200 106 253 155 097 124 165 166
0019 184 125 240 178 094 143 154 189
0020 082 174 148 229 173 160 225 213
