0000 109 224 138 239 023 224 061 239
0001 022 222 065 239 104 224 134 239
0002 020 221 056 238 106 224 135 239
0003 020 212 062 239 111 224 142 239
0004 121 198 171 237 028 189 080 226
0005 042 171 098 208 149 159 197 199
0006 067 138 125 177 151 122 201 160
0007 087 119 143 154 167 109 222 145
0008 098 113 149 151 172 107 221 138
0009 100 115 150 151 176 107 226 139
0010 102 116 152 151 174 104 229 142
0011 103 115 153 150 178 107 230 139
0012 181 104 227 137 096 116 154 151
0013 181 104 227 139 096 114 153 149
0014 095 114 153 149 176 103 226 138
0015 176 104 225 139 095 115 152 150
0016 099 117 152 153 176 107 231 140
0017 099 118 151 153 177 104 233 138
0018 097 116 153 151 177 106 228 141
0019 095 118 153 152 176 105 227 142
0020 179 110 226 144 095 118 153 152
0021 164 119 214 159 090 132 140 170
0022 065 168 116 207 147 151 191 209
0023 042 192 089 237 131 190 173 238
0024 023 208 062 237 117 215 158 238
0025 012 210 053 238 110 223 139 239
0026 012 215 044 239 000 000 000 000
0027 009 217 047 238 000 000 000 000
0028 017 219 050 239 000 000 000 000
0029 018 220 051 239 000 000 000 000
