0000 060 208 086 237 000 000 000 000
0001 059 201 091 235 000 000 000 000
0002 067 197 091 228 000 000 000 000
0003 079 195 102 225 000 000 000 000
0004 085 193 107 224 000 000 000 000
0005 095 190 113 218 000 000 000 000
0006 093 189 111 218 000 000 000 000
0007 092 189 110 217 000 000 000 000
0008 090 192 110 216 285 155 312 218
0009 087 190 102 217 286 158 310 219
0010 083 189 100 216 180 190 197 218
0011 075 187 092 215 286 157 312 217
0012 062 186 081 215 204 180 221 208
0013 037 179 060 208 220 159 252 192
0014 027 176 055 204 233 156 254 184
0015 020 161 053 193 242 155 265 183
0016 026 151 067 184 237 146 261 168
0017 041 145 087 178 217 138 249 164
0018 059 145 103 178 184 119 215 148
0019 073 146 120 177 176 138 216 164
0020 079 145 130 180 160 137 202 167
0021 092 142 139 179 152 143 195 168
0022 091 147 143 185 149 145 191 172
0023 095 145 144 183 150 145 190 175
0024 150 148 190 177 095 145 142 183
0025 095 145 145 184 155 149 193 176
0026 095 145 145 185 151 149 192 177
0027 095 147 145 186 152 149 192 178
0028 095 145 145 185 151 150 192 179
0029 095 146 145 185 151 151 192 180
0030 094 146 145 185 151 151 192 180
0031 094 152 144 190 157 154 190 182
0032 099 153 142 192 157 155 186 185
0033 093 160 133 206 157 165 185 194
0034 087 175 122 215 163 179 189 208
0035 170 190 196 222 083 187 109 222
