0000 138 221 163 239 000 000 000 000
0001 013 209 049 238 135 220 163 239
0002 018 211 050 235 138 217 169 239
0003 137 219 165 237 019 213 050 235
0004 135 221 163 239 000 000 000 000
0005 135 222 164 239 000 000 000 000
0006 019 214 050 237 135 222 165 239
0007 014 210 048 238 140 215 165 238
0008 016 211 056 238 137 206 169 233
0010 024 217 067 239 021 177 068 233
0011 168 198 212 235 011 194 070 235
0012 183 173 221 210 022 196 075 238
0013 030 178 085 229 183 152 226 192
0014 180 142 229 181 030 161 096 215
0015 186 130 232 169 033 152 096 201
0016 032 149 098 197 183 131 236 168
0017 040 145 106 188 182 128 232 168
0018 176 130 225 166 042 144 104 188
0019 172 129 223 169 030 143 100 188
0020 172 129 221 169 032 145 097 194
0021 168 130 222 171 030 145 093 195
0022 165 128 221 173 035 146 097 192
0023 162 129 219 172 035 144 095 194
0024 163 130 218 172 033 146 096 197
0025 162 129 218 174 037 146 096 196
0026 163 131 213 175 029 146 095 196
0027 031 151 093 195 164 130 213 174
0028 161 130 214 174 031 151 094 195
0029 155 131 212 175 032 151 095 195
0030 155 132 210 177 034 150 097 197
0031 153 132 208 175 025 151 093 201
0032 152 133 208 176 025 153 090 199
0033 152 133 208 179 021 150 091 200
0034 019 148 089 197 150 135 210 181
0035 149 136 206 181 019 153 086 203
0036 148 136 205 180 020 154 084 203
0037 149 136 205 181 017 151 083 197
0038 150 136 204 180 021 154 082 200
0039 148 138 203 181 016 151 084 197
0040 151 139 203 181 016 152 085 198
0041 148 139 205 183 017 154 084 201
0042 153 141 207 185 016 155 087 202
0043 160 149 202 192 023 157 088 212
0044 146 165 197 220 023 172 083 226
0045 029 194 079 234 138 196 184 238
0046 133 207 168 238 020 208 071 239
0047 128 215 159 239 025 210 061 236
0048 130 216 164 236 000 000 000 000
0049 132 221 165 239 000 000 000 000
