0012 181 214 210 239 000 000 000 000
0013 160 163 202 193 000 000 000 000
0014 162 081 201 119 000 000 000 000
0015 171 058 206 105 000 000 000 000
0016 181 047 211 089 000 000 000 000
0017 186 059 214 092 000 000 000 000
0018 189 067 213 095 000 000 000 000
0019 189 078 216 103 000 000 000 000
0020 189 079 215 105 000 000 000 000
0021 189 081 215 105 000 000 000 000
0022 188 078 214 102 000 000 000 000
0023 187 076 213 103 000 000 000 000
0024 183 074 211 107 000 000 000 000
0025 180 076 208 113 000 000 000 000
0026 174 090 207 128 000 000 000 000
0027 170 115 212 158 000 000 000 000
0028 177 185 214 222 000 000 000 000
0029 194 213 219 239 000 000 000 000
0030 193 224 219 239 000 000 000 000
0031 194 224 219 239 000 000 000 000
0032 172 197 207 238 000 000 000 000
0033 171 138 208 171 000 000 000 000
0034 177 078 210 120 000 000 000 000
0035 181 063 209 106 000 000 000 000
0036 183 067 211 101 000 000 000 000
0037 185 086 214 108 000 000 000 000
0038 185 093 215 118 000 000 000 000
0039 185 092 215 115 000 000 000 000
0040 182 087 208 116 000 000 000 000
0041 175 092 205 126 000 000 000 000
0042 170 120 211 165 000 000 000 000
0043 179 169 203 210 000 000 000 000
0044 187 204 212 238 000 000 000 000
