0004 218 222 244 239 000 000 000 000
0005 193 162 235 206 065 224 090 239
0006 054 205 089 237 236 153 283 182
0007 236 100 279 149 057 191 090 228
0008 224 067 261 119 060 182 098 220
0009 191 043 229 092 062 185 099 223
0010 066 185 104 227 158 042 199 085
0011 067 189 105 229 134 041 177 087
0012 067 184 105 228 124 044 160 083
0013 069 184 106 226 110 050 147 087
0014 068 184 106 226 110 053 140 085
0015 066 184 107 226 122 052 153 083
0016 060 188 101 228 151 045 187 082
0017 057 190 097 230 196 052 233 087
0018 056 191 092 232 222 070 247 111
0019 053 192 093 231 229 086 251 126
0020 055 191 093 233 227 083 253 123
0021 054 191 093 232 221 075 248 113
0022 214 071 242 107 056 195 093 234
0023 206 064 236 104 055 196 092 237
0024 053 202 091 239 190 055 224 093
0025 174 053 212 090 054 201 094 238
0026 156 049 195 088 055 203 092 238
0027 139 051 181 088 058 199 097 238
0028 132 052 174 088 058 200 096 238
0029 136 054 180 090 056 201 092 239
0030 053 203 090 239 160 048 198 086
0031 048 205 088 239 192 054 225 090
0032 046 205 084 239 223 077 247 114
0033 046 209 084 239 236 105 254 137
0034 051 210 085 238 233 106 255 143
0035 049 212 086 239 234 103 257 141
0036 228 101 255 143 055 216 090 239
0037 231 121 271 156 058 223 087 239
0038 230 156 274 190 000 000 000 000
0039 228 189 267 221 000 000 000 000
0040 217 213 252 237 000 000 000 000
0041 215 217 254 239 000 000 000 000
