0000 137 222 175 239 024 223 054 239
0001 139 221 176 239 000 000 000 000
0002 140 224 172 239 023 224 054 239
0003 139 222 174 239 021 222 051 239
0004 015 219 048 239 138 219 178 239
0005 146 210 187 238 027 207 074 236
0006 057 191 109 235 165 201 203 235
0007 179 182 220 224 095 174 155 215
0008 179 163 224 204 132 158 192 195
0009 152 149 215 192 192 150 232 189
0010 169 141 235 182 000 000 000 000
0011 173 138 240 176 159 156 185 182
0012 192 137 247 181 161 139 214 175
0013 183 136 244 180 157 138 209 177
0014 175 138 241 182 000 000 000 000
0015 173 138 234 184 000 000 000 000
0016 173 138 243 184 000 000 000 000
0017 184 136 242 181 000 000 000 000
0018 175 136 243 187 000 000 000 000
0019 173 138 237 186 000 000 000 000
0020 172 138 238 185 000 000 000 000
0021 174 141 239 184 000 000 000 000
0022 183 140 246 183 000 000 000 000
0023 173 136 239 184 160 154 181 182
0024 173 135 236 182 000 000 000 000
0025 173 134 243 183 000 000 000 000
0026 182 138 244 184 162 149 190 185
0027 177 133 240 180 160 155 182 185
0028 172 134 236 178 037 223 081 239
0029 171 135 240 177 160 155 182 185
0030 192 134 243 179 162 152 190 185
0031 183 134 245 180 162 152 190 186
0032 173 131 236 177 159 153 183 184
0033 174 131 236 175 163 154 183 185
0034 174 135 246 178 000 000 000 000
0035 181 130 247 176 161 154 189 184
0036 175 131 243 176 000 000 000 000
0037 173 133 237 177 000 000 000 000
0038 188 132 246 178 165 132 210 173
0039 190 134 247 179 162 130 219 168
0040 188 131 245 178 158 148 188 186
0041 189 134 240 176 155 127 211 166
0042 183 144 233 190 136 139 193 176
0043 181 153 224 205 107 153 167 190
0044 170 166 215 227 069 178 124 224
0045 159 181 198 239 039 200 087 237
0046 143 198 195 237 015 210 055 238
0047 143 209 182 235 043 173 083 232
0048 139 216 175 239 000 000 000 000
