0000 118 212 156 238 050 223 080 239
0001 117 212 157 238 051 223 079 239
0002 118 208 157 238 045 216 080 237
0003 122 201 154 239 054 208 082 238
0004 061 191 088 231 114 186 146 228
0005 110 174 139 220 065 175 094 216
0006 099 167 137 209 072 167 101 203
0007 101 160 135 201 074 164 107 201
0008 105 162 134 201 073 161 108 202
0009 099 163 138 205 076 163 107 200
0010 105 165 133 211 079 159 109 204
0011 106 167 133 210 079 160 108 202
0012 109 167 134 208 075 162 111 200
0013 105 164 135 209 079 165 107 202
0014 106 163 135 204 078 165 111 203
0015 106 163 135 205 079 165 107 203
0016 107 165 135 208 079 164 108 202
0017 108 167 135 210 076 161 108 200
0018 104 163 133 204 075 164 105 202
0019 102 158 135 200 076 164 108 201
0020 100 159 136 200 075 162 106 203
0021 103 165 136 205 071 162 107 205
0022 103 165 135 205 070 163 105 205
0023 100 161 136 202 075 165 109 204
0024 103 165 136 206 075 165 109 204
0025 106 169 141 210 078 165 107 202
0026 109 169 138 210 078 167 108 203
0027 107 169 136 216 075 169 106 204
0028 109 173 138 225 078 171 107 211
0029 110 177 141 218 068 180 102 219
0030 049 203 089 237 116 187 149 225
0031 124 195 155 234 041 215 083 239
0032 127 205 160 239 040 223 080 239
0033 123 209 158 238 000 000 000 000
0034 123 213 158 238 000 000 000 000
0035 123 214 155 239 000 000 000 000
