0000 064 224 091 239 000 000 000 000
0001 062 214 096 239 000 000 000 000
0002 063 212 101 239 137 223 168 239
0003 117 202 163 237 060 181 103 235
0004 111 167 158 206 061 149 100 190
0005 105 125 146 161 071 113 104 150
0006 072 101 108 142 105 110 150 150
0007 102 098 148 143 077 086 107 127
0008 077 081 108 128 104 098 149 143
0009 075 077 110 122 104 101 153 145
0010 106 101 147 141 077 077 109 125
0011 075 082 107 129 106 101 154 145
0012 073 081 110 125 104 099 154 144
0013 074 083 105 128 106 099 151 144
0014 104 099 151 143 074 084 105 128
0015 072 082 110 127 103 098 150 143
0016 103 099 150 142 073 083 103 124
0017 071 085 109 128 109 102 149 143
0018 070 082 101 127 106 103 147 143
0019 071 085 101 128 102 102 150 144
0020 067 086 106 129 101 100 150 143
0021 069 085 103 127 102 101 150 144
0022 067 084 102 127 102 101 150 145
0023 101 105 150 147 069 091 101 133
0024 073 103 103 145 107 112 151 153
0025 068 134 102 172 107 131 151 169
0026 060 165 098 213 103 158 158 196
0027 107 185 155 230 057 185 098 236
0028 055 209 088 238 125 219 162 238
0029 055 215 089 239 000 000 000 000
0030 057 220 088 239 000 000 000 000
0031 057 219 087 239 000 000 000 000
0032 055 219 089 238 000 000 000 000
0033 055 221 087 237 000 000 000 000
0034 055 220 087 237 000 000 000 000
