0000 001 214 038 239 000 000 000 000
0001 001 210 036 239 000 000 000 000
0002 002 204 042 237 000 000 000 000
0003 016 196 056 233 000 000 000 000
0004 030 189 068 227 000 000 000 000
0005 039 183 087 222 000 000 000 000
0006 053 179 101 221 000 000 000 000
0007 060 191 112 233 000 000 000 000
0008 061 197 112 236 000 000 000 000
0009 060 195 109 235 000 000 000 000
0010 061 196 109 235 000 000 000 000
0011 060 195 109 235 193 169 233 236
0012 061 195 109 235 190 218 230 239
0013 062 194 104 235 187 175 230 229
0014 179 145 225 189 061 196 109 235
0015 171 089 216 141 061 196 109 235
0016 163 063 211 123 062 194 104 235
0017 060 195 109 236 161 055 202 107
0018 061 196 109 235 157 040 194 098
0019 061 196 109 236 149 045 188 096
0020 061 196 108 236 145 046 186 096
0021 061 196 108 236 145 042 181 093
0022 060 196 108 236 149 044 183 091
0023 060 196 108 236 143 042 178 090
0024 060 196 108 235 142 040 180 091
0025 060 196 108 235 142 042 180 090
0026 060 196 107 235 142 042 180 090
0027 060 196 107 235 140 043 181 090
0028 061 196 108 236 141 043 180 090
0029 061 197 108 235 142 042 180 089
0030 061 196 107 235 145 043 182 094
0031 061 195 107 235 149 049 188 101
0032 059 196 108 235 150 063 190 116
0033 061 194 106 234 156 105 200 148
0034 060 194 103 237 174 155 220 207
0035 056 195 100 236 188 181 237 235
0036 052 198 104 238 193 209 228 236
0037 053 204 106 237 193 211 223 234
0038 051 202 105 239 190 223 225 239
0039 048 200 102 235 196 218 228 239
0040 051 201 105 239 198 216 228 238
0041 051 199 104 239 201 215 228 238
