0003 168 201 200 234 000 000 000 000
0004 165 127 221 168 000 000 000 000
0005 166 050 220 083 000 000 000 000
0006 160 031 206 062 000 000 000 000
0007 157 030 201 058 000 000 000 000
0008 156 030 200 058 000 000 000 000
0009 156 029 198 056 000 000 000 000
0010 157 028 198 056 000 000 000 000
0011 155 028 197 055 000 000 000 000
0012 155 027 197 055 000 000 000 000
0013 156 027 197 055 000 000 000 000
0014 155 030 193 056 000 000 000 000
0015 156 029 195 055 000 000 000 000
0016 156 030 194 055 000 000 000 000
0017 158 029 199 056 000 000 000 000
0018 159 033 207 061 000 000 000 000
0019 177 061 225 095 000 000 000 000
0020 195 146 231 192 000 000 000 000
0021 188 218 222 239 000 000 000 000
