0002 190 219 231 239 000 000 000 000
0003 190 177 240 220 000 000 000 000
0004 198 106 238 160 000 000 000 000
0005 198 058 227 113 000 000 000 000
0006 195 051 227 100 000 000 000 000
0007 189 052 223 098 000 000 000 000
0008 187 053 221 101 000 000 000 000
0009 186 049 221 101 000 000 000 000
0010 186 049 220 101 000 000 000 000
0011 185 049 220 101 000 000 000 000
0012 186 050 220 101 000 000 000 000
0013 187 050 221 101 000 000 000 000
0014 193 052 227 114 000 000 000 000
0015 192 078 226 140 000 000 000 000
0016 190 135 230 193 000 000 000 000
0017 183 190 228 237 000 000 000 000
