0002 180 193 215 236 000 000 000 000
0003 172 117 206 184 000 000 000 000
0004 169 101 201 163 000 000 000 000
0005 164 081 197 145 000 000 000 000
0006 159 071 195 137 000 000 000 000
0007 158 071 195 138 000 000 000 000
0008 159 076 198 137 000 000 000 000
0009 162 079 199 142 000 000 000 000
0010 162 080 201 143 000 000 000 000
0011 163 082 204 147 000 000 000 000
0012 164 084 198 147 000 000 000 000
0013 163 082 198 149 000 000 000 000
0014 160 084 198 149 000 000 000 000
0015 162 082 197 151 000 000 000 000
0016 166 100 198 169 000 000 000 000
0017 171 142 207 210 000 000 000 000
0018 181 213 220 239 000 000 000 000
