0000 099 204 123 238 203 222 229 239
0001 081 180 108 231 202 222 230 239
0002 066 160 096 197 201 219 228 238
0003 057 127 090 164 206 219 233 239
0004 063 096 088 137 204 221 230 239
0005 072 079 097 122 205 223 230 239
0006 084 067 114 107 208 220 234 239
0007 095 067 129 099 206 219 231 239
0008 106 072 141 101 203 220 229 239
0009 109 070 147 097 207 218 233 239
0010 108 072 148 100 204 217 231 239
0011 111 075 147 101 206 217 229 236
0012 109 073 142 101 206 221 233 239
0013 112 073 148 101 207 220 234 239
0014 111 073 148 102 210 219 232 237
0015 108 072 142 101 207 220 234 239
0016 108 073 142 101 207 219 230 237
0017 109 073 142 101 208 220 232 238
0018 110 074 141 101 211 218 233 237
0019 110 076 141 103 211 218 233 237
0020 106 078 145 106 211 219 233 237
0021 102 081 140 111 210 219 232 237
0022 093 092 123 131 206 220 234 239
0023 077 121 109 166 206 222 232 239
0024 082 170 112 205 205 220 228 237
0025 091 197 117 236 205 218 231 239
0026 103 211 129 239 205 219 231 239
0027 110 215 136 239 204 223 228 239
0028 111 213 135 237 202 221 229 239
