0000 065 151 115 202 158 168 207 212
0001 157 164 206 214 067 153 113 202
0002 066 153 120 200 157 167 205 214
0003 067 153 122 201 154 167 205 214
0004 159 165 204 215 071 155 124 200
0005 066 154 120 200 154 167 205 215
0006 067 156 115 203 154 170 201 214
0007 068 156 118 203 154 170 200 214
0008 069 156 117 203 154 166 206 215
0009 150 144 203 187 066 154 114 205
0010 068 157 119 207 147 110 195 149
0011 068 157 118 207 145 057 188 101
0012 068 163 120 205 152 037 194 082
0013 068 165 119 207 160 027 198 079
0014 065 160 120 207 159 022 198 075
0015 066 160 120 207 158 024 200 076
0016 065 161 119 208 157 025 200 077
0017 065 160 119 208 158 022 199 076
0018 065 160 119 207 158 025 198 074
0019 066 160 119 207 157 022 197 074
0020 065 161 119 207 155 019 197 075
0021 065 161 119 208 154 019 197 074
0022 065 161 119 207 156 019 196 074
0023 065 161 119 208 155 019 196 074
0024 072 155 114 203 153 020 197 072
0025 068 159 118 208 152 019 196 071
0026 068 159 118 208 154 018 197 078
0027 068 159 118 208 154 027 195 079
0028 067 159 118 207 149 039 192 083
0029 068 159 118 207 144 061 193 099
0030 068 159 118 207 141 099 192 139
0031 068 159 118 207 154 140 204 188
0032 068 159 118 207 156 156 202 206
0033 068 159 119 207 158 163 202 214
0034 069 159 119 208 158 162 201 214
0035 068 159 118 208 162 169 199 214
0036 068 158 118 206 161 165 207 208
