0000 035 209 082 236 143 224 179 239
0001 030 204 080 237 143 225 179 239
0002 028 196 074 234 143 224 179 239
0003 020 187 069 230 143 224 178 239
0004 022 183 068 232 143 224 179 239
0005 019 195 065 238 142 224 178 239
0006 021 210 065 238 140 223 176 239
0007 020 212 061 239 140 223 175 239
0008 020 211 062 239 140 223 175 239
0009 021 213 061 239 138 223 176 239
0010 139 199 177 237 021 214 060 239
0011 147 149 182 194 021 214 062 239
0012 157 093 188 149 025 213 058 239
0013 160 067 190 119 023 207 062 239
0014 158 058 187 110 023 209 062 239
0015 148 056 182 110 023 212 061 239
0016 147 057 182 111 027 214 057 235
0017 147 058 182 112 023 213 061 239
0018 150 055 183 110 023 212 061 239
0019 155 053 186 106 023 212 062 239
0020 148 053 182 100 023 211 062 239
0021 149 055 180 106 023 212 060 239
0022 148 055 179 106 025 214 058 239
0023 147 056 178 110 023 213 061 239
0024 146 053 177 106 021 209 060 239
0025 147 055 177 107 019 211 057 237
0026 147 055 178 107 022 209 061 237
0027 147 055 178 106 021 211 060 239
0028 147 055 178 107 021 211 061 239
0029 144 054 178 103 021 211 060 239
0030 144 056 177 103 021 211 061 239
0031 147 055 179 108 021 211 060 239
0032 146 062 181 115 021 211 062 239
0033 147 078 184 130 024 215 057 239
0034 148 129 185 178 022 208 059 238
0035 147 176 187 225 017 200 063 235
0036 009 192 055 236 136 206 182 237
0037 013 187 054 229 140 222 180 239
0038 020 192 063 235 000 000 000 000
0039 027 201 079 237 020 187 050 209
0040 034 209 082 238 000 000 000 000
0041 035 210 084 238 000 000 000 000
0042 034 210 083 239 000 000 000 000
0043 033 210 081 238 000 000 000 000
