0000 122 214 153 239 077 205 105 235
0001 122 214 153 239 077 206 105 237
0002 077 206 105 237 118 209 157 238
0003 122 213 153 238 077 208 106 238
0004 122 213 154 238 077 206 106 236
0005 073 205 103 238 122 213 154 238
0006 122 213 154 238 077 207 105 236
0007 122 213 154 238 075 205 103 237
0008 122 213 154 239 075 206 103 237
0009 122 213 154 238 075 206 103 237
0010 122 210 154 238 075 206 103 237
0011 123 201 154 231 076 208 106 237
0012 123 188 153 217 076 208 105 231
0013 119 175 153 203 074 207 104 236
0014 116 161 149 194 075 206 103 237
0015 116 157 147 187 075 205 103 237
0016 115 146 147 177 075 206 104 235
0017 112 138 150 167 074 206 104 235
0018 118 126 151 162 074 209 103 236
0019 074 209 103 236 123 113 151 147
0020 129 104 156 139 074 209 103 236
0021 129 098 156 128 074 206 104 235
0022 130 092 158 123 072 206 103 236
0023 130 091 158 123 074 206 104 235
0024 073 208 103 236 136 091 161 112
0025 076 207 105 236 136 082 163 113
0026 076 207 105 236 134 083 160 112
0027 075 209 104 236 135 088 161 113
0028 075 209 104 236 137 092 162 114
0029 073 208 103 237 135 090 160 112
0030 073 208 103 236 141 087 164 115
0031 073 208 103 236 140 086 164 115
0032 073 208 103 236 142 088 164 117
0033 073 208 103 237 141 088 164 116
0034 073 208 103 236 142 088 165 118
0035 073 208 103 237 136 091 160 114
0036 075 206 103 236 132 089 158 118
0037 076 208 105 237 131 093 158 124
0038 075 206 102 238 126 097 164 133
0039 075 205 102 237 123 124 155 154
0040 123 157 154 188 076 208 105 237
0041 123 184 153 218 075 205 102 237
0042 120 203 152 236 074 206 103 235
0043 121 206 150 236 076 208 106 237
0044 116 213 153 239 076 205 106 237
0045 123 214 152 239 077 206 106 236
0046 077 207 105 236 123 215 151 239
0047 077 207 105 236 120 211 154 239
0048 075 205 102 236 121 215 149 235
0049 073 207 102 232 122 215 152 239
0050 077 205 105 236 118 211 154 239
0051 077 207 105 237 122 213 151 239
0052 073 205 102 238 122 215 151 239
0053 077 206 106 237 122 214 152 239
0054 077 207 105 237 121 215 151 239
0055 077 207 105 237 122 216 151 239
0056 077 206 105 236 119 211 154 239
0057 077 207 104 236 122 214 152 239
