0014 159 216 188 237 000 000 000 000
0015 164 197 191 233 000 000 000 000
0016 168 173 198 214 000 000 000 000
0017 174 154 202 189 000 000 000 000
0018 176 139 203 171 000 000 000 000
0019 185 127 211 162 000 000 000 000
0020 188 124 215 162 000 000 000 000
0021 186 127 213 163 000 000 000 000
0022 186 128 213 164 000 000 000 000
0023 183 127 207 162 000 000 000 000
0024 177 135 202 170 000 000 000 000
0025 172 147 194 180 000 000 000 000
0026 156 177 187 208 000 000 000 000
0027 152 216 190 236 000 000 000 000
0028 152 223 192 239 000 000 000 000
