0003 211 172 255 217 000 000 000 000
0004 212 144 254 196 000 000 000 000
0005 206 107 251 158 000 000 000 000
0006 199 081 247 134 000 000 000 000
0007 188 064 234 114 000 000 000 000
0008 179 055 221 104 000 000 000 000
0009 167 053 210 094 000 000 000 000
0010 162 054 207 097 000 000 000 000
0011 161 059 207 106 000 000 000 000
0012 162 065 209 114 000 000 000 000
0013 164 066 208 112 000 000 000 000
0014 166 074 210 123 000 000 000 000
0015 165 075 217 129 000 000 000 000
0016 170 077 217 126 000 000 000 000
0017 171 077 217 125 000 000 000 000
0018 169 075 217 125 000 000 000 000
0019 167 076 214 125 000 000 000 000
0020 169 074 215 126 000 000 000 000
0021 168 073 214 124 000 000 000 000
0022 167 068 213 118 000 000 000 000
0023 170 059 215 113 000 000 000 000
0024 181 061 226 116 000 000 000 000
0025 194 075 239 131 000 000 000 000
0026 206 107 251 158 000 000 000 000
0027 219 155 261 211 000 000 000 000
0028 219 192 262 239 000 000 000 000
