0012 172 217 214 239 000 000 000 000
0013 192 163 235 227 000 000 000 000
0014 199 123 238 179 000 000 000 000
0015 195 100 237 155 000 000 000 000
0016 194 093 234 146 000 000 000 000
0017 193 086 233 136 000 000 000 000
0018 189 081 230 130 000 000 000 000
0019 188 079 230 130 000 000 000 000
0020 188 081 230 130 000 000 000 000
0021 188 080 230 131 000 000 000 000
0022 189 082 230 132 000 000 000 000
0023 191 086 229 138 000 000 000 000
0024 192 095 227 148 000 000 000 000
0025 187 133 220 188 000 000 000 000
0026 162 210 201 239 000 000 000 000
