0014 242 203 282 237 000 000 000 000
0015 242 143 280 202 000 000 000 000
0016 229 107 273 165 000 000 000 000
0017 217 083 256 138 000 000 000 000
0018 212 079 253 131 000 000 000 000
0019 206 074 245 126 000 000 000 000
0020 203 073 238 127 000 000 000 000
0021 202 074 236 125 000 000 000 000
0022 203 075 237 124 000 000 000 000
0023 202 074 237 125 000 000 000 000
0024 203 075 237 126 000 000 000 000
0025 204 075 238 126 000 000 000 000
0026 206 078 243 135 000 000 000 000
0027 210 089 249 146 000 000 000 000
0028 227 129 268 188 000 000 000 000
0029 231 175 272 230 000 000 000 000
0030 232 222 267 239 000 000 000 000
