0015 190 140 239 201 179 173 227 229
0016 181 105 231 168 000 000 000 000
0017 175 070 221 131 000 000 000 000
0018 171 057 212 116 000 000 000 000
0019 166 046 213 107 000 000 000 000
0020 164 045 203 106 000 000 000 000
0021 156 042 202 095 000 000 000 000
0022 155 040 201 100 000 000 000 000
0023 153 041 199 100 000 000 000 000
0024 153 046 199 100 000 000 000 000
0025 153 045 200 098 000 000 000 000
0026 154 045 200 100 000 000 000 000
0027 154 045 201 101 000 000 000 000
0028 155 044 203 102 000 000 000 000
0029 157 044 203 103 000 000 000 000
0030 157 042 198 102 000 000 000 000
0031 156 049 205 105 000 000 000 000
0032 159 056 203 115 000 000 000 000
0033 166 078 207 135 000 000 000 000
0034 165 124 216 181 000 000 000 000
0035 178 196 238 237 000 000 000 000
