0000 052 158 109 204 170 165 213 205
0001 052 159 110 204 174 168 212 209
0002 054 157 111 205 171 170 214 208
0003 169 170 213 208 053 156 110 205
0004 165 145 210 186 054 156 110 205
0005 054 155 109 205 174 110 215 157
0006 053 155 109 206 172 082 217 135
0007 175 071 216 114 053 156 109 206
0008 177 051 215 095 053 155 109 205
0009 178 042 221 094 053 155 109 205
0010 177 038 217 089 054 155 109 206
0011 179 039 219 091 054 156 109 206
0012 178 037 219 086 054 156 109 206
0013 176 035 219 087 054 156 108 205
0014 177 035 217 088 054 159 108 204
0015 180 031 218 084 053 158 108 205
0016 177 035 218 087 053 155 107 205
0017 177 034 219 087 053 159 108 206
0018 177 034 219 087 053 159 108 206
0019 177 036 218 086 053 160 108 206
0020 177 037 218 087 053 159 108 206
0021 175 036 219 086 052 159 108 206
0022 175 037 219 087 053 158 108 205
0023 175 034 219 086 053 158 108 205
0024 177 035 219 085 051 159 108 205
0025 051 159 109 206 176 041 218 092
0026 176 062 217 107 052 159 114 206
0027 052 156 112 206 169 072 216 126
0028 169 110 215 154 052 156 112 206
0029 172 140 213 177 052 157 112 206
0030 052 155 112 206 171 150 214 196
0031 052 155 111 206 171 165 210 205
0032 052 155 112 206 169 175 208 209
0033 053 156 110 207 172 176 211 209
0034 052 159 111 206 171 175 211 209
