0000 163 156 206 202 066 153 118 202
0001 066 153 117 202 163 156 206 202
0002 066 152 118 202 163 157 206 202
0003 065 151 113 202 162 152 203 199
0004 065 151 113 202 165 155 200 201
0005 065 151 113 202 167 150 208 199
0006 065 151 113 202 164 155 206 203
0007 065 152 112 202 161 156 204 203
0008 065 152 113 202 161 147 205 199
0009 065 152 113 202 152 135 204 180
0010 065 152 113 202 159 112 208 147
0011 065 151 112 202 151 085 204 127
0012 065 152 113 202 158 067 201 109
0013 065 152 113 202 157 057 202 101
0014 068 156 118 204 161 047 203 092
0015 072 156 112 205 164 036 206 084
0016 071 156 112 205 163 034 204 081
0017 071 156 113 205 164 033 206 079
0018 071 156 112 205 163 032 207 078
0019 072 155 112 205 162 032 206 078
0020 071 156 113 205 164 030 208 076
0021 071 155 113 205 164 031 208 076
0022 071 155 112 205 162 031 205 074
0023 071 155 112 205 163 030 206 074
0024 071 155 112 205 163 030 206 075
0025 071 155 112 205 163 030 206 074
0026 066 153 112 202 163 029 206 074
0027 067 152 111 202 164 029 207 075
0028 068 156 117 205 167 029 205 077
0029 073 155 112 204 164 029 207 077
0030 073 151 111 201 164 031 210 080
0031 072 156 112 204 164 025 209 074
0032 067 160 112 202 168 034 204 081
0033 073 156 112 204 163 030 209 078
0034 068 156 117 204 162 034 208 079
0035 072 156 112 204 163 041 205 088
0036 073 155 112 204 157 056 201 095
0037 067 154 115 205 159 073 205 109
0038 067 154 115 205 156 095 199 131
0039 065 152 112 202 160 113 202 151
0040 065 152 112 202 156 137 204 176
0041 065 152 113 203 157 142 199 189
0042 065 152 113 202 159 149 199 196
0043 065 151 113 202 155 153 201 199
0044 065 152 113 202 156 152 202 201
0045 066 152 112 202 156 151 202 201
0046 066 152 112 202 155 151 203 198
0047 066 153 117 202 157 153 202 201
