0000 068 157 115 205 158 153 207 202
0001 068 157 115 206 159 153 207 201
0002 068 154 110 202 160 153 207 202
0003 067 153 112 202 160 153 207 201
0004 067 153 112 202 160 152 206 201
0005 157 138 206 195 068 153 113 202
0006 068 153 112 202 150 124 201 173
0007 068 153 112 202 151 108 198 142
0008 068 153 113 201 143 075 197 115
0009 068 153 113 202 146 061 192 100
0010 068 153 112 202 149 057 195 098
0011 069 157 115 205 152 054 194 097
0012 067 153 114 203 152 052 196 097
0013 067 154 114 203 151 052 196 096
0014 067 153 114 204 156 052 193 094
0015 068 153 114 204 156 048 192 093
0016 067 153 114 204 156 048 195 093
0017 067 152 114 204 156 047 195 093
0018 067 152 114 204 155 047 196 093
0019 067 153 114 204 156 043 191 090
0020 067 152 114 204 156 046 196 090
0021 067 153 114 204 157 046 196 091
0022 067 153 114 204 158 047 196 091
0023 067 152 114 203 158 047 197 092
0024 068 158 115 204 155 046 196 088
0025 068 157 116 205 155 046 196 089
0026 066 153 113 202 155 047 196 089
0027 066 153 113 201 153 054 191 093
0028 066 153 113 202 148 061 197 102
0029 066 153 113 201 152 081 197 120
0030 066 153 113 201 155 107 197 144
0031 066 153 113 202 156 119 202 162
0032 068 157 115 205 160 130 200 176
0033 067 153 114 204 159 140 199 194
0034 066 153 113 202 157 142 200 196
0035 066 153 113 202 158 152 200 198
0036 156 149 204 198 068 153 114 203
0037 068 153 110 201 157 152 203 198
0038 068 157 115 204 156 152 203 199
0039 067 152 113 202 156 152 203 198
0040 067 153 112 201 156 152 203 198
0041 067 153 112 201 156 152 203 198
0042 067 153 112 202 156 152 203 198
0043 067 153 112 201 157 151 203 198
0044 067 153 113 201 156 152 203 198
0045 067 152 113 202 156 151 203 199
