0010 222 223 260 239 000 000 000 000
0011 224 169 272 213 000 000 000 000
0012 218 115 262 166 000 000 000 000
0013 206 086 252 138 000 000 000 000
0014 195 070 242 124 000 000 000 000
0015 193 062 237 121 000 000 000 000
0016 193 068 242 122 000 000 000 000
0017 192 066 242 123 000 000 000 000
0018 191 065 238 122 000 000 000 000
0019 191 066 240 126 000 000 000 000
0020 191 066 241 127 000 000 000 000
0021 192 064 240 126 000 000 000 000
0022 191 064 239 125 000 000 000 000
0023 190 068 238 126 000 000 000 000
0024 195 089 239 145 000 000 000 000
0025 207 137 247 188 000 000 000 000
0026 208 187 253 230 000 000 000 000
