0008 180 219 212 239 000 000 000 000
0009 162 163 214 219 000 000 000 000
0010 151 108 202 170 000 000 000 000
0011 145 074 197 139 000 000 000 000
0012 138 063 187 127 000 000 000 000
0013 139 064 187 132 000 000 000 000
0014 138 067 187 126 000 000 000 000
0015 135 062 185 126 000 000 000 000
0016 134 063 182 122 000 000 000 000
0017 134 060 184 120 000 000 000 000
0018 134 058 185 120 000 000 000 000
0019 134 056 182 120 000 000 000 000
0020 136 055 182 120 000 000 000 000
0021 135 054 184 118 000 000 000 000
0022 138 057 185 117 000 000 000 000
0023 138 056 185 119 000 000 000 000
0024 138 056 188 120 000 000 000 000
0025 138 057 189 120 000 000 000 000
0026 140 057 188 120 000 000 000 000
0027 140 057 187 118 000 000 000 000
0028 137 057 188 119 000 000 000 000
0029 142 062 193 123 000 000 000 000
0030 146 081 196 141 000 000 000 000
0031 148 123 202 183 000 000 000 000
0032 163 188 215 239 000 000 000 000
