0010 160 223 194 239 000 000 000 000
0011 180 156 225 214 000 000 000 000
0012 189 120 230 183 000 000 000 000
0013 197 091 238 156 000 000 000 000
0014 200 072 241 137 000 000 000 000
0015 201 065 240 128 000 000 000 000
0016 199 057 237 118 000 000 000 000
0017 199 055 238 120 000 000 000 000
0018 194 055 235 112 000 000 000 000
0019 196 056 233 114 000 000 000 000
0020 198 053 233 113 000 000 000 000
0021 194 055 232 121 000 000 000 000
0022 195 056 232 116 000 000 000 000
0023 194 055 232 115 000 000 000 000
0024 198 055 236 114 000 000 000 000
0025 197 054 235 118 000 000 000 000
0026 196 055 236 117 000 000 000 000
0027 195 060 234 125 000 000 000 000
0028 194 065 234 132 000 000 000 000
0029 195 075 237 138 000 000 000 000
0030 189 091 227 160 000 000 000 000
0031 185 117 222 181 000 000 000 000
0032 174 150 212 214 000 000 000 000
0033 150 210 189 237 000 000 000 000
