0000 166 203 210 237 030 190 067 230
0001 166 203 210 238 038 182 072 222
0002 165 203 210 238 048 178 085 217
0003 165 203 210 238 068 170 106 213
0004 165 203 210 238 094 151 133 200
0005 103 150 151 191 166 203 210 237
0006 112 157 165 193 164 202 210 237
0007 116 154 171 189 165 202 210 238
0008 165 202 210 238 117 150 172 189
0009 117 148 174 191 165 202 210 238
0010 111 143 166 181 165 201 210 238
0011 113 137 171 176 164 202 209 238
0012 116 138 172 176 166 203 209 237
0013 114 137 174 173 164 202 210 237
0014 115 137 172 175 163 199 214 239
0015 118 138 172 176 167 196 217 239
0016 117 139 173 177 172 185 224 234
0017 116 138 175 179 181 181 224 231
0018 116 139 176 178 185 172 225 226
0019 116 143 174 178 186 153 235 208
0020 115 145 175 180 191 136 233 193
0021 117 144 176 185 183 120 233 172
0022 117 146 177 184 179 106 228 157
0023 174 092 226 143 121 144 179 182
0024 166 084 217 133 117 144 179 181
0025 122 148 178 185 160 084 209 134
0026 152 077 206 130 122 143 176 185
0027 151 076 203 131 121 146 177 186
0028 122 144 176 186 149 077 198 132
0029 122 144 177 187 146 078 196 132
0030 144 082 198 133 122 145 179 186
0031 143 082 196 136 121 145 176 187
0032 141 086 193 138 121 146 179 185
0033 145 089 196 141 121 146 180 185
0034 121 145 176 184 145 090 195 143
0035 145 088 193 143 121 143 177 185
0036 122 145 178 184 144 091 193 143
0037 122 146 177 185 141 093 191 147
0038 122 147 177 184 141 094 192 145
0039 123 144 177 184 142 094 190 145
0040 123 145 179 184 145 095 191 144
0041 124 144 176 184 143 095 189 145
0042 123 145 176 184 145 094 191 145
0043 143 094 189 145 178 079 246 119
0044 123 144 177 185 146 094 190 146
0045 123 146 178 186 143 095 190 146
0046 123 145 179 186 177 080 245 119
0047 117 145 180 184 141 095 189 148
0048 122 137 173 181 142 098 195 152
0049 151 102 198 155 125 141 166 192
0050 158 108 210 162 120 144 152 197
0051 111 161 149 209 180 128 231 175
0052 201 141 242 210 098 170 147 219
0053 091 177 143 233 213 178 261 234
0054 216 192 260 236 089 191 138 239
0055 091 185 143 234 208 198 261 235
0056 088 196 138 239 213 200 261 237
0057 088 195 138 239 212 202 259 239
0058 088 194 138 239 212 201 262 236
0059 088 195 138 239 212 198 263 236
0060 088 192 140 239 208 195 261 236
0061 087 192 140 239 208 195 260 236
0062 087 194 139 239 212 193 262 236
0063 088 192 139 239 209 199 260 237
