0005 079 210 133 239 000 000 000 000
0006 087 165 147 216 000 000 000 000
0007 091 143 154 189 094 226 146 239
0008 105 116 164 160 091 214 143 239
0009 117 111 171 150 086 209 136 239
0010 114 106 176 146 078 174 131 228
0011 121 103 177 144 092 151 129 190
0012 127 105 183 145 072 096 098 122
0013 131 108 183 146 063 090 102 124
0014 131 109 184 145 066 085 108 123
0015 129 109 183 145 077 085 121 125
0016 125 109 178 146 108 076 147 117
0017 125 079 174 142 000 000 000 000
0018 129 083 172 149 000 000 000 000
0019 125 113 176 151 110 075 155 122
0020 082 080 133 124 125 114 183 150
0021 129 114 183 151 062 088 103 126
0022 128 117 184 153 053 092 104 131
0023 125 117 181 153 059 088 111 132
0024 125 118 179 155 097 081 141 125
0025 120 081 171 141 122 121 172 153
0026 135 075 177 140 119 112 174 156
0027 133 079 179 144 122 117 171 157
0028 126 078 177 158 000 000 000 000
0029 122 080 175 158 000 000 000 000
0030 116 086 159 141 109 122 166 168
0031 105 144 159 188 112 107 157 163
0032 087 182 139 234 106 161 161 218
0033 105 201 163 239 079 218 139 239
0034 108 224 153 239 000 000 000 000
