0000 083 207 126 239 170 211 222 238
0001 092 175 153 235 169 211 221 239
0002 104 141 190 210 171 211 223 238
0003 121 116 206 176 170 211 220 238
0004 142 109 212 164 151 179 208 236
0005 153 111 226 160 137 149 187 190
0006 160 106 229 156 103 099 145 143
0007 158 108 228 154 095 097 128 133
0008 150 104 222 153 097 096 137 134
0009 149 104 214 150 115 086 154 125
0010 139 108 215 151 137 077 178 120
0011 147 108 209 154 158 071 205 125
0012 194 073 246 145 138 103 208 152
0013 194 069 247 151 142 106 201 159
0014 193 071 246 151 141 106 207 158
0015 138 106 201 159 184 078 232 147
0016 128 111 194 170 182 110 230 165
0017 162 154 227 207 114 133 179 196
0018 159 191 231 236 100 156 164 224
0019 087 181 156 238 163 211 225 239
0020 081 203 139 239 166 211 225 239
