0004 139 189 197 235 000 000 000 000
0005 127 125 186 161 000 000 000 000
0006 107 089 168 120 000 000 000 000
0007 103 094 164 122 000 000 000 000
0008 103 101 163 124 000 000 000 000
0009 100 103 164 132 000 000 000 000
0010 097 110 161 139 000 000 000 000
0011 092 114 164 141 000 000 000 000
0012 093 116 158 148 000 000 000 000
0013 030 200 078 239 091 119 163 149
0014 087 120 162 149 000 000 000 000
0015 090 112 155 152 000 000 000 000
0016 085 121 151 152 000 000 000 000
0017 082 124 149 153 150 079 184 131
0018 164 081 207 132 077 123 153 154
0019 176 084 215 132 076 119 154 151
0020 180 086 216 131 077 118 156 150
0021 180 083 214 129 071 121 155 154
0022 177 085 213 130 072 123 151 155
0023 166 082 207 140 074 122 149 154
0024 161 080 200 141 076 123 151 154
0025 081 123 151 152 151 080 192 138
0026 081 124 147 153 147 083 177 130
0027 082 123 152 157 125 083 163 132
0028 078 125 152 157 115 082 154 136
0029 083 125 147 157 102 084 139 145
0030 079 125 149 157 089 087 127 145
0031 080 125 149 157 080 086 115 137
0032 077 123 148 155 071 087 107 142
0033 062 091 098 147 077 122 148 157
0034 061 089 093 147 077 125 151 155
0035 058 088 094 149 080 126 150 155
0036 057 090 095 150 079 127 151 156
0037 056 090 095 153 079 128 155 161
0038 055 092 095 152 084 126 152 162
0039 088 128 150 163 055 095 098 153
0040 091 137 156 167 061 094 091 154
0041 095 154 163 186 064 101 095 164
0042 066 114 096 178 105 175 169 207
0043 066 169 101 217 114 208 176 239
0044 066 213 109 236 000 000 000 000
