0011 186 200 223 236 000 000 000 000
0012 203 153 246 215 000 000 000 000
0013 223 107 269 169 000 000 000 000
0014 231 083 285 142 000 000 000 000
0015 236 070 295 118 000 000 000 000
0016 231 040 281 090 000 000 000 000
0017 207 005 243 071 000 000 000 000
0018 172 002 206 058 000 000 000 000
0019 130 015 179 069 000 000 000 000
0020 110 063 171 102 183 069 235 132
0021 122 085 169 145 000 000 000 000
0022 124 088 170 146 000 000 000 000
0023 120 092 168 147 000 000 000 000
0024 117 090 171 146 154 086 236 138
0025 118 091 170 146 000 000 000 000
0026 117 092 168 147 000 000 000 000
0027 117 092 170 146 000 000 000 000
0028 116 094 173 146 000 000 000 000
0029 120 105 171 151 000 000 000 000
0030 123 131 187 165 000 000 000 000
0031 133 165 199 211 184 172 234 220
0032 156 204 204 239 000 000 000 000
0037 056 201 096 239 000 000 000 000
