0000 169 204 219 239 087 212 128 239
0001 183 184 234 237 087 212 128 239
0002 198 153 260 224 087 212 128 239
0003 232 122 288 182 090 214 125 239
0004 240 074 292 140 087 212 128 239
0005 088 212 127 238 231 033 261 097
0006 086 213 127 239 193 001 223 043
0007 086 212 128 239 158 003 202 033
0008 149 014 204 064 087 211 128 238
0009 148 018 201 067 087 212 128 239
0010 145 014 200 063 087 212 127 239
0011 145 018 204 066 087 212 127 239
0012 157 023 205 072 087 212 127 239
0013 087 212 127 239 166 051 208 097
0014 165 113 205 179 088 212 128 239
0015 169 172 216 231 088 212 128 239
