0005 137 223 172 239 000 000 000 000
0006 145 194 185 239 117 220 138 239
0007 159 138 196 193 000 000 000 000
0008 170 084 203 139 000 000 000 000
0009 174 053 207 113 000 000 000 000
0010 183 020 219 080 000 000 000 000
0011 184 008 222 072 000 000 000 000
0012 185 004 218 067 000 000 000 000
0013 182 002 214 066 000 000 000 000
0014 182 003 212 067 000 000 000 000
0015 183 002 215 069 000 000 000 000
0016 182 004 213 068 000 000 000 000
0017 182 005 216 073 000 000 000 000
0018 184 008 211 075 000 000 000 000
0019 182 008 215 075 000 000 000 000
0020 183 013 219 081 000 000 000 000
0021 186 017 217 086 000 000 000 000
0022 188 020 224 089 000 000 000 000
0023 188 022 225 090 000 000 000 000
0024 188 026 228 095 000 000 000 000
0025 188 028 228 096 000 000 000 000
0026 188 026 227 092 000 000 000 000
0027 187 025 227 094 000 000 000 000
0028 190 030 226 095 000 000 000 000
0029 185 025 223 093 000 000 000 000
0030 177 022 212 094 000 000 000 000
0031 174 028 198 097 000 000 000 000
0032 154 028 183 075 163 042 192 105
0033 145 033 185 098 000 000 000 000
0034 137 042 187 103 000 000 000 000
0035 132 049 184 105 000 000 000 000
0036 125 057 181 105 000 000 000 000
0037 126 063 183 113 000 000 000 000
0038 127 066 181 114 000 000 000 000
0039 130 068 180 116 000 000 000 000
0040 132 069 184 120 000 000 000 000
0041 139 069 183 123 000 000 000 000
0042 139 069 184 123 000 000 000 000
0043 144 069 184 121 000 000 000 000
0044 147 070 183 124 000 000 000 000
0045 148 072 184 126 000 000 000 000
0046 151 086 179 141 000 000 000 000
0047 149 106 179 164 000 000 000 000
0048 135 171 172 232 000 000 000 000
0049 118 220 159 239 000 000 000 000
