0005 163 223 199 239 000 000 000 000
0006 188 201 224 235 000 000 000 000
0007 206 198 242 237 000 000 000 000
0008 239 135 294 197 000 000 000 000
0009 252 075 309 143 000 000 000 000
0010 253 024 301 092 000 000 000 000
0011 232 001 275 051 000 000 000 000
0012 203 000 237 034 000 000 000 000
0013 160 000 208 031 000 000 000 000
0014 124 004 186 041 000 000 000 000
0015 104 014 174 052 000 000 000 000
0016 100 037 172 070 000 000 000 000
0017 102 037 174 078 000 000 000 000
0018 113 049 169 087 000 000 000 000
0019 112 055 170 093 000 000 000 000
0020 112 054 172 096 000 000 000 000
0021 110 057 170 099 000 000 000 000
0022 113 061 170 104 000 000 000 000
0023 108 061 170 103 000 000 000 000
0024 113 065 169 110 000 000 000 000
0025 111 074 175 116 000 000 000 000
0026 116 101 183 134 000 000 000 000
0027 116 125 182 162 000 000 000 000
0028 125 161 183 201 000 000 000 000
0029 133 197 192 236 000 000 000 000
0030 148 219 193 236 000 000 000 000
