0004 065 199 104 236 156 203 197 237
0005 147 179 208 221 078 173 110 205
0006 083 136 117 181 142 147 179 188
0007 090 105 124 156 138 116 181 168
0008 092 092 134 147 141 102 179 158
0009 096 080 138 133 140 083 176 140
0010 099 071 138 125 132 074 172 128
0011 099 068 137 120 131 068 172 121
0012 102 064 138 116 136 067 170 119
0013 102 066 137 115 136 065 169 118
0014 098 067 136 116 137 067 168 120
0015 103 067 136 116 136 065 168 118
0016 098 065 135 113 136 066 168 118
0017 100 066 138 116 136 068 172 117
0018 092 068 130 115 145 066 179 117
0019 080 067 119 117 152 071 195 122
0020 165 073 199 122 074 069 109 121
0021 064 071 101 122 175 071 207 125
0022 062 072 098 128 178 076 210 127
0023 063 074 098 131 180 076 211 127
0024 063 074 098 130 180 076 211 128
0025 180 076 213 128 064 071 097 124
0026 179 076 213 129 059 072 102 126
0027 061 075 102 128 179 076 213 130
0028 062 077 102 130 180 078 217 132
0029 177 090 218 144 064 094 101 149
0030 184 126 215 165 054 130 101 174
0031 173 177 217 228 059 185 093 230
0032 169 201 208 239 059 208 098 238
0040 068 223 106 239 000 000 000 000
0041 071 222 111 239 000 000 000 000
0044 074 225 111 239 000 000 000 000
