0007 170 219 213 236 000 000 000 000
0008 162 156 217 213 084 187 128 237
0009 148 078 200 151 087 109 137 178
0010 139 060 192 136 086 079 128 153
0011 132 053 180 122 083 063 131 130
0012 126 050 180 128 084 069 124 127
0013 130 057 177 126 084 064 127 130
0014 130 057 183 126 081 073 127 129
0015 137 060 184 126 078 068 128 129
0016 144 057 193 128 075 064 120 132
0017 151 058 198 127 062 066 106 133
0018 153 059 201 122 061 065 101 134
0019 157 060 207 125 056 066 099 133
0020 156 059 207 125 055 069 102 132
0021 156 058 207 125 054 069 102 132
0022 156 060 207 125 055 070 104 133
0023 157 060 207 125 055 070 104 134
0024 157 063 206 128 060 071 100 139
0025 162 085 205 144 071 075 113 141
0026 160 136 208 188 077 157 121 220
0027 168 174 209 231 088 194 145 239
