0000 144 134 198 175 084 155 135 201
0001 149 113 204 161 085 130 131 177
0002 088 106 136 159 145 096 200 144
0003 084 077 135 143 145 082 196 134
0004 085 068 141 135 146 071 196 131
0005 146 066 192 125 085 062 140 125
0006 085 056 140 121 150 061 191 124
0007 092 051 143 121 146 050 186 116
0008 094 050 143 118 149 052 188 118
0009 093 054 145 116 151 043 187 116
0010 150 044 190 113 091 048 143 112
0011 155 047 196 114 083 052 135 114
0012 152 049 198 111 082 053 137 112
0013 152 049 199 113 081 052 137 112
0014 156 047 196 116 082 052 137 113
0015 159 049 197 115 075 053 132 113
0016 157 050 197 116 074 053 133 116
0017 156 054 197 118 077 054 131 118
0018 155 052 201 118 075 054 131 120
0019 078 054 134 118 156 056 196 121
0020 074 060 131 124 158 060 196 124
0021 081 070 129 133 157 073 191 139
0022 084 094 130 157 156 098 198 162
0023 079 126 122 176 150 132 194 179
0024 148 152 200 197 071 151 121 198
0025 068 190 112 228 151 184 202 229
0026 154 207 203 238 066 216 116 239
