0002 048 223 097 239 000 000 000 000
0003 053 208 104 239 000 000 000 000
0004 134 200 177 239 068 193 119 234
0005 145 140 181 195 084 177 134 206
0006 153 086 180 133 098 162 157 193
0007 152 054 178 107 109 151 169 180
0008 150 034 176 091 118 146 178 176
0009 148 028 175 087 124 146 181 176
0010 144 025 170 081 128 144 183 177
0011 141 020 170 077 128 144 186 175
0012 135 016 163 072 127 145 187 172
0013 136 018 163 073 125 142 183 172
0014 144 016 170 072 119 136 176 165
0015 115 132 173 161 145 017 169 069
0016 139 018 166 067 106 131 166 163
0017 137 020 162 067 102 129 164 162
0018 138 014 164 070 097 126 156 160
0019 139 015 165 067 090 125 151 158
0020 139 016 165 070 083 126 138 162
0021 137 017 161 064 074 126 133 157
0022 134 021 164 069 067 125 122 154
0023 133 013 160 067 061 127 116 157
0024 139 008 166 066 050 129 103 159
0025 138 012 165 066 045 128 095 159
0026 135 019 164 067 038 125 088 157
0027 136 022 164 069 033 123 081 154
0028 138 013 165 067 023 120 070 151
0029 138 013 165 066 014 115 057 145
0030 133 021 162 070 002 114 052 145
0031 131 027 160 072 000 111 038 146
0032 138 023 166 073 000 116 028 147
0033 137 026 174 079 000 124 026 162
0034 000 150 036 191 143 062 176 099
0035 003 170 052 230 140 109 184 152
0036 140 158 184 212 025 199 074 239
0037 137 194 181 238 036 213 084 239
0038 042 220 082 239 136 221 171 239
0039 042 223 082 239 000 000 000 000
