0006 127 201 164 231 000 000 000 000
0007 136 138 170 181 000 000 000 000
0008 144 094 185 133 000 000 000 000
0009 149 063 183 102 060 224 079 239
0010 151 054 185 092 061 220 088 239
0011 149 048 188 092 068 206 094 237
0012 143 046 178 088 075 170 102 203
0013 082 149 121 190 142 045 177 080
0014 135 034 175 080 102 139 149 174
0015 135 035 165 076 113 144 156 174
0016 130 036 168 072 123 142 162 183
0017 128 026 165 071 126 165 167 196
0018 127 024 161 065 129 172 170 203
0019 127 027 158 062 133 156 167 185
0020 134 021 165 063 128 150 170 183
0021 136 022 167 063 120 151 158 182
0022 111 145 151 180 139 028 165 064
0023 138 023 170 065 100 135 141 166
0024 138 026 172 069 094 121 130 152
0025 136 030 169 068 089 107 123 139
0026 138 028 173 070 085 117 126 149
0027 135 032 171 073 081 116 123 144
0028 081 104 119 131 134 037 173 070
0029 133 037 171 071 081 098 117 127
0030 076 093 111 129 135 031 170 076
0031 071 089 102 129 134 031 171 074
0032 138 033 168 069 065 087 098 128
0033 138 032 168 070 063 092 093 125
0034 057 086 087 125 141 023 174 065
0035 054 085 086 123 136 025 165 059
0036 047 082 077 119 132 021 170 059
0037 037 078 073 117 136 017 166 055
0038 041 078 068 119 130 021 164 056
0039 031 081 066 115 132 018 164 056
0040 020 079 056 118 133 022 167 057
0041 019 079 051 123 136 020 168 057
0042 022 081 056 126 133 023 163 059
0043 130 028 167 059 032 079 056 119
0044 029 080 054 125 136 025 166 061
0045 017 086 054 130 140 027 170 062
0046 015 092 055 133 144 030 172 063
0047 152 047 178 087 022 103 049 145
0048 015 136 047 171 157 067 182 109
0049 156 104 183 145 008 176 052 204
0050 020 205 061 239 148 174 186 222
0051 044 220 066 237 000 000 000 000
