0000 154 206 203 239 058 223 104 239
0001 147 182 203 239 059 224 104 239
0002 139 131 197 189 173 149 213 221
0003 140 074 194 116 058 225 104 239
0004 150 055 201 103 059 223 104 239
0005 156 047 201 100 057 220 111 238
0006 071 174 146 222 139 062 199 106
0007 138 060 199 105 086 132 153 179
0008 148 043 202 097 092 121 162 170
0009 093 143 157 196 143 055 201 105
0010 149 051 201 100 086 137 156 197
0011 152 042 203 098 074 118 161 154
0012 152 048 202 100 065 106 136 142
0013 044 115 101 170 145 057 201 105
0014 146 049 200 100 027 104 088 149
0015 152 042 202 099 014 088 073 127
0016 152 056 202 100 000 083 047 126
0017 151 056 202 099 000 000 000 000
0018 150 056 207 097 000 062 016 103
0019 151 057 206 100 000 062 026 104
0020 003 074 062 123 151 067 204 109
0021 146 074 195 122 032 101 100 152
0022 143 111 199 165 053 130 118 197
0023 149 180 204 236 058 171 124 239
0024 053 195 115 239 150 208 204 239
0025 162 212 203 235 000 000 000 000
0028 164 218 205 239 000 000 000 000
0029 171 213 225 239 000 000 000 000
0030 175 224 228 238 000 000 000 000
