0007 148 188 189 235 052 207 102 239
0008 153 126 183 170 080 181 131 224
0009 154 068 181 120 101 163 156 196
0010 150 035 176 091 121 154 181 183
0011 150 032 175 086 129 152 186 185
0012 147 026 172 080 136 151 196 190
0013 146 029 171 083 137 156 195 201
0014 140 161 199 204 142 028 169 083
0015 140 024 164 079 135 159 199 202
0016 133 156 193 195 142 023 166 075
0017 147 027 170 079 124 153 187 194
0018 142 024 166 077 118 151 175 194
0019 112 151 170 195 136 029 163 082
0020 109 151 170 197 137 026 164 082
0021 145 019 167 074 105 150 163 196
0022 144 020 166 074 096 146 157 192
0023 138 026 167 081 090 146 151 192
0024 138 029 165 080 087 144 140 191
0025 085 144 135 188 143 023 166 074
0026 141 023 167 077 073 143 124 183
0027 139 030 166 079 069 144 120 183
0028 138 029 166 080 063 143 112 182
0029 140 022 165 075 058 145 111 183
0030 139 024 165 078 052 143 099 182
0031 045 142 091 182 135 031 165 079
0032 136 028 165 077 036 141 083 177
0033 027 142 075 181 140 022 164 072
0034 136 028 164 078 010 144 065 183
0035 011 140 057 184 134 035 166 082
0036 003 143 050 185 137 033 167 082
0037 143 036 177 092 000 152 041 197
0038 000 166 041 222 152 071 185 120
0039 003 199 050 238 157 128 194 175
0040 158 175 194 231 022 220 053 239
0041 151 210 187 239 000 000 000 000
