0000 091 207 130 237 208 200 252 235
0001 090 206 130 237 207 201 251 238
0002 090 207 130 237 208 200 251 239
0003 087 201 125 238 207 200 250 238
0004 090 206 130 237 208 200 252 235
0005 087 201 125 238 207 198 249 237
0006 083 200 129 239 209 203 250 239
0007 087 205 128 238 209 206 251 239
0008 083 201 129 239 208 207 251 237
0009 088 207 129 236 212 207 252 237
0010 082 202 129 239 208 206 252 238
0011 088 208 126 237 212 209 253 238
0012 085 202 128 238 211 203 250 234
0013 086 206 128 238 205 186 252 232
0014 082 207 134 237 201 187 255 232
0015 200 182 251 228 086 203 131 239
0016 085 202 132 238 193 166 250 205
0017 083 206 135 238 195 162 222 190
0018 086 198 131 239 199 143 246 181
0019 085 198 130 239 207 131 246 168
0020 086 199 131 239 208 107 242 147
0021 086 197 130 239 201 080 246 129
0022 086 197 131 239 200 056 249 114
0023 202 042 245 100 086 200 131 238
0024 199 030 237 088 086 201 131 239
0025 195 028 236 082 086 202 131 238
0026 193 025 229 074 085 202 131 239
0027 190 024 232 075 085 201 131 238
0028 190 025 225 074 085 201 131 239
0029 188 023 227 072 086 201 131 239
0030 185 024 226 072 085 200 131 239
0031 182 025 224 072 086 202 130 238
0032 180 024 225 072 086 200 129 237
0033 181 025 225 072 086 203 130 238
0034 182 025 223 073 086 203 130 238
0035 182 026 225 074 086 203 130 238
0036 183 026 225 074 087 201 129 237
0037 184 026 225 074 086 200 130 239
0038 184 026 226 075 083 197 131 239
0039 185 027 225 075 082 194 127 237
0040 185 026 228 074 081 177 119 235
0041 185 026 228 074 078 164 117 217
0042 184 027 225 072 072 138 113 188
0043 184 027 225 072 068 120 109 159
0044 184 027 225 073 063 099 112 139
0045 184 027 225 073 066 086 110 127
0046 183 027 225 073 066 086 116 128
0047 183 027 225 073 069 092 125 138
0048 183 028 225 073 091 105 137 157
0049 184 028 225 073 093 109 144 161
0050 183 029 226 075 099 119 151 165
0051 183 029 224 077 112 122 166 171
0052 183 028 226 073 121 127 174 174
0053 180 031 224 075 130 131 182 172
0054 184 031 226 075 134 132 189 171
0055 184 031 226 075 141 132 194 169
0056 185 030 224 077 150 133 206 167
0057 185 030 224 077 153 129 216 163
0058 182 032 224 074 159 128 221 164
0059 182 032 224 074 161 126 222 162
0060 185 028 225 073 162 126 223 163
0061 186 029 228 076 161 127 219 163
0062 188 033 225 079 157 126 219 164
0063 189 032 229 080 151 134 203 172
0064 191 038 228 090 138 147 195 183
0065 193 048 235 101 127 153 184 194
0066 196 067 235 122 114 167 168 212
0067 105 181 147 235 205 124 240 158
0068 095 195 141 237 208 160 246 208
0069 091 203 137 238 201 183 258 235
0070 092 201 138 237 208 199 255 236
0071 094 205 139 237 206 200 248 238
