0000 102 223 143 239 000 000 000 000
0001 103 223 143 239 000 000 000 000
0002 102 223 143 239 000 000 000 000
0003 103 222 144 239 000 000 000 000
0004 103 222 143 239 000 000 000 000
0005 103 218 145 239 000 000 000 000
0006 107 193 145 237 000 000 000 000
0007 103 140 144 189 000 000 000 000
0008 106 093 142 139 000 000 000 000
0009 109 091 139 131 000 000 000 000
0010 116 078 143 131 000 000 000 000
0011 118 090 147 144 000 000 000 000
0012 114 084 142 145 000 000 000 000
0013 111 091 138 146 000 000 000 000
0014 097 111 136 155 000 000 000 000
0015 097 143 129 190 000 000 000 000
0016 093 190 136 234 000 000 000 000
0017 093 208 139 239 000 000 000 000
0018 105 223 135 239 000 000 000 000
0019 104 222 135 239 000 000 000 000
0020 100 224 140 239 000 000 000 000
0021 096 225 137 239 000 000 000 000
