0006 089 205 150 239 000 000 000 000
0007 087 176 150 228 000 000 000 000
0008 081 148 153 199 000 000 000 000
0009 087 122 150 177 000 000 000 000
0010 085 109 152 170 000 000 000 000
0011 084 114 151 160 000 000 000 000
0012 084 113 152 162 000 000 000 000
0013 085 114 151 159 000 000 000 000
0014 082 115 153 161 000 000 000 000
0015 082 111 152 159 000 000 000 000
0016 079 107 151 161 000 000 000 000
0017 083 100 151 161 000 000 000 000
0018 083 113 150 159 000 000 000 000
0019 082 115 152 162 000 000 000 000
0020 082 121 152 171 000 000 000 000
0021 076 141 147 187 000 000 000 000
0022 083 175 152 223 000 000 000 000
0023 105 215 142 239 000 000 000 000
