0003 193 208 232 239 000 000 000 000
0004 206 183 260 221 000 000 000 000
0005 210 163 266 206 000 000 000 000
0006 208 152 266 195 000 000 000 000
0007 207 146 268 190 000 000 000 000
0008 208 144 267 188 000 000 000 000
0009 208 143 269 189 000 000 000 000
0010 210 142 269 186 000 000 000 000
0011 210 141 268 186 000 000 000 000
0012 211 147 269 183 000 000 000 000
0013 211 146 269 187 000 000 000 000
0014 211 139 267 184 000 000 000 000
0015 210 146 271 186 000 000 000 000
0016 210 148 272 186 000 000 000 000
0017 212 146 270 184 000 000 000 000
0018 213 149 270 187 000 000 000 000
0019 211 150 268 186 000 000 000 000
0020 210 141 269 186 000 000 000 000
0021 211 142 268 184 000 000 000 000
0022 212 149 270 187 000 000 000 000
0023 212 152 269 185 000 000 000 000
0024 211 156 266 194 000 000 000 000
0025 202 171 255 210 000 000 000 000
0026 181 203 218 239 000 000 000 000
0027 155 223 189 239 000 000 000 000
