0006 215 194 253 231 000 000 000 000
0007 222 154 269 188 000 000 000 000
0008 221 109 273 145 000 000 000 000
0009 222 082 261 118 000 000 000 000
0010 219 068 258 107 000 000 000 000
0011 214 068 254 114 000 000 000 000
0012 217 084 262 133 000 000 000 000
0013 212 100 259 148 000 000 000 000
0014 215 100 260 148 000 000 000 000
0015 215 102 265 153 000 000 000 000
0016 217 103 261 152 000 000 000 000
0017 218 105 260 155 000 000 000 000
0018 213 118 260 156 202 110 231 140
0019 209 135 251 176 000 000 000 000
0020 198 167 228 206 000 000 000 000
0021 179 206 210 238 000 000 000 000
