0002 111 224 142 239 000 000 000 000
0003 126 214 164 238 000 000 000 000
0004 166 162 210 201 000 000 000 000
0005 185 100 230 149 000 000 000 000
0006 189 074 233 129 000 000 000 000
0007 200 055 232 114 000 000 000 000
0008 198 048 233 107 000 000 000 000
0009 199 047 233 106 000 000 000 000
0010 196 044 233 103 000 000 000 000
0011 195 045 233 104 000 000 000 000
0012 194 044 232 102 000 000 000 000
0013 193 047 231 105 000 000 000 000
0014 193 047 231 106 000 000 000 000
0015 193 046 231 105 000 000 000 000
0016 193 046 231 105 000 000 000 000
0017 192 043 231 103 000 000 000 000
0018 190 046 232 101 000 000 000 000
0019 193 048 231 103 000 000 000 000
0020 194 054 234 108 000 000 000 000
0021 178 090 228 143 000 000 000 000
0022 162 135 208 189 000 000 000 000
0023 135 188 182 236 000 000 000 000
0024 120 208 166 239 000 000 000 000
0025 111 219 154 238 000 000 000 000
