0000 125 218 157 237 000 000 000 000
0001 127 215 165 239 000 000 000 000
0002 138 212 177 239 000 000 000 000
0003 164 202 202 237 000 000 000 000
0004 190 175 233 232 000 000 000 000
0005 211 141 258 204 000 000 000 000
0006 222 109 269 172 000 000 000 000
0007 227 089 275 150 000 000 000 000
0008 229 082 275 143 000 000 000 000
0009 228 083 276 143 000 000 000 000
0010 217 091 267 150 000 000 000 000
0011 204 102 251 164 000 000 000 000
0012 175 119 217 177 000 000 000 000
0013 146 145 183 196 000 000 000 000
0014 119 175 155 222 000 000 000 000
0015 104 196 142 236 000 000 000 000
0016 106 207 148 239 000 000 000 000
0017 105 211 154 239 000 000 000 000
0018 112 209 162 239 000 000 000 000
