0003 149 221 187 239 000 000 000 000
0004 176 195 216 237 000 000 000 000
0005 206 161 243 218 000 000 000 000
0006 222 125 263 190 000 000 000 000
0007 228 102 275 163 000 000 000 000
0008 228 092 276 151 000 000 000 000
0009 229 090 276 147 000 000 000 000
0010 229 091 276 147 000 000 000 000
0011 229 090 276 148 000 000 000 000
0012 227 091 273 150 000 000 000 000
0013 213 098 259 159 000 000 000 000
0014 186 126 228 182 000 000 000 000
0015 150 157 191 207 000 000 000 000
0016 116 197 166 237 000 000 000 000
0017 112 224 151 239 000 000 000 000
