0000 136 205 168 236 000 000 000 000
0001 136 188 166 217 000 000 000 000
0002 138 157 165 201 000 000 000 000
0003 142 133 167 187 000 000 000 000
0004 143 119 169 173 000 000 000 000
0005 143 107 169 162 000 000 000 000
0006 142 102 171 162 000 000 000 000
0007 146 106 176 162 000 000 000 000
0008 144 104 174 159 000 000 000 000
0009 143 104 175 162 000 000 000 000
0010 144 106 174 161 000 000 000 000
0011 147 103 175 157 000 000 000 000
0012 149 106 177 161 000 000 000 000
0013 150 105 176 160 000 000 000 000
0014 150 104 176 161 000 000 000 000
0015 147 106 174 160 000 000 000 000
0016 150 105 178 158 000 000 000 000
0017 149 104 177 159 000 000 000 000
0018 149 098 177 154 000 000 000 000
0019 148 093 176 152 000 000 000 000
0020 145 094 174 155 000 000 000 000
0021 138 121 173 172 000 000 000 000
0022 131 150 169 184 000 000 000 000
0023 132 179 165 199 000 000 000 000
0024 132 186 170 214 000 000 000 000
0025 133 202 173 233 000 000 000 000
0026 132 208 170 236 000 000 000 000
0027 134 212 168 239 000 000 000 000
0028 133 212 167 239 000 000 000 000
0029 134 212 167 238 000 000 000 000
0030 134 212 168 239 000 000 000 000
0031 134 211 167 238 000 000 000 000
0032 134 211 167 238 000 000 000 000
0033 134 211 168 238 000 000 000 000
0034 134 211 168 238 000 000 000 000
