0003 145 209 195 239 000 000 000 000
0004 150 183 201 235 000 000 000 000
0005 165 133 208 202 000 000 000 000
0006 164 112 215 183 000 000 000 000
0007 166 091 217 165 000 000 000 000
0008 170 079 219 153 000 000 000 000
0009 176 072 224 148 000 000 000 000
0010 177 068 223 141 000 000 000 000
0011 177 067 224 141 000 000 000 000
0012 172 069 222 145 000 000 000 000
0013 178 067 224 142 000 000 000 000
0014 177 068 225 141 000 000 000 000
0015 178 067 225 141 000 000 000 000
0016 175 064 218 142 000 000 000 000
0017 173 066 220 142 000 000 000 000
0018 172 068 219 145 000 000 000 000
0019 169 081 219 154 000 000 000 000
0020 160 120 206 193 000 000 000 000
0021 151 158 204 219 000 000 000 000
