0000 139 210 176 238 000 000 000 000
0001 140 210 176 238 000 000 000 000
0002 139 209 173 236 000 000 000 000
0003 139 209 173 236 000 000 000 000
0004 139 208 173 235 000 000 000 000
0005 139 207 173 236 000 000 000 000
0006 138 201 173 232 000 000 000 000
0007 132 184 171 208 000 000 000 000
0008 145 158 172 196 000 000 000 000
0009 144 133 169 177 000 000 000 000
0010 142 118 169 172 000 000 000 000
0011 145 106 171 161 000 000 000 000
0012 146 098 174 151 000 000 000 000
0013 146 096 174 149 000 000 000 000
0014 146 095 175 148 000 000 000 000
0015 148 095 177 148 000 000 000 000
0016 149 094 176 148 000 000 000 000
0017 145 093 174 145 000 000 000 000
0018 143 093 174 150 000 000 000 000
0019 144 093 175 147 000 000 000 000
0020 144 092 173 144 000 000 000 000
0021 144 091 174 143 000 000 000 000
0022 147 089 176 144 000 000 000 000
0023 149 089 176 142 000 000 000 000
0024 149 089 177 144 000 000 000 000
0025 144 092 174 143 000 000 000 000
0026 145 088 175 142 000 000 000 000
0027 146 089 176 143 000 000 000 000
0028 147 091 180 148 000 000 000 000
0029 144 097 173 148 000 000 000 000
0030 143 100 172 156 000 000 000 000
0031 144 117 170 171 000 000 000 000
0032 141 150 170 190 000 000 000 000
0033 141 179 170 206 000 000 000 000
0034 141 190 173 216 000 000 000 000
0035 138 201 177 228 000 000 000 000
0036 137 209 177 239 000 000 000 000
0037 137 209 177 239 000 000 000 000
0038 138 210 176 239 000 000 000 000
0039 139 210 177 239 000 000 000 000
0040 140 210 178 239 000 000 000 000
0041 140 210 178 239 000 000 000 000
