0004 196 174 245 233 000 000 000 000
0005 207 130 248 196 000 000 000 000
0006 218 099 261 163 000 000 000 000
0007 222 085 262 145 000 000 000 000
0008 220 080 267 143 000 000 000 000
0009 218 080 265 142 000 000 000 000
0010 217 081 265 145 000 000 000 000
0011 218 081 264 144 000 000 000 000
0012 217 081 264 144 000 000 000 000
0013 217 081 258 147 000 000 000 000
0014 215 085 255 152 000 000 000 000
0015 211 103 257 164 000 000 000 000
0016 204 156 249 214 000 000 000 000
0017 197 207 242 239 000 000 000 000
