0001 208 215 245 237 000 000 000 000
0002 214 173 255 217 000 000 000 000
0003 225 112 265 178 000 000 000 000
0004 226 098 265 165 000 000 000 000
0005 227 091 266 155 000 000 000 000
0006 226 085 266 151 000 000 000 000
0007 226 087 266 152 000 000 000 000
0008 227 087 267 152 000 000 000 000
0009 227 087 268 156 000 000 000 000
0010 227 083 266 152 000 000 000 000
0011 226 086 267 151 000 000 000 000
0012 227 086 265 152 000 000 000 000
0013 226 086 268 154 000 000 000 000
0014 226 085 268 151 000 000 000 000
0015 227 086 265 151 000 000 000 000
0016 226 085 265 152 000 000 000 000
0017 227 086 266 153 000 000 000 000
0018 225 088 270 153 000 000 000 000
0019 222 116 271 174 000 000 000 000
0020 213 156 260 200 000 000 000 000
0021 204 201 247 237 000 000 000 000
