0003 145 212 189 239 000 000 000 000
0004 155 190 196 229 000 000 000 000
0005 154 170 202 222 000 000 000 000
0006 157 133 211 197 000 000 000 000
0007 165 109 213 182 000 000 000 000
0008 167 090 218 162 000 000 000 000
0009 169 071 223 148 000 000 000 000
0010 170 067 224 142 000 000 000 000
0011 172 064 224 142 000 000 000 000
0012 173 065 224 144 000 000 000 000
0013 172 067 227 146 000 000 000 000
0014 173 068 228 146 000 000 000 000
0015 174 067 225 143 000 000 000 000
0016 173 067 226 143 000 000 000 000
0017 175 067 226 142 000 000 000 000
0018 175 067 225 141 000 000 000 000
0019 176 066 225 141 000 000 000 000
0020 175 065 226 141 000 000 000 000
0021 177 062 222 143 000 000 000 000
0022 176 063 220 142 000 000 000 000
0023 176 067 226 139 000 000 000 000
0024 182 066 222 137 000 000 000 000
0025 182 067 222 137 000 000 000 000
0026 182 066 222 139 000 000 000 000
0027 182 065 222 138 000 000 000 000
0028 183 064 223 137 000 000 000 000
0029 183 062 223 136 000 000 000 000
0030 183 060 224 133 000 000 000 000
0031 181 061 222 134 000 000 000 000
0032 182 059 223 131 000 000 000 000
0033 183 061 224 133 000 000 000 000
0034 183 061 225 134 000 000 000 000
0035 181 060 224 131 000 000 000 000
0036 181 061 222 132 000 000 000 000
0037 181 061 222 133 000 000 000 000
0038 181 061 222 134 000 000 000 000
0039 181 059 221 133 000 000 000 000
0040 180 062 221 134 000 000 000 000
0041 181 059 221 132 000 000 000 000
0042 182 058 224 132 000 000 000 000
0043 182 059 222 133 000 000 000 000
0044 182 059 222 132 000 000 000 000
0045 183 061 222 134 000 000 000 000
0046 181 061 222 135 000 000 000 000
0047 182 060 222 134 000 000 000 000
0048 186 060 227 133 000 000 000 000
0049 186 062 228 134 000 000 000 000
0050 187 064 229 134 000 000 000 000
0051 188 065 231 134 000 000 000 000
0052 185 067 234 132 000 000 000 000
0053 185 064 233 133 000 000 000 000
0054 190 066 238 135 000 000 000 000
0055 187 070 241 133 000 000 000 000
0056 189 070 241 134 000 000 000 000
0057 190 071 243 137 000 000 000 000
0058 189 071 242 137 000 000 000 000
0059 189 071 243 138 000 000 000 000
0060 189 072 240 136 000 000 000 000
0061 188 071 240 136 000 000 000 000
0062 188 070 240 135 000 000 000 000
0063 186 069 239 136 000 000 000 000
0064 187 070 240 136 000 000 000 000
0065 188 071 240 137 000 000 000 000
0066 187 070 240 136 000 000 000 000
0067 187 069 242 135 000 000 000 000
0068 187 069 241 135 000 000 000 000
0069 186 069 240 135 000 000 000 000
0070 186 069 240 135 000 000 000 000
0071 186 069 240 135 000 000 000 000
0072 188 069 238 134 000 000 000 000
0073 188 071 239 134 000 000 000 000
0074 188 070 239 134 000 000 000 000
0075 188 070 241 135 000 000 000 000
0076 188 070 241 134 000 000 000 000
0077 188 070 242 135 000 000 000 000
0078 188 069 243 134 000 000 000 000
0079 188 070 242 134 000 000 000 000
0080 184 068 244 136 000 000 000 000
0081 188 071 246 136 000 000 000 000
0082 189 071 247 136 000 000 000 000
0083 189 071 247 133 000 000 000 000
0084 185 073 243 136 000 000 000 000
0085 188 073 249 133 000 000 000 000
0086 187 074 248 138 000 000 000 000
0087 188 074 247 138 000 000 000 000
0088 188 073 247 134 000 000 000 000
0089 189 073 249 133 000 000 000 000
0090 189 073 249 133 000 000 000 000
0091 188 073 248 137 000 000 000 000
0092 188 072 249 134 000 000 000 000
0093 189 072 249 134 000 000 000 000
0094 190 072 247 136 000 000 000 000
0095 188 073 247 137 000 000 000 000
0096 189 077 245 138 000 000 000 000
0097 188 095 240 158 000 000 000 000
0098 172 132 234 187 000 000 000 000
