0000 094 222 120 239 183 223 205 239
0001 101 221 120 238 183 223 205 239
0002 102 221 121 238 181 222 208 237
0003 186 222 208 239 094 220 116 239
0004 073 207 099 238 198 209 228 238
0005 053 192 077 217 225 184 256 229
0006 033 131 064 158 221 117 274 156
0007 053 066 082 103 217 045 253 089
0008 083 038 116 073 176 023 215 062
0009 115 041 145 065 153 034 187 057
0010 121 042 150 067 152 037 178 060
0011 126 043 147 066 000 000 000 000
0012 126 046 149 069 000 000 000 000
0013 126 046 147 069 159 043 179 064
0014 128 047 152 069 157 043 181 062
0015 159 046 184 067 127 046 149 069
0016 162 043 186 065 126 047 150 070
0017 128 047 150 069 158 046 183 066
0018 129 046 151 069 158 043 183 064
0019 129 046 151 068 158 043 182 064
0020 130 047 152 069 158 045 182 066
0021 128 047 150 070 000 000 000 000
0022 128 046 150 069 000 000 000 000
0023 128 046 152 066 158 047 182 068
0024 127 046 151 069 157 047 183 068
0025 128 046 153 067 000 000 000 000
0026 126 047 152 068 158 044 183 065
0027 158 044 187 070 127 053 147 074
0028 172 040 203 068 111 052 139 077
0029 193 037 225 071 097 055 127 081
0030 069 066 103 102 233 067 269 115
0031 049 112 075 147 247 137 289 179
0032 054 192 076 214 222 214 249 239
0033 075 210 096 235 204 220 224 239
0034 194 220 213 239 086 219 105 237
0035 098 223 118 239 181 221 205 239
0036 186 223 207 239 098 219 124 239
0037 188 223 208 239 096 217 118 237
0038 095 215 119 237 186 220 208 239
0039 185 223 206 239 096 217 119 239
0040 096 218 121 238 181 222 206 238
0041 180 223 204 239 102 221 121 239
