0000 184 197 206 230 116 199 135 232
0001 116 201 136 232 184 196 206 229
0002 116 200 136 231 184 196 206 229
0003 117 200 136 230 184 196 205 228
0004 116 201 135 231 184 196 205 231
0005 183 200 203 229 115 199 132 228
0006 105 194 127 225 194 195 214 229
0007 081 175 108 203 215 176 236 212
0008 062 128 090 160 230 127 252 165
0009 070 075 096 110 220 065 245 102
0010 095 045 122 074 188 042 213 065
0011 125 040 150 069 164 049 186 072
0012 133 047 156 066 000 000 000 000
0013 133 048 153 067 000 000 000 000
0014 134 049 153 069 000 000 000 000
0015 135 052 156 071 000 000 000 000
0016 134 049 154 067 000 000 000 000
0017 135 049 153 070 000 000 000 000
0018 135 051 155 071 000 000 000 000
0019 124 055 145 080 172 053 196 074
0020 107 061 131 082 193 055 219 086
0021 210 074 234 119 099 069 121 101
0022 088 104 113 136 214 146 239 184
0023 198 178 219 217 096 150 119 184
0024 187 192 205 224 108 177 127 209
0025 117 191 135 222 183 195 200 225
0026 120 194 140 227 181 194 203 228
