0000 181 189 200 223 104 207 127 236
0001 104 208 127 236 179 190 197 222
0002 096 208 121 239 186 190 206 219
0003 071 203 095 238 214 178 238 203
0004 243 121 277 149 000 000 000 000
0005 051 071 081 105 228 060 254 096
0006 192 032 220 066 081 036 109 066
0007 104 041 130 064 158 041 190 069
0008 157 070 188 090 000 000 000 000
0009 157 070 186 092 000 000 000 000
0010 157 070 186 092 000 000 000 000
0011 158 069 185 094 000 000 000 000
0012 157 071 185 095 000 000 000 000
0013 157 069 185 095 000 000 000 000
0014 157 069 187 091 110 070 131 093
0015 160 065 191 087 103 064 134 091
0016 093 063 117 088 180 065 209 094
0017 066 119 093 155 210 125 241 152
0018 075 179 104 209 207 173 229 198
0019 093 202 113 228 195 188 214 220
0020 179 190 198 226 109 206 129 231
0021 107 206 130 235 180 191 198 224
0022 099 211 126 239 180 190 198 224
