0000 095 220 115 237 178 222 203 239
0001 097 219 119 239 178 223 202 239
0002 091 220 114 238 183 221 206 239
0003 077 208 102 236 202 215 227 239
0004 233 175 270 219 046 189 070 210
0005 031 130 060 155 232 113 277 152
0006 053 062 086 105 213 048 252 089
0007 177 029 215 067 080 041 116 075
0008 102 038 133 063 159 033 192 063
0009 116 037 145 063 155 041 182 062
0010 126 038 148 062 158 042 182 064
0011 126 042 151 064 156 043 180 067
0012 126 046 151 066 161 043 182 066
0013 157 044 178 067 000 000 000 000
0014 153 045 176 068 000 000 000 000
0015 152 046 176 068 000 000 000 000
0016 157 046 178 069 128 045 154 067
0017 128 045 156 066 000 000 000 000
0020 125 049 150 068 153 044 176 067
0023 120 046 139 067 158 042 183 068
0024 165 041 197 071 105 042 138 066
0025 193 040 223 077 079 045 107 079
0026 047 067 074 105 223 060 265 111
0027 241 127 280 166 016 122 055 147
0028 025 176 056 199 232 189 260 218
0029 054 207 078 236 208 213 231 239
0030 078 220 098 237 192 224 213 239
0031 085 221 106 237 000 000 000 000
0032 187 222 207 239 091 223 109 239
0033 184 223 211 239 088 221 107 237
0034 079 222 103 238 194 223 216 238
0035 075 220 098 238 194 224 214 239
