0000 180 194 200 227 101 204 130 236
0001 181 194 200 227 104 208 125 235
0002 181 194 200 226 103 207 125 235
0003 095 207 120 236 189 189 209 222
0004 217 170 237 194 067 190 091 221
0005 050 111 075 139 236 099 261 125
0006 067 059 091 091 220 062 242 090
0007 185 034 212 069 091 041 120 067
0008 157 060 184 082 100 054 129 081
0009 155 063 182 087 000 000 000 000
0010 154 063 184 086 000 000 000 000
0011 153 064 181 087 000 000 000 000
0012 154 067 184 088 000 000 000 000
0013 153 067 180 086 000 000 000 000
0014 152 067 180 088 107 066 131 088
0015 158 063 189 086 103 062 128 087
0016 078 068 105 102 193 069 216 101
0017 065 125 090 156 213 133 244 160
0018 210 172 236 200 070 171 093 192
0019 088 207 112 235 192 190 208 219
0020 100 208 124 235 177 190 194 222
0021 180 189 197 219 095 206 118 236
0022 095 206 118 234 180 188 198 222
