0001 143 223 171 239 000 000 000 000
0002 139 224 170 239 000 000 000 000
0003 149 223 177 239 000 000 000 000
0004 157 223 183 239 000 000 000 000
0005 156 224 182 239 000 000 000 000
0006 162 222 185 239 000 000 000 000
0008 171 221 199 239 000 000 000 000
0009 189 183 221 235 000 000 000 000
0010 198 160 231 219 000 000 000 000
0011 202 139 241 195 000 000 000 000
0012 210 113 248 167 000 000 000 000
0013 213 105 250 156 000 000 000 000
0014 215 093 252 144 000 000 000 000
0015 214 089 254 140 000 000 000 000
0016 213 088 256 139 000 000 000 000
0017 216 088 257 143 000 000 000 000
0018 216 088 258 140 000 000 000 000
0019 218 089 260 140 000 000 000 000
0020 218 092 261 147 000 000 000 000
0021 221 094 262 147 000 000 000 000
0022 219 099 261 152 000 000 000 000
0023 213 119 260 170 000 000 000 000
0024 212 138 245 201 000 000 000 000
0025 188 180 224 233 000 000 000 000
0026 176 201 211 235 000 000 000 000
0027 158 222 190 239 000 000 000 000
