0010 142 207 181 236 000 000 000 000
0011 150 170 192 220 000 000 000 000
0012 146 135 188 187 000 000 000 000
0013 140 110 178 169 000 000 000 000
0014 134 092 173 141 000 000 000 000
0015 126 081 168 136 000 000 000 000
0016 124 077 159 128 000 000 000 000
0017 121 082 155 135 000 000 000 000
0018 119 102 157 162 000 000 000 000
0019 119 107 157 161 000 000 000 000
0020 117 110 156 161 000 000 000 000
0021 117 112 157 163 000 000 000 000
0022 118 112 156 163 000 000 000 000
0023 119 113 158 162 000 000 000 000
0024 118 114 157 166 000 000 000 000
0025 117 117 158 168 000 000 000 000
0026 115 117 159 177 000 000 000 000
0027 118 116 159 171 000 000 000 000
0028 117 117 160 172 000 000 000 000
0029 117 120 158 174 000 000 000 000
0030 117 128 154 174 000 000 000 000
0031 114 135 157 182 000 000 000 000
0032 111 152 155 211 000 000 000 000
0033 100 187 151 238 000 000 000 000
0034 098 214 150 239 000 000 000 000
