0003 128 222 176 239 000 000 000 000
0004 125 192 180 235 000 000 000 000
0005 145 144 199 190 000 000 000 000
0006 148 134 207 180 000 000 000 000
0007 161 103 217 152 000 000 000 000
0008 168 080 223 134 000 000 000 000
0009 168 066 223 120 000 000 000 000
0010 168 059 220 109 000 000 000 000
0011 165 056 220 108 000 000 000 000
0012 165 053 219 108 000 000 000 000
0013 167 056 220 108 000 000 000 000
0014 167 058 220 109 000 000 000 000
0015 167 059 221 109 000 000 000 000
0016 166 060 221 110 000 000 000 000
0017 162 062 220 112 000 000 000 000
0018 160 063 217 112 000 000 000 000
0019 155 075 217 121 000 000 000 000
0020 152 100 210 145 000 000 000 000
0021 139 145 193 194 000 000 000 000
0022 129 173 187 225 000 000 000 000
0023 123 217 174 239 000 000 000 000
