0006 198 210 229 235 000 000 000 000
0007 219 157 259 198 000 000 000 000
0008 222 125 254 172 000 000 000 000
0009 204 084 239 133 000 000 000 000
0010 189 075 225 110 000 000 000 000
0011 183 071 220 107 000 000 000 000
0012 178 074 216 108 000 000 000 000
0013 179 074 220 113 000 000 000 000
0014 178 074 217 112 000 000 000 000
0015 179 073 221 111 000 000 000 000
0016 179 073 220 111 000 000 000 000
0017 181 075 220 113 000 000 000 000
0018 181 075 220 113 000 000 000 000
0019 180 071 222 112 000 000 000 000
0020 180 078 219 117 000 000 000 000
0021 182 086 222 124 000 000 000 000
0022 186 110 226 150 000 000 000 000
0023 191 163 222 201 000 000 000 000
0024 186 196 216 233 000 000 000 000
