0000 195 222 227 239 000 000 000 000
0001 197 222 229 239 000 000 000 000
0002 189 211 231 238 081 222 130 239
0003 202 197 249 235 082 222 131 239
0004 213 172 262 214 000 000 000 000
0005 223 157 266 193 089 223 126 238
0006 228 126 267 168 000 000 000 000
0007 222 098 261 141 090 223 127 238
0008 217 081 256 125 088 223 126 238
0009 216 078 249 116 088 224 130 239
0010 211 090 249 147 090 224 127 238
0011 209 116 251 177 089 224 127 238
0012 210 127 251 186 082 223 126 239
0013 208 131 249 187 087 223 130 239
0014 208 130 248 186 000 000 000 000
0015 210 131 251 185 082 223 127 239
0016 211 131 251 186 082 224 127 239
0017 210 131 250 185 082 224 126 239
0018 209 131 248 186 082 223 127 239
0019 208 131 248 186 082 224 127 239
0020 209 130 250 187 083 225 127 239
0021 209 131 247 186 082 224 126 239
0022 209 131 247 185 000 000 000 000
0023 211 129 247 184 000 000 000 000
0024 215 129 244 181 000 000 000 000
0025 211 121 249 176 000 000 000 000
0026 213 120 251 171 000 000 000 000
0027 216 118 251 172 000 000 000 000
0028 217 111 254 164 000 000 000 000
0029 213 111 255 163 000 000 000 000
0030 215 108 255 160 000 000 000 000
0031 214 104 255 156 000 000 000 000
0032 216 107 256 159 000 000 000 000
0033 216 109 257 159 000 000 000 000
0034 216 109 256 161 000 000 000 000
0035 215 111 256 163 000 000 000 000
0036 217 113 256 165 000 000 000 000
0037 214 113 255 165 000 000 000 000
0038 216 114 252 165 000 000 000 000
0039 216 119 251 172 000 000 000 000
0040 215 121 251 179 000 000 000 000
0041 214 121 252 178 000 000 000 000
0042 213 127 251 180 000 000 000 000
0043 215 125 252 184 000 000 000 000
0044 215 129 245 181 000 000 000 000
0045 217 130 251 184 000 000 000 000
0046 225 127 257 179 000 000 000 000
0047 221 130 257 182 000 000 000 000
0048 222 129 257 184 000 000 000 000
0049 223 129 257 183 000 000 000 000
0050 223 130 261 183 000 000 000 000
0051 224 130 263 181 000 000 000 000
0052 225 132 262 184 000 000 000 000
0053 223 132 259 184 000 000 000 000
0054 222 132 260 185 000 000 000 000
0055 223 131 260 185 000 000 000 000
0056 223 132 260 185 000 000 000 000
0057 224 131 260 182 000 000 000 000
0058 223 131 259 185 000 000 000 000
0059 223 130 259 185 000 000 000 000
0060 223 130 260 181 000 000 000 000
0061 221 129 261 177 000 000 000 000
0062 223 126 257 177 000 000 000 000
0063 222 129 257 182 000 000 000 000
0064 222 133 255 185 000 000 000 000
0065 223 133 259 183 000 000 000 000
0066 223 136 255 183 000 000 000 000
0067 223 137 255 185 000 000 000 000
0068 220 144 252 194 000 000 000 000
0069 215 153 254 204 000 000 000 000
0070 207 177 246 237 000 000 000 000
0071 185 213 226 239 000 000 000 000
