0000 098 209 140 237 000 000 000 000
0001 098 209 140 237 000 000 000 000
0002 097 207 139 239 000 000 000 000
0003 096 189 140 228 000 000 000 000
0004 101 138 144 170 000 000 000 000
0005 103 105 145 142 000 000 000 000
0006 104 094 142 132 000 000 000 000
0007 107 092 144 128 000 000 000 000
0008 106 094 145 132 000 000 000 000
0009 104 096 143 132 000 000 000 000
0010 103 096 143 132 000 000 000 000
0011 105 099 142 133 000 000 000 000
0012 100 127 148 152 000 000 000 000
0013 097 159 145 194 000 000 000 000
0014 094 189 139 225 000 000 000 000
0015 092 212 136 237 000 000 000 000
