0002 125 221 183 238 000 000 000 000
0003 127 203 185 238 000 000 000 000
0004 129 170 177 211 000 000 000 000
0005 129 143 179 185 000 000 000 000
0006 124 124 177 173 000 000 000 000
0007 119 112 170 167 000 000 000 000
0008 115 101 167 156 000 000 000 000
0009 123 094 163 156 000 000 000 000
0010 116 091 160 152 000 000 000 000
0011 113 091 157 153 000 000 000 000
0012 110 093 155 155 000 000 000 000
0013 111 099 148 158 000 000 000 000
0014 103 099 145 160 000 000 000 000
0015 100 102 145 169 000 000 000 000
0016 096 109 143 169 000 000 000 000
0017 097 115 139 174 000 000 000 000
0018 096 117 140 179 000 000 000 000
0019 095 121 138 180 000 000 000 000
0020 096 124 139 184 000 000 000 000
0021 096 123 140 185 000 000 000 000
0022 096 124 140 186 000 000 000 000
0023 096 124 140 185 000 000 000 000
0024 096 123 141 185 000 000 000 000
0025 102 125 142 187 000 000 000 000
0026 106 124 142 187 000 000 000 000
0027 098 123 142 184 000 000 000 000
0028 099 124 142 184 000 000 000 000
0029 100 124 142 183 000 000 000 000
0030 100 123 144 183 000 000 000 000
0031 099 122 144 184 000 000 000 000
0032 105 124 141 186 000 000 000 000
0033 104 124 141 185 000 000 000 000
0034 097 124 142 184 000 000 000 000
0035 098 125 144 184 000 000 000 000
0036 097 124 143 184 000 000 000 000
0037 096 122 141 184 000 000 000 000
0038 103 124 141 185 000 000 000 000
0039 105 126 140 185 000 000 000 000
0040 097 123 142 184 000 000 000 000
0041 094 124 145 180 000 000 000 000
0042 096 125 150 175 000 000 000 000
0043 099 125 154 170 000 000 000 000
0044 106 130 162 170 000 000 000 000
0045 113 144 174 184 000 000 000 000
0046 125 183 183 232 000 000 000 000
0047 128 213 187 239 000 000 000 000
