0006 194 219 232 237 000 000 000 000
0007 183 165 241 232 000 000 000 000
0008 174 121 228 173 000 000 000 000
0009 175 085 216 134 000 000 000 000
0010 164 059 205 108 000 000 000 000
0011 152 048 201 101 000 000 000 000
0012 146 041 196 093 000 000 000 000
0013 147 031 194 087 000 000 000 000
0014 146 027 191 084 000 000 000 000
0015 147 029 190 083 000 000 000 000
0016 147 028 191 081 000 000 000 000
0017 147 029 191 081 000 000 000 000
0018 146 028 191 083 000 000 000 000
0019 146 028 191 083 000 000 000 000
0020 147 028 191 082 000 000 000 000
0021 146 028 192 084 000 000 000 000
0022 147 029 192 083 000 000 000 000
0023 148 032 192 084 000 000 000 000
0024 147 034 194 087 000 000 000 000
0025 148 045 196 095 000 000 000 000
0026 150 064 202 112 000 000 000 000
0027 150 094 205 142 000 000 000 000
0028 152 121 206 172 000 000 000 000
0029 148 174 200 229 000 000 000 000
0030 140 217 190 239 000 000 000 000
