0008 089 224 129 238 000 000 000 000
0009 089 223 128 238 000 000 000 000
0011 198 207 234 235 000 000 000 000
0012 214 217 256 239 000 000 000 000
0013 222 196 266 236 000 000 000 000
0014 231 176 276 216 000 000 000 000
0015 236 149 277 196 000 000 000 000
0016 234 136 275 181 000 000 000 000
0017 230 118 268 165 000 000 000 000
0018 220 104 256 148 000 000 000 000
0019 215 101 250 148 000 000 000 000
0020 210 111 247 166 000 000 000 000
0021 205 134 245 195 000 000 000 000
0022 205 152 242 213 000 000 000 000
0023 208 161 242 217 000 000 000 000
0024 207 161 244 219 000 000 000 000
0025 209 162 250 223 000 000 000 000
0026 214 167 248 223 000 000 000 000
0027 210 167 252 222 000 000 000 000
0028 214 164 248 222 000 000 000 000
0029 210 162 251 221 000 000 000 000
0030 211 162 252 221 000 000 000 000
0031 209 157 250 218 000 000 000 000
0032 212 157 250 218 000 000 000 000
0033 208 156 246 218 000 000 000 000
0034 207 155 246 218 000 000 000 000
0035 207 156 251 217 000 000 000 000
0036 209 155 253 216 000 000 000 000
0037 212 151 251 207 000 000 000 000
0038 209 148 249 204 000 000 000 000
0039 208 145 249 202 000 000 000 000
0040 208 150 246 207 000 000 000 000
0041 209 150 247 206 000 000 000 000
0042 209 150 247 205 000 000 000 000
0043 206 147 247 205 000 000 000 000
0044 206 151 252 214 000 000 000 000
0045 208 156 246 210 000 000 000 000
0046 207 163 244 217 000 000 000 000
0047 205 165 243 225 000 000 000 000
0048 201 177 239 230 000 000 000 000
0049 188 191 235 239 000 000 000 000
0050 185 217 214 239 000 000 000 000
