0000 201 188 223 223 116 181 136 217
0001 199 189 222 224 119 188 137 217
0002 199 188 221 223 119 184 138 219
0003 199 189 221 223 119 184 138 220
0004 200 190 221 224 119 183 139 219
0005 201 190 223 225 121 188 140 221
0006 201 188 224 224 118 184 139 218
0007 213 191 233 225 122 188 140 217
0008 229 186 255 223 118 183 140 219
0009 118 186 140 220 245 182 272 210
0010 119 184 140 221 265 136 305 164
0011 267 108 314 138 119 185 137 217
0012 266 061 304 099 118 186 140 221
0013 258 039 295 084 119 185 140 221
0014 254 025 284 072 118 185 139 220
0015 250 016 280 065 118 186 140 222
0016 245 013 276 063 118 185 140 221
0017 244 012 273 059 118 185 140 220
0018 241 011 271 056 118 185 140 221
0019 244 012 273 061 118 185 140 221
0020 243 011 275 061 119 187 140 220
0021 244 011 276 062 118 188 139 220
0022 243 011 280 058 118 185 139 218
0023 245 014 277 062 118 185 139 218
0024 246 012 279 058 120 187 139 218
0025 246 016 278 063 116 188 138 220
0026 244 017 282 064 119 187 139 218
0027 250 029 283 071 119 185 139 218
0028 118 187 139 218 250 065 287 096
0029 253 099 282 129 119 186 140 218
0030 119 186 139 219 234 122 271 166
0031 235 154 259 197 117 187 138 219
0032 223 172 245 210 119 185 136 215
0033 217 178 239 217 119 183 139 217
0034 119 183 140 216 209 192 228 224
0035 119 181 140 215 204 189 224 223
0036 119 181 140 217 204 188 222 223
0037 119 182 141 217 203 189 222 223
