0000 177 189 199 226 107 206 130 237
0001 106 205 129 234 179 183 201 222
0002 107 206 129 236 188 151 211 181
0003 107 206 129 236 189 105 211 127
0004 182 068 207 101 107 205 130 235
0005 105 204 130 237 174 057 202 089
0006 185 031 216 071 107 207 129 236
0007 191 025 219 060 106 207 128 236
0008 210 010 235 051 106 207 128 236
0009 214 011 240 051 106 208 128 236
0010 215 010 241 051 106 207 128 237
0011 217 009 242 049 106 208 127 237
0012 217 009 243 049 106 208 127 236
0013 217 010 242 051 106 208 127 236
0014 217 010 242 052 105 208 127 236
0015 217 010 242 052 105 207 127 236
0016 219 012 246 052 106 207 127 237
0017 218 012 246 053 106 207 127 236
0018 214 009 242 055 105 207 127 236
0019 208 018 235 059 105 207 127 237
0020 194 029 221 074 105 207 127 236
0021 106 208 127 237 183 067 209 099
0022 181 085 207 117 106 207 127 237
0023 106 207 128 237 186 131 207 159
0024 106 207 128 237 187 162 213 186
0025 106 207 128 237 188 182 209 213
0026 106 207 129 237 185 190 205 225
0027 106 207 129 238 185 194 206 228
0028 106 207 129 237 185 192 205 228
0029 105 207 127 237 185 193 206 226
0030 105 208 127 237 185 191 205 226
0031 106 208 128 237 184 191 203 227
0032 106 207 128 237 184 190 203 224
0033 181 192 203 227 107 205 128 236
0034 182 192 202 228 107 205 127 237
