0001 165 224 187 239 000 000 000 000
0002 177 224 199 239 000 000 000 000
0003 197 180 225 215 000 000 000 000
0004 204 107 246 159 000 000 000 000
0005 205 041 241 100 000 000 000 000
0006 193 015 237 071 000 000 000 000
0007 184 003 223 055 000 000 000 000
0008 178 004 217 049 000 000 000 000
0009 177 005 218 053 000 000 000 000
0010 177 007 216 054 000 000 000 000
0011 176 007 217 056 000 000 000 000
0012 175 008 217 057 000 000 000 000
0013 178 011 217 060 000 000 000 000
0014 178 011 217 061 000 000 000 000
0015 179 008 218 061 000 000 000 000
0016 175 009 219 062 000 000 000 000
0017 177 009 216 061 000 000 000 000
0018 177 009 219 061 000 000 000 000
0019 178 011 223 066 000 000 000 000
0020 177 014 223 068 000 000 000 000
0021 178 016 225 070 000 000 000 000
0022 179 015 226 070 000 000 000 000
0023 180 018 228 074 000 000 000 000
0024 181 019 225 075 000 000 000 000
0025 183 020 225 073 000 000 000 000
0026 178 018 229 074 000 000 000 000
0027 180 020 230 075 000 000 000 000
0028 179 018 229 075 000 000 000 000
0029 183 021 229 080 000 000 000 000
0030 188 030 230 088 000 000 000 000
0031 194 084 231 126 000 000 000 000
0032 190 149 224 196 000 000 000 000
0033 179 202 210 237 000 000 000 000
0034 179 223 200 239 000 000 000 000
0038 169 223 188 239 000 000 000 000
0039 170 224 189 239 000 000 000 000
