0000 048 225 077 239 000 000 000 000
0001 121 225 155 239 000 000 000 000
0002 110 208 156 236 048 225 077 239
0003 117 166 162 213 000 000 000 000
0004 118 118 160 175 049 224 080 239
0005 119 081 162 140 047 224 074 239
0006 121 065 162 122 049 225 077 239
0007 124 053 160 112 050 224 075 239
0008 123 051 166 111 046 225 075 239
0009 127 050 165 109 049 225 078 239
0010 126 049 165 110 047 225 076 239
0011 126 050 164 110 051 225 076 239
0012 124 053 166 109 051 225 076 239
0013 122 050 167 111 049 225 079 239
0014 122 051 166 111 049 225 078 239
0015 121 051 166 111 000 000 000 000
0016 120 051 166 107 050 223 078 239
0017 120 058 163 117 049 225 075 239
0018 121 075 156 133 047 225 076 239
0019 111 112 158 163 047 225 076 239
0020 116 176 155 222 047 225 077 239
0021 112 208 153 239 047 225 076 239
0022 117 224 149 239 046 225 077 239
0023 046 225 076 239 000 000 000 000
0024 046 224 076 239 000 000 000 000
