0000 043 223 077 238 000 000 000 000
0001 043 223 078 238 000 000 000 000
0002 043 223 077 238 000 000 000 000
0003 108 215 150 238 043 224 078 239
0004 120 156 169 211 044 223 075 239
0005 120 118 160 172 047 225 074 239
0006 130 080 164 139 047 222 076 237
0007 126 074 166 130 043 224 078 239
0008 123 065 165 118 000 000 000 000
0009 125 061 169 117 042 223 079 239
0010 126 057 168 116 000 000 000 000
0011 125 060 170 116 000 000 000 000
0012 125 059 170 114 042 222 078 239
0013 123 060 165 112 000 000 000 000
0014 123 060 165 111 045 224 075 239
0015 125 059 170 115 045 224 075 239
0016 125 059 170 116 047 225 075 239
0017 122 061 164 114 045 224 076 239
0018 125 063 170 120 044 222 075 239
0019 126 069 164 127 047 224 075 239
0020 130 104 159 158 044 222 075 239
0021 126 159 160 197 047 225 076 239
0022 119 206 158 238 000 000 000 000
0023 047 225 077 239 000 000 000 000
0024 047 224 074 239 000 000 000 000
