0000 046 211 097 237 000 000 000 000
0001 049 213 098 237 000 000 000 000
0002 049 212 097 238 000 000 000 000
0003 048 211 098 238 000 000 000 000
0004 049 211 097 237 000 000 000 000
0005 047 210 095 238 000 000 000 000
0006 047 211 093 237 000 000 000 000
0007 047 209 091 237 000 000 000 000
0008 040 207 085 237 000 000 000 000
0009 035 203 082 238 000 000 000 000
0010 030 195 079 236 135 207 181 238
0011 038 195 080 237 146 169 195 222
0012 165 133 207 197 044 201 086 238
0013 170 109 215 174 042 214 084 239
0014 178 090 218 155 041 214 084 239
0015 177 074 221 140 044 213 088 239
0016 178 065 223 131 043 217 086 239
0017 180 056 223 125 044 216 086 239
0018 180 052 224 121 042 213 087 239
0019 180 049 226 117 043 216 085 239
0020 181 048 225 115 043 215 086 239
0021 182 047 225 115 044 216 082 237
0022 182 047 226 115 044 215 081 237
0023 183 045 226 114 042 217 088 239
0024 184 050 223 117 042 213 087 239
0025 188 046 228 114 044 216 088 239
0026 189 046 229 114 045 217 089 239
0027 187 048 231 114 041 215 086 239
0028 194 045 233 111 042 215 087 239
0029 186 049 232 114 042 215 087 239
0030 189 051 228 118 041 215 088 239
0031 181 062 225 124 042 214 088 239
0032 171 082 215 140 042 214 089 239
0033 160 105 207 161 042 214 089 239
0034 145 154 195 202 042 214 089 239
0035 131 194 195 235 042 214 090 238
0036 044 214 089 239 137 220 185 239
0037 043 214 088 239 000 000 000 000
0038 041 216 082 238 000 000 000 000
0039 043 216 087 239 000 000 000 000
