0000 036 214 099 238 000 000 000 000
0001 034 213 085 239 000 000 000 000
0002 030 221 072 237 000 000 000 000
0008 147 197 195 236 000 000 000 000
0009 157 146 202 200 000 000 000 000
0010 160 122 204 184 000 000 000 000
0011 168 095 213 162 000 000 000 000
0012 168 086 219 153 000 000 000 000
0013 168 082 224 151 000 000 000 000
0014 171 079 224 149 000 000 000 000
0015 171 075 223 141 000 000 000 000
0016 172 072 224 136 000 000 000 000
0017 171 070 233 132 000 000 000 000
0018 174 065 232 131 000 000 000 000
0019 180 058 234 123 000 000 000 000
0020 182 052 233 119 000 000 000 000
0021 178 051 229 117 000 000 000 000
0022 184 047 229 116 000 000 000 000
0023 183 045 232 113 000 000 000 000
0024 180 045 231 113 000 000 000 000
0025 181 044 231 111 000 000 000 000
0026 180 044 231 112 000 000 000 000
0027 182 046 225 112 000 000 000 000
0028 183 044 231 110 000 000 000 000
0029 182 045 232 112 000 000 000 000
0030 183 044 231 114 000 000 000 000
0031 183 051 228 119 000 000 000 000
0032 181 063 224 131 000 000 000 000
0033 178 092 218 155 000 000 000 000
0034 171 117 218 178 000 000 000 000
0035 171 178 212 229 000 000 000 000
0036 028 213 070 238 160 208 210 239
0037 032 210 081 238 000 000 000 000
0038 041 209 088 238 000 000 000 000
0039 043 209 090 239 000 000 000 000
0040 044 209 094 239 000 000 000 000
0041 045 210 095 239 000 000 000 000
0042 045 211 096 239 000 000 000 000
0043 047 213 095 239 000 000 000 000
0044 047 215 095 239 000 000 000 000
0045 047 217 094 239 000 000 000 000
