0000 170 222 193 239 107 221 124 239
0001 169 224 193 239 106 220 130 239
0002 176 221 196 239 104 216 126 239
0003 181 221 206 237 105 221 123 239
0004 194 207 217 234 103 220 122 239
0005 202 161 229 186 104 222 124 239
0006 190 101 222 131 103 218 121 239
0007 180 085 207 110 101 220 122 239
0008 170 086 197 109 102 215 126 239
0009 169 081 198 104 105 221 126 239
0010 172 078 195 097 103 220 120 239
0011 167 080 192 102 104 222 124 239
0012 168 081 194 102 103 222 123 239
0013 173 074 198 101 103 222 123 239
0014 175 072 201 099 103 223 123 239
0015 171 073 196 097 103 223 120 239
0016 169 078 195 101 106 221 123 239
0017 171 078 196 100 106 221 123 239
0018 168 069 198 102 103 222 124 239
0019 167 068 198 102 104 222 125 239
0020 169 072 197 103 104 223 124 239
0021 169 078 196 104 104 223 123 239
0022 170 073 196 102 104 221 122 238
0023 169 066 198 102 103 218 126 239
0024 167 071 196 102 104 219 122 237
0025 171 081 197 103 105 218 122 238
0026 168 074 195 104 103 217 124 239
0027 172 068 198 101 102 217 125 239
0028 168 075 199 107 102 216 125 239
0029 172 085 201 113 104 217 126 239
0030 175 089 203 125 103 218 124 236
0031 181 126 209 158 104 220 123 237
0032 187 179 210 208 106 220 123 239
0033 169 215 197 239 102 221 122 238
0034 166 218 192 239 104 223 123 239
0035 164 219 190 238 100 215 125 234
0036 167 218 192 237 104 223 123 239
0037 163 215 193 239 104 223 123 239
0038 161 217 189 238 106 222 124 239
