0000 139 220 163 239 089 213 106 235
0001 140 219 166 239 089 218 105 239
0002 157 204 176 230 087 218 106 239
0003 171 164 195 188 087 217 104 239
0004 164 105 190 131 087 217 103 238
0005 154 088 181 110 083 214 102 238
0006 149 086 177 107 087 216 104 239
0007 144 085 171 107 084 212 106 238
0008 143 087 168 109 085 215 102 239
0009 144 085 168 107 083 212 106 238
0010 143 087 170 107 081 213 104 237
0011 145 078 167 103 081 214 103 239
0012 146 078 167 104 080 213 103 238
0013 145 077 167 101 081 213 104 238
0014 144 083 167 107 081 213 104 239
0015 144 078 169 106 084 215 103 237
0016 144 074 169 105 082 214 104 239
0017 145 081 168 106 086 212 104 235
0018 146 082 167 105 080 211 105 238
0019 145 075 170 103 081 211 105 238
0020 146 084 170 105 081 211 104 238
0021 149 081 172 106 081 211 105 238
0022 146 077 172 107 081 212 104 238
0023 146 087 172 109 081 212 104 237
0024 144 093 170 125 086 214 103 236
0025 143 116 170 150 082 212 105 238
0026 144 172 169 198 082 213 105 238
0027 143 204 169 238 082 213 105 237
0028 139 218 161 237 084 214 100 236
0029 085 214 102 237 139 221 162 239
0030 080 209 104 234 141 219 161 238
0031 081 214 104 239 140 222 165 239
