0000 193 201 215 233 101 212 125 239
0001 189 196 213 233 101 212 125 239
0002 190 197 213 234 101 212 126 239
0003 189 198 213 235 101 212 126 239
0004 188 199 213 237 101 212 126 239
0005 191 196 214 233 101 213 126 239
0006 198 189 222 224 101 213 125 239
0007 213 162 237 192 101 212 125 239
0008 214 123 241 151 101 212 125 239
0009 214 085 238 114 100 212 125 239
0010 204 061 238 095 100 212 125 239
0011 199 054 231 089 100 212 125 239
0012 193 047 233 082 100 212 125 239
0013 193 044 228 078 100 211 125 239
0014 190 043 228 077 099 211 125 239
0015 188 043 225 076 099 212 125 239
0016 191 045 227 076 099 211 125 239
0017 186 044 224 078 099 211 125 239
0018 193 042 227 076 098 209 125 237
0019 190 044 230 076 098 209 125 237
0020 188 057 238 084 099 211 125 239
0021 193 058 236 083 101 212 126 239
0022 193 059 236 083 102 213 125 235
0023 196 053 232 083 098 212 125 239
0024 194 055 229 085 100 211 125 239
0025 194 055 230 082 099 212 125 239
0026 194 056 230 083 099 211 125 239
0027 099 211 125 239 193 049 227 081
0028 203 056 233 085 099 211 125 239
0029 202 060 240 087 100 208 122 236
0030 203 058 238 086 101 210 122 236
0031 202 049 234 083 100 208 122 236
0032 193 055 232 086 101 208 122 236
0033 189 059 230 087 101 210 123 236
0034 192 055 225 084 101 208 123 236
0035 193 052 227 084 101 209 123 236
0036 197 058 233 088 101 209 123 236
0037 200 058 233 087 098 211 125 239
0038 199 059 233 088 100 211 126 239
0039 200 053 231 087 100 208 123 236
0040 191 060 227 089 101 211 126 239
0041 190 061 226 090 100 212 125 239
0042 191 058 224 088 103 213 124 235
0043 194 061 227 090 100 212 125 239
0044 196 060 232 091 102 213 124 235
0045 195 059 230 091 099 212 124 239
0046 192 061 226 098 099 211 125 239
0047 187 077 218 114 103 212 124 235
0048 187 102 217 138 100 208 122 235
0049 193 137 220 169 099 212 125 239
0050 194 175 217 198 100 211 125 239
0051 190 187 215 225 101 212 125 239
0052 189 192 213 228 101 212 125 239
0053 187 197 211 231 100 213 125 239
0054 188 198 211 232 100 213 125 239
