0000 115 213 140 239 200 215 224 239
0001 115 214 138 239 199 213 226 239
0002 117 211 141 239 199 214 226 239
0003 112 209 140 237 199 214 226 239
0004 115 212 138 239 199 214 226 239
0005 117 207 140 239 199 214 226 239
0006 114 202 137 233 200 214 223 239
0007 109 190 132 228 200 214 224 239
0008 106 169 131 201 199 213 226 239
0009 102 153 136 181 198 214 225 239
0010 110 133 136 164 199 215 224 239
0011 113 116 141 149 200 216 224 239
0012 114 105 141 140 200 214 223 239
0013 116 100 145 140 200 215 224 239
0014 116 100 145 139 200 215 224 239
0015 117 097 146 135 196 218 222 239
0016 116 094 148 138 199 213 226 239
0017 116 093 147 136 199 214 226 239
0018 117 091 148 138 199 215 225 239
0019 116 091 148 137 195 213 224 236
0020 116 090 148 133 199 213 224 239
0021 118 089 148 129 196 212 225 236
0022 118 088 148 128 196 212 225 236
0023 116 090 154 127 196 213 225 236
0024 114 081 153 127 201 217 225 239
0025 114 081 153 126 196 213 224 236
0026 118 082 155 125 199 213 226 239
0027 118 085 155 124 199 212 226 239
0028 119 090 156 121 199 213 226 239
0029 118 093 154 122 200 214 222 236
0030 118 094 154 123 200 213 222 236
0031 120 088 156 121 199 212 226 239
0032 117 081 151 120 200 213 222 236
0033 119 080 154 117 200 214 223 237
0034 118 080 155 119 199 212 227 239
0035 122 092 153 119 196 215 222 239
0036 120 090 150 117 195 213 223 236
0037 117 089 152 121 195 212 224 236
0038 122 086 152 116 197 214 224 237
0039 121 083 149 115 197 214 225 237
0040 117 079 151 116 199 216 224 239
0041 118 086 157 119 199 215 224 239
0042 119 087 151 116 199 215 224 239
0043 122 091 152 118 199 215 224 239
0044 122 087 152 113 199 216 224 239
0045 122 080 152 114 200 217 224 239
0046 123 080 151 113 195 213 224 236
0047 120 085 155 118 195 213 224 237
0048 122 087 153 117 196 213 224 237
0049 122 086 154 115 195 213 224 237
0050 122 085 151 115 196 214 224 237
0051 122 084 153 113 196 213 224 236
0052 123 082 153 113 195 213 224 237
0053 123 085 152 114 195 213 224 237
0054 122 086 150 113 195 213 224 237
0055 121 086 149 114 195 213 224 237
0056 122 084 152 113 195 213 224 236
0057 121 081 151 114 196 213 224 237
0058 124 083 150 108 195 213 224 237
0059 122 083 150 111 194 213 224 236
0060 122 084 150 111 201 215 223 237
0061 122 082 150 110 195 213 224 236
0062 122 080 151 111 200 219 222 237
0063 121 079 151 112 200 214 227 239
0064 122 084 150 112 200 214 225 239
0065 122 086 152 114 196 214 223 239
0066 122 085 153 114 199 214 226 239
0067 122 083 153 112 199 213 226 239
0068 122 081 150 110 199 213 226 239
0069 122 082 153 112 199 213 225 239
0070 121 086 152 114 198 212 225 239
0071 122 085 152 112 201 213 222 234
0072 122 081 152 108 199 213 226 239
0073 124 079 151 107 199 214 226 239
0074 123 083 153 110 200 215 224 239
0075 122 084 151 108 199 213 226 239
0076 121 084 150 111 199 213 226 239
0077 120 083 155 115 199 213 226 239
0078 120 085 155 116 199 213 226 239
0079 118 090 146 119 196 218 222 239
0080 118 107 145 137 194 209 225 237
0081 115 123 141 153 196 219 221 236
0082 116 155 142 182 195 221 222 239
0083 123 174 151 205 194 220 222 239
0084 117 173 145 213 199 215 225 239
0085 112 168 139 208 200 222 223 239
0086 110 165 133 200 200 221 224 239
0087 110 164 135 200 196 219 222 239
0088 114 166 140 201 198 218 222 236
0089 118 169 145 207 196 218 222 235
0090 123 178 151 219 197 218 222 235
0091 124 190 152 229 197 217 222 235
0092 126 201 151 235 195 220 221 239
0093 125 206 151 238 195 219 221 239
0094 121 208 147 237 195 220 221 239
0095 119 211 144 239 195 219 221 239
0096 112 208 139 236 198 218 222 235
0097 117 212 140 239 198 219 222 235
