0000 089 206 113 239 175 207 196 238
0001 089 205 112 237 176 205 197 236
0002 088 208 112 239 175 204 201 236
0003 087 208 111 239 186 202 214 236
0004 085 207 110 239 207 183 234 216
0005 206 143 245 175 084 206 110 239
0006 085 206 110 239 195 110 236 149
0007 086 206 111 238 189 086 227 112
0008 180 074 212 095 086 207 111 238
0009 087 208 112 239 170 067 206 092
0010 163 064 199 093 087 204 112 238
0011 087 207 112 239 163 065 192 089
0012 086 206 112 239 161 065 191 093
0013 159 066 186 090 087 204 113 238
0014 086 204 112 238 160 064 190 089
0015 087 205 113 237 160 064 190 089
0016 087 207 112 238 161 065 191 090
0017 086 207 112 238 160 063 191 091
0018 161 059 190 091 086 206 112 238
0019 158 058 187 088 086 205 113 237
0020 158 058 188 087 087 205 113 237
0021 086 207 112 238 160 061 191 093
0022 086 207 113 238 159 066 189 092
0023 086 207 113 239 157 067 191 094
0024 087 207 113 239 161 067 190 093
0025 086 205 112 239 157 066 191 094
0026 086 208 112 239 160 067 190 092
0027 086 207 112 239 161 063 190 090
0028 161 058 191 091 086 206 111 239
0029 160 054 192 090 086 206 111 239
0030 159 055 192 092 086 206 112 238
0031 161 057 192 093 086 206 111 239
0032 161 053 191 092 086 206 111 239
0033 086 207 111 239 162 061 190 090
0034 086 205 111 239 162 068 189 092
0035 086 205 111 239 161 066 190 092
0036 086 206 112 239 161 068 189 093
0037 086 205 111 239 162 068 188 092
0038 086 207 111 239 163 070 188 094
0039 085 206 112 239 163 069 191 094
0040 087 206 112 239 164 071 191 094
0041 087 206 113 239 157 065 195 095
0042 085 206 112 239 164 062 191 094
0043 087 206 112 239 162 059 192 092
0044 086 206 111 239 161 058 192 094
0045 086 206 110 239 161 059 191 095
0046 086 206 110 238 162 059 192 094
0047 163 055 192 092 086 206 110 238
0048 086 206 110 238 165 060 195 093
0049 085 205 109 239 158 062 194 093
0050 085 205 110 238 158 066 193 092
0051 086 206 110 239 163 069 190 094
0052 085 205 110 238 162 069 188 094
0053 087 205 110 238 167 070 192 093
0054 087 206 110 238 163 071 190 095
0055 085 205 110 238 162 071 190 095
0056 085 205 110 238 162 071 190 095
0057 086 206 110 238 163 071 190 095
0058 085 205 110 238 163 071 189 096
0059 087 205 111 238 163 071 190 096
0060 086 205 111 238 163 071 190 095
0061 086 206 111 238 163 073 189 097
0062 086 207 111 238 162 072 191 096
0063 086 207 111 238 163 075 191 100
0064 087 208 112 238 170 085 199 108
0065 089 208 112 238 184 112 210 152
0066 191 141 215 173 088 207 112 238
0067 089 207 112 239 190 159 215 198
0068 185 195 207 235 089 204 111 239
0069 086 206 110 239 175 205 200 238
0070 086 207 110 238 171 206 197 236
0071 086 206 110 238 172 208 195 237
0072 086 206 110 238 171 208 193 239
0073 086 206 111 239 173 206 196 237
0074 087 205 110 238 173 207 195 237
0075 087 205 110 238 172 207 195 236
0076 086 206 109 238 175 207 195 238
0077 086 207 109 238 172 206 195 237
