0000 034 214 075 237 158 209 186 238
0001 039 215 072 239 159 210 186 237
0002 039 215 072 239 000 000 000 000
0003 157 206 190 238 040 212 071 239
0004 157 203 193 237 040 214 072 239
0005 150 173 197 231 040 215 072 239
0006 159 130 196 201 039 215 073 239
0007 158 087 196 157 037 213 073 238
0008 158 057 194 130 035 210 073 235
0009 040 214 072 239 160 041 195 108
0010 039 214 073 239 160 038 196 106
0011 039 215 073 239 161 030 191 104
0012 039 213 074 239 159 025 194 104
0013 040 213 073 238 159 028 192 106
0014 039 213 073 238 158 031 191 107
0015 160 034 192 112 039 213 073 238
0016 039 213 073 238 158 037 193 110
0017 039 215 074 239 158 033 194 108
0018 039 214 073 239 159 040 198 111
0019 039 214 073 239 160 043 199 114
0020 039 214 073 239 160 041 195 116
0021 039 214 073 238 159 043 194 118
0022 039 214 073 238 154 049 191 127
0023 153 056 192 139 039 213 074 238
0024 147 101 188 164 036 213 072 235
0025 157 159 193 224 034 209 074 239
0026 147 204 186 236 036 212 074 239
0027 038 214 073 239 152 210 182 236
0028 151 208 178 236 038 213 073 239
0029 148 209 182 236 038 213 073 239
