0003 137 214 175 239 000 000 000 000
0004 142 190 181 233 000 000 000 000
0005 146 167 178 214 000 000 000 000
0006 144 133 174 191 000 000 000 000
0007 139 118 171 176 000 000 000 000
0008 138 110 171 164 000 000 000 000
0009 138 099 173 156 000 000 000 000
0010 140 093 173 152 000 000 000 000
0011 141 090 175 141 000 000 000 000
0012 142 092 173 147 000 000 000 000
0013 140 091 171 143 000 000 000 000
0014 138 091 172 146 000 000 000 000
0015 139 091 172 145 000 000 000 000
0016 141 088 173 147 000 000 000 000
0017 139 091 171 141 000 000 000 000
0018 140 090 172 142 000 000 000 000
0019 141 089 173 143 000 000 000 000
0020 141 090 172 144 000 000 000 000
0021 142 092 176 147 000 000 000 000
0022 137 092 174 147 000 000 000 000
0023 129 111 167 168 000 000 000 000
0024 117 167 169 215 000 000 000 000
0025 122 195 168 239 000 000 000 000
0026 130 216 172 239 000 000 000 000
