0000 183 224 205 239 000 000 000 000
0001 183 224 205 239 000 000 000 000
0002 179 224 202 239 000 000 000 000
0003 179 223 202 239 000 000 000 000
0004 171 216 196 239 000 000 000 000
0005 169 207 193 237 000 000 000 000
0006 165 175 190 205 000 000 000 000
0007 164 143 185 176 000 000 000 000
0008 163 117 184 155 000 000 000 000
0009 160 106 182 140 000 000 000 000
0010 151 094 180 128 000 000 000 000
0011 150 084 175 121 000 000 000 000
0012 145 081 173 122 000 000 000 000
0013 141 077 177 125 000 000 000 000
0014 143 078 178 123 000 000 000 000
0015 145 078 177 123 000 000 000 000
0016 147 080 177 124 000 000 000 000
0017 145 080 174 124 000 000 000 000
0018 147 084 172 121 000 000 000 000
0019 146 091 179 130 000 000 000 000
0020 149 089 177 130 000 000 000 000
0021 152 101 189 137 000 000 000 000
0022 156 122 194 157 000 000 000 000
0023 163 155 196 186 000 000 000 000
0024 174 188 202 224 000 000 000 000
0025 182 213 204 239 000 000 000 000
0026 185 221 207 239 000 000 000 000
0027 186 222 207 239 000 000 000 000
