0000 035 212 073 239 158 206 188 238
0001 035 210 075 238 155 214 187 236
0002 036 211 075 239 161 204 189 237
0003 033 214 076 237 159 214 188 239
0004 036 212 073 239 159 213 187 239
0005 036 210 073 239 158 214 187 239
0006 035 211 073 239 157 212 187 239
0007 035 211 073 239 159 213 188 239
0008 030 213 075 239 155 214 193 237
0009 031 214 074 239 167 205 197 238
0010 174 183 216 235 035 210 073 239
0011 171 136 216 179 035 210 073 239
0012 183 077 231 144 034 209 073 239
0013 036 209 073 239 182 030 224 103
0014 035 209 073 239 180 006 216 077
0015 172 003 211 069 035 210 074 239
0016 170 002 208 070 035 211 074 239
0017 172 003 207 072 035 211 074 239
0018 172 002 208 075 035 212 073 239
0019 172 002 206 074 035 211 073 239
0020 174 003 214 073 034 212 074 239
0021 175 003 215 074 034 212 074 239
0022 034 212 074 239 177 032 217 111
0023 034 212 076 239 162 110 197 172
0024 155 185 199 234 035 212 074 239
0025 035 212 074 238 160 215 189 239
0026 036 211 076 239 157 212 191 239
0027 035 211 076 239 163 215 191 239
0028 035 211 076 239 160 213 188 239
0029 035 213 075 239 161 213 190 239
