0000 187 223 206 239 000 000 000 000
0004 060 222 082 239 000 000 000 000
0007 086 221 107 239 000 000 000 000
0008 087 220 107 239 000 000 000 000
0009 083 220 105 239 000 000 000 000
0010 083 221 106 239 000 000 000 000
0011 084 220 105 239 000 000 000 000
0012 084 223 106 239 000 000 000 000
0013 082 221 110 239 000 000 000 000
0014 084 221 106 239 000 000 000 000
0015 079 215 112 239 000 000 000 000
0016 080 220 105 239 000 000 000 000
0017 201 182 227 227 082 222 107 239
0018 211 152 249 199 080 221 103 239
0019 215 106 250 172 079 216 103 237
0020 220 057 262 115 079 216 103 237
0021 223 032 258 088 079 220 103 239
0022 218 011 250 055 074 216 107 238
0023 218 005 253 050 078 222 102 239
0024 217 002 249 044 000 000 000 000
0025 216 003 248 044 078 220 106 239
0026 217 003 249 047 000 000 000 000
0027 217 004 248 049 079 219 101 239
0028 217 004 249 048 079 220 101 239
0029 217 005 249 048 077 223 101 239
0030 214 005 249 047 079 220 100 239
0031 216 003 250 048 073 216 102 238
0032 216 004 249 048 073 218 102 238
0033 216 004 250 048 079 220 106 239
0034 216 008 250 052 078 220 101 239
0035 219 022 251 069 000 000 000 000
0036 224 048 254 103 073 215 105 238
0037 215 120 247 174 079 223 102 239
0038 224 211 248 239 079 224 104 239
0040 078 224 099 239 000 000 000 000
0041 075 223 100 239 000 000 000 000
0042 084 224 102 239 000 000 000 000
0043 087 219 107 239 000 000 000 000
0044 083 223 106 239 000 000 000 000
0045 082 223 106 239 000 000 000 000
0046 086 221 107 239 000 000 000 000
0047 082 222 106 239 000 000 000 000
0050 087 221 111 239 000 000 000 000
