0024 133 218 157 239 000 000 000 000
0025 123 184 171 232 000 000 000 000
0026 139 140 171 199 000 000 000 000
0027 137 106 171 169 000 000 000 000
0028 140 093 173 150 000 000 000 000
0029 140 084 176 139 000 000 000 000
0030 138 075 174 130 000 000 000 000
0031 140 073 175 129 000 000 000 000
0032 138 070 171 125 000 000 000 000
0033 138 070 175 124 000 000 000 000
0034 137 070 175 127 000 000 000 000
0035 139 073 175 128 000 000 000 000
0036 138 071 171 125 000 000 000 000
0037 138 070 171 126 000 000 000 000
0038 138 071 171 125 000 000 000 000
0039 139 071 171 125 000 000 000 000
0040 138 071 171 125 000 000 000 000
0041 140 072 174 128 000 000 000 000
0042 141 072 175 127 000 000 000 000
0043 140 073 175 128 000 000 000 000
0044 138 091 170 142 000 000 000 000
0045 131 146 174 195 000 000 000 000
0046 132 193 172 239 000 000 000 000
0047 123 215 168 239 000 000 000 000
0048 131 223 169 239 000 000 000 000
