0008 143 199 188 236 000 000 000 000
0009 163 160 209 227 000 000 000 000
0010 177 137 222 204 000 000 000 000
0011 186 125 232 187 000 000 000 000
0012 193 110 241 173 000 000 000 000
0013 195 108 241 169 000 000 000 000
0014 200 100 245 159 000 000 000 000
0015 200 096 246 155 000 000 000 000
0016 200 096 247 154 000 000 000 000
0017 200 095 247 155 000 000 000 000
0018 203 093 244 157 000 000 000 000
0019 202 093 248 153 000 000 000 000
0020 202 093 245 152 000 000 000 000
0021 201 094 247 152 000 000 000 000
0022 200 096 244 153 000 000 000 000
0023 193 095 239 163 000 000 000 000
0024 189 105 236 169 000 000 000 000
0025 180 123 218 192 000 000 000 000
0026 164 146 203 216 000 000 000 000
0027 154 172 193 233 000 000 000 000
0028 129 213 167 239 000 000 000 000
