0007 067 222 098 238 000 000 000 000
0008 044 204 078 226 000 000 000 000
0009 024 175 057 198 000 000 000 000
0010 012 151 048 179 000 000 000 000
0011 014 113 042 151 000 000 000 000
0012 017 073 045 110 000 000 000 000
0013 027 048 054 087 000 000 000 000
0014 033 036 061 075 000 000 000 000
0015 055 016 082 058 000 000 000 000
0016 077 008 103 044 000 000 000 000
0017 104 006 132 050 000 000 000 000
0018 121 010 147 049 000 000 000 000
0019 139 023 172 060 000 000 000 000
0020 153 041 185 072 000 000 000 000
0021 156 056 186 080 000 000 000 000
0022 155 056 185 080 000 000 000 000
0023 148 049 181 077 000 000 000 000
0024 142 047 172 073 000 000 000 000
0025 124 033 161 067 111 199 140 227
0026 110 033 140 069 000 000 000 000
0027 082 037 112 080 000 000 000 000
0028 043 065 079 107 000 000 000 000
0029 029 090 064 130 000 000 000 000
0030 028 155 061 186 000 000 000 000
0031 035 192 070 221 000 000 000 000
0032 059 214 084 237 000 000 000 000
0034 089 224 107 239 000 000 000 000
