0020 147 213 190 239 098 223 135 239
0021 094 207 142 238 135 190 179 226
0022 098 182 138 219 129 173 174 207
0023 097 166 142 197 123 157 174 194
0024 088 164 137 191 125 151 176 186
0025 083 157 129 188 131 146 189 179
0026 061 151 116 185 154 138 210 168
0027 030 149 086 185 199 130 248 165
0028 214 134 265 170 017 155 073 187
0029 217 142 272 177 016 165 072 195
0030 017 167 075 199 215 145 270 179
0031 016 165 073 195 216 146 269 182
0032 212 140 272 176 019 162 073 192
0033 210 133 270 170 019 160 076 188
0034 018 159 075 188 210 129 265 165
0035 021 162 078 190 206 129 257 156
0036 021 164 078 193 202 131 256 156
0037 203 129 259 160 024 164 082 195
0038 028 168 084 200 202 127 254 158
0039 040 176 088 218 199 118 251 158
0040 189 103 241 145 057 178 093 237
0041 068 187 108 235 179 087 228 128
0042 084 195 126 238 166 070 216 109
0043 099 188 148 230 144 068 193 118
0044 109 179 158 215 126 094 175 143
0045 111 157 163 205 000 000 000 000
0046 109 196 169 226 110 165 156 202
0047 113 191 171 230 110 143 158 184
0048 113 189 176 227 114 105 165 143
0049 117 085 164 127 113 182 176 217
0050 105 161 172 188 112 134 165 173
0051 110 179 173 204 112 154 166 186
0052 117 143 165 182 111 180 173 208
0053 119 110 170 149 108 181 172 218
0054 124 088 171 127 105 187 168 220
0055 118 099 169 143 105 182 169 214
0056 111 151 163 189 102 173 165 202
0057 106 170 161 205 102 197 165 217
0058 110 162 163 195 106 191 165 215
0059 119 157 165 191 107 190 165 216
0060 100 187 162 226 119 156 171 199
0061 126 172 177 220 102 204 157 239
0062 138 198 187 239 098 217 140 239
0063 145 218 192 239 000 000 000 000
