0003 202 214 237 239 000 000 000 000
0004 178 214 232 235 000 000 000 000
0005 180 215 229 239 000 000 000 000
0006 178 208 229 239 000 000 000 000
0007 178 196 226 239 000 000 000 000
0008 178 182 226 239 000 000 000 000
0009 178 171 223 229 000 000 000 000
0010 181 166 224 233 000 000 000 000
0011 183 161 218 225 062 031 087 052
0012 179 159 219 215 063 031 087 051
0013 179 158 218 223 063 031 087 051
0014 179 153 218 213 063 031 087 051
0015 180 142 222 207 063 031 087 051
0016 182 114 222 187 063 031 087 051
0017 186 092 222 165 000 000 000 000
0018 190 074 222 150 000 000 000 000
0019 188 058 224 137 000 000 000 000
0020 185 049 221 124 000 000 000 000
0021 185 044 221 121 000 000 000 000
0022 187 040 220 118 000 000 000 000
0023 184 041 217 115 000 000 000 000
0024 183 041 219 114 000 000 000 000
0025 182 040 223 111 000 000 000 000
0026 186 039 220 116 000 000 000 000
0027 185 036 221 115 000 000 000 000
0028 185 035 220 114 000 000 000 000
0029 180 040 223 115 000 000 000 000
0030 182 038 221 113 000 000 000 000
0031 182 038 224 113 000 000 000 000
0032 182 039 224 113 067 210 098 238
0033 181 039 224 115 000 000 000 000
0034 181 038 224 115 000 000 000 000
0035 185 038 220 112 000 000 000 000
0036 186 053 222 123 000 000 000 000
0037 185 063 222 147 000 000 000 000
0038 183 128 225 200 000 000 000 000
0039 182 196 234 239 000 000 000 000
0040 204 215 237 239 000 000 000 000
