0002 113 195 158 239 000 000 000 000
0003 114 157 157 210 000 000 000 000
0004 126 111 161 166 000 000 000 000
0005 128 082 168 141 000 000 000 000
0006 133 058 169 115 000 000 000 000
0007 142 048 174 111 000 000 000 000
0008 140 043 178 107 000 000 000 000
0009 142 042 179 106 000 000 000 000
0010 144 048 181 107 000 000 000 000
0011 144 047 181 106 000 000 000 000
0012 144 047 181 106 000 000 000 000
0013 145 046 180 106 000 000 000 000
0014 144 044 180 106 000 000 000 000
0015 145 045 180 105 000 000 000 000
0016 145 046 181 106 000 000 000 000
0017 143 045 181 105 000 000 000 000
0018 145 046 180 106 000 000 000 000
0019 142 045 181 103 000 000 000 000
0020 139 080 175 134 000 000 000 000
0021 132 135 173 189 000 000 000 000
0022 124 195 167 236 000 000 000 000
0023 126 225 158 239 000 000 000 000
