0009 130 185 182 239 000 000 000 000
0010 132 130 177 198 000 000 000 000
0011 140 090 181 168 000 000 000 000
0012 141 085 175 161 000 000 000 000
0013 138 078 177 155 000 000 000 000
0014 137 079 176 154 000 000 000 000
0015 137 078 175 156 000 000 000 000
0016 137 078 175 156 000 000 000 000
0017 138 081 176 158 000 000 000 000
0018 137 080 176 154 000 000 000 000
0019 138 079 177 154 000 000 000 000
0020 137 079 176 155 000 000 000 000
0021 136 080 176 155 000 000 000 000
0022 137 081 177 155 000 000 000 000
0023 128 101 179 163 000 000 000 000
0024 128 133 183 196 000 000 000 000
0025 124 176 178 235 000 000 000 000
0026 119 210 178 239 000 000 000 000
0027 115 205 176 239 000 000 000 000
0028 110 202 179 239 000 000 000 000
0029 113 188 183 235 000 000 000 000
0030 122 191 190 237 000 000 000 000
0031 128 194 190 236 000 000 000 000
0032 123 187 187 235 000 000 000 000
0033 132 203 194 238 108 188 168 215
0034 124 196 195 237 111 188 172 215
0035 119 184 181 213 124 200 195 238
0036 128 193 189 239 000 000 000 000
0037 127 195 189 239 000 000 000 000
0038 118 194 194 239 000 000 000 000
0039 126 198 191 238 118 188 175 214
0040 121 199 195 239 122 187 180 214
0041 126 203 192 239 122 189 181 216
0042 123 183 175 213 136 210 185 238
0043 125 185 181 230 000 000 000 000
0044 132 210 182 239 000 000 000 000
