0009 138 222 181 239 000 000 000 000
0010 127 153 181 223 000 000 000 000
0011 122 105 180 196 000 000 000 000
0012 119 089 174 169 000 000 000 000
0013 121 089 175 157 000 000 000 000
0014 123 088 176 154 000 000 000 000
0015 125 088 178 151 000 000 000 000
0016 125 086 178 151 000 000 000 000
0017 125 086 178 152 000 000 000 000
0018 126 089 178 154 000 000 000 000
0019 123 092 178 156 000 000 000 000
0020 123 093 179 156 000 000 000 000
0021 127 094 179 157 000 000 000 000
0022 126 092 179 155 000 000 000 000
0023 122 092 178 156 000 000 000 000
0024 128 086 172 159 000 000 000 000
0025 124 083 178 155 001 222 034 239
0026 009 185 058 236 125 088 174 155
0027 027 163 081 211 120 090 174 156
0028 053 146 111 194 125 089 175 154
0029 128 084 171 156 070 143 126 185
0030 129 081 174 158 076 142 132 186
0031 076 140 133 189 125 091 176 154
0032 077 135 136 185 130 082 172 158
0033 129 084 173 159 081 134 136 185
0034 126 090 175 154 082 133 136 186
0035 077 133 136 190 121 117 176 169
0036 079 127 148 190 000 000 000 000
0037 073 138 138 220 100 130 157 160
0038 067 146 132 217 115 140 163 174
0039 067 141 131 210 115 137 158 178
0040 073 141 133 205 081 130 128 158
0041 062 150 131 207 094 126 148 159
0042 061 144 127 207 097 131 159 166
0043 065 145 123 210 096 130 156 166
0044 064 139 126 203 111 128 157 175
0045 059 140 118 198 103 129 159 167
0046 061 135 125 196 117 131 163 179
0047 066 138 128 196 113 125 160 173
0048 060 140 123 190 099 127 158 165
0049 058 145 121 196 108 134 157 174
0050 060 146 120 195 112 136 156 180
0051 108 123 167 190 063 139 106 188
0052 128 176 180 223 057 171 091 225
0053 056 209 106 236 000 000 000 000
