0000 076 221 114 239 149 222 188 239
0001 083 221 114 239 149 222 189 239
0002 076 223 115 239 000 000 000 000
0003 080 219 113 239 148 224 187 239
0004 076 220 115 239 153 223 188 239
0005 143 220 185 239 070 220 112 239
0006 128 185 176 231 074 220 115 239
0007 131 130 179 192 066 220 114 239
0008 125 085 177 145 074 218 113 239
0009 133 068 178 137 069 217 113 239
0010 132 053 180 116 069 218 113 239
0011 130 052 180 114 069 218 113 239
0012 125 052 177 110 067 217 109 239
0013 124 049 176 109 064 219 110 239
0014 127 049 179 111 069 220 114 239
0015 126 048 174 106 069 219 113 239
0016 127 050 178 111 065 219 113 239
0017 124 051 178 109 065 218 112 239
0018 124 050 178 109 070 222 112 239
0019 124 048 175 110 064 218 111 239
0020 126 050 174 109 065 218 111 239
0021 125 048 178 109 067 217 111 239
0022 126 049 176 105 063 216 111 239
0023 123 054 175 115 069 220 108 239
0024 113 078 160 136 053 188 096 224
0025 107 110 154 156 085 197 127 234
0026 094 140 161 179 095 197 141 236
0027 092 153 162 186 109 195 143 236
0028 097 167 159 194 112 194 149 235
0029 107 195 150 236 108 183 168 213
0030 110 197 155 236 104 182 171 213
0031 104 186 159 236 076 212 110 239
0032 105 191 155 235 073 212 119 239
0033 111 194 156 236 072 215 114 239
0034 105 185 168 217 107 201 159 238
0035 108 182 165 216 102 198 155 237
0036 107 196 153 238 000 000 000 000
0037 109 197 154 237 073 183 117 219
0038 103 195 153 234 076 179 116 221
0039 104 198 152 234 071 215 109 239
0040 109 188 167 222 109 205 149 238
0041 103 199 157 232 074 183 114 217
0042 104 200 148 235 075 180 116 220
0043 103 201 152 235 000 000 000 000
0044 105 203 145 235 103 179 162 213
0045 105 171 168 203 098 206 141 237
0046 119 171 180 205 069 187 108 230
0047 138 184 187 224 081 203 120 239
0048 074 210 112 238 150 216 191 239
0049 069 221 115 239 147 225 185 239
0050 073 223 112 239 000 000 000 000
0051 071 222 112 239 000 000 000 000
0052 073 223 114 239 000 000 000 000
0053 067 223 115 239 000 000 000 000
0054 069 221 111 239 000 000 000 000
0055 074 222 112 239 000 000 000 000
0056 068 222 109 239 000 000 000 000
0057 070 222 111 239 000 000 000 000
