0000 153 221 181 239 000 000 000 000
0001 133 186 170 238 000 000 000 000
0002 118 120 156 179 000 000 000 000
0003 106 078 147 141 000 000 000 000
0004 104 071 144 129 000 000 000 000
0005 098 067 140 128 000 000 000 000
0006 103 067 140 128 000 000 000 000
0007 102 068 140 129 000 000 000 000
0008 104 070 143 128 000 000 000 000
0009 101 075 142 136 000 000 000 000
0010 110 093 143 156 000 000 000 000
0011 102 124 149 179 083 207 126 237
0012 088 167 149 213 087 153 146 181
0013 091 148 144 192 000 000 000 000
0014 088 139 141 185 000 000 000 000
0015 098 147 142 187 078 145 115 187
0016 084 148 132 195 000 000 000 000
0017 078 146 132 190 000 000 000 000
0018 083 146 132 196 000 000 000 000
0019 095 155 141 196 076 154 108 192
0020 083 158 132 201 000 000 000 000
0021 080 170 130 216 088 152 145 183
0022 118 170 161 224 080 200 123 237
0023 135 209 174 239 075 224 109 239
