0000 162 165 178 188 109 162 130 187
0001 109 163 130 187 161 164 178 187
0002 158 166 176 188 113 163 129 184
0003 106 154 123 172 158 166 176 188
0004 163 166 179 186 093 134 113 155
0005 066 107 092 130 161 166 177 190
0006 045 086 068 107 163 164 178 188
0007 033 083 058 104 164 165 179 186
0008 028 081 058 104 163 165 178 191
0009 029 079 058 103 164 163 180 183
0010 028 078 058 100 173 153 192 172
0011 030 074 056 094 209 127 246 150
0012 029 073 054 094 000 000 000 000
0013 028 070 057 093 213 048 233 074
0014 032 072 060 093 175 025 196 049
0015 034 070 057 091 154 036 188 052
0016 031 072 061 094 160 041 189 057
0017 034 072 060 090 177 041 204 062
0018 027 069 059 094 215 065 234 088
0019 216 080 247 099 029 074 055 095
0020 024 071 058 096 000 000 000 000
0021 028 072 057 094 197 034 214 055
0022 032 070 061 094 159 029 184 051
0023 034 068 062 092 145 035 175 053
0024 032 068 062 093 152 036 183 053
0025 033 068 061 092 160 036 188 056
0026 174 041 198 065 033 072 060 093
0027 041 073 068 099 175 057 199 081
0028 056 089 079 108 168 090 198 113
0029 074 114 094 137 170 128 189 152
0030 165 150 186 177 094 134 112 159
0031 163 162 179 187 104 154 120 175
0032 109 161 129 186 158 167 175 191
0033 115 164 131 188 160 164 177 191
0034 160 165 176 191 113 164 129 189
0035 112 164 128 188 160 165 177 191
0036 160 165 177 190 113 165 129 188
0037 159 164 176 189 114 164 130 186
