0000 144 201 169 231 109 199 139 236
0001 144 201 170 232 109 200 135 234
0002 143 200 171 235 108 202 136 230
0003 140 200 169 233 108 202 136 230
0004 142 200 171 235 109 200 139 236
0005 141 199 169 232 109 200 139 237
0006 142 199 172 235 109 199 139 237
0007 143 202 171 235 110 199 139 237
0008 142 198 171 232 108 197 138 231
0009 143 189 169 224 110 190 139 226
0010 138 174 166 199 113 175 138 207
0011 102 151 133 183 140 148 174 177
0012 146 130 178 156 083 122 114 152
0013 154 110 181 135 052 091 084 126
0014 027 072 056 108 170 097 196 126
0015 005 060 037 098 186 085 212 115
0016 206 074 232 105 002 063 021 094
0017 224 064 249 094 001 074 018 099
0018 239 047 266 085 000 075 018 100
0019 246 048 274 083 000 075 019 101
0020 000 075 019 099 245 059 278 086
0021 247 065 275 089 000 074 017 100
0022 245 063 282 091 000 075 016 100
0023 246 064 274 088 000 076 017 099
0024 241 065 275 089 000 076 016 098
0025 240 061 275 086 000 074 015 096
0026 230 036 264 064 000 074 016 096
0027 191 023 222 051 000 071 016 094
0028 157 022 185 054 000 072 016 095
0029 154 020 186 055 000 072 015 094
0030 159 019 189 053 000 074 016 098
0031 170 016 195 050 000 077 014 100
0032 193 022 223 055 001 077 015 098
0033 209 023 232 055 001 075 015 098
0034 237 034 266 061 216 039 252 068
0035 230 040 265 066 000 000 000 000
0036 214 035 251 063 000 000 000 000
0037 197 032 220 064 000 075 014 101
0038 162 021 190 049 000 000 000 000
0039 147 022 176 054 000 000 000 000
0040 147 019 177 052 000 000 000 000
0041 148 017 177 052 000 000 000 000
0042 149 018 178 052 000 000 000 000
0043 151 017 186 051 000 071 015 098
0044 163 015 190 049 000 076 015 098
0045 176 013 199 046 001 073 015 098
0046 178 022 198 051 000 000 000 000
0047 173 028 195 056 000 068 016 095
0048 165 039 190 062 003 061 032 097
0049 012 063 043 098 159 046 189 074
0050 154 068 184 092 042 073 069 107
0051 059 087 087 120 151 079 179 104
0052 148 092 176 115 073 107 098 139
0053 083 128 109 165 146 107 182 140
0054 150 145 179 173 089 151 119 183
0055 156 173 182 206 096 175 126 211
0056 159 192 183 228 097 190 125 225
0057 159 199 183 234 097 197 124 232
0058 158 202 182 236 094 201 120 236
0059 160 204 183 237 095 202 119 237
0060 160 205 183 237 095 202 124 237
0061 159 204 183 237 099 204 122 238
0062 159 203 184 237 099 201 124 236
0063 157 200 181 235 101 202 125 236
0064 159 204 183 238 102 202 127 237
0065 159 205 184 238 102 201 127 237
0066 159 205 184 238 102 202 127 238
0067 162 203 185 235 102 203 126 238
0068 162 201 185 235 102 203 127 237
0069 159 205 183 237 102 203 127 237
0070 159 205 182 237 102 203 126 237
0071 159 204 183 237 102 203 127 238
