0000 196 188 216 217 125 188 145 215
0001 129 182 150 216 192 184 213 218
0002 188 180 211 210 135 177 157 209
0003 185 170 207 200 141 164 168 201
0004 145 150 169 186 182 152 201 182
0005 148 136 171 171 182 132 208 163
0006 178 120 204 149 148 125 171 155
0007 178 111 203 137 142 112 170 143
0008 181 105 204 126 140 104 171 134
0009 185 095 210 114 132 098 167 124
0010 123 094 155 115 193 088 219 107
0011 197 078 221 100 106 083 131 111
0012 075 079 101 108 205 073 228 098
0013 052 085 082 109 208 063 230 088
0014 038 088 073 114 221 052 243 081
0015 241 046 264 074 040 098 071 116
0016 258 047 284 076 038 104 071 120
0017 265 052 291 076 038 105 071 126
0018 262 043 284 065 036 108 071 129
0019 035 108 070 129 240 023 262 050
0020 212 024 236 050 033 105 066 129
0021 194 042 222 067 036 107 064 124
0022 034 106 067 127 199 054 227 077
0023 034 107 068 129 212 049 241 072
0024 034 107 067 128 236 037 260 065
0025 035 108 067 129 253 039 277 067
0026 035 107 068 129 253 032 274 063
0027 035 106 069 128 228 023 252 053
0028 037 108 070 127 204 030 228 052
0029 036 107 068 128 187 042 215 066
0030 035 108 071 129 189 055 217 076
0031 035 107 072 128 195 054 221 079
0032 035 108 072 128 198 054 224 077
0033 035 108 071 129 204 054 230 075
0034 035 110 071 128 204 060 236 087
0035 207 077 236 102 042 120 078 141
0036 199 095 228 122 064 132 089 153
0037 189 106 215 130 093 132 127 158
0038 179 110 206 133 118 129 145 152
0039 176 111 204 136 137 120 164 145
0040 172 117 198 139 148 120 174 142
0041 173 124 198 147 152 124 174 146
0042 173 136 197 157 152 137 174 159
0043 175 145 198 167 150 144 173 169
0044 175 162 196 181 146 158 169 182
0045 145 168 169 192 175 167 200 191
0046 145 176 170 200 180 177 202 197
0047 143 183 166 213 177 183 202 211
0048 182 184 206 215 139 184 163 213
0049 183 184 207 215 138 182 161 213
0050 136 183 160 214 184 184 209 215
0051 136 184 158 216 185 184 209 215
0052 136 182 158 214 185 185 209 216
0053 186 185 209 217 138 188 158 215
