0004 145 224 194 239 000 000 000 000
0005 144 216 196 239 000 000 000 000
0006 146 208 198 239 000 000 000 000
0007 150 200 207 239 111 219 147 239
0008 169 185 219 238 106 198 150 238
0009 182 165 230 235 110 176 158 239
0010 117 163 161 232 175 155 224 237
0011 123 152 164 230 175 147 218 231
0012 126 141 169 236 168 134 213 227
0013 130 139 169 229 165 128 212 230
0014 131 138 173 226 166 121 215 236
0015 133 126 176 225 168 111 214 229
0016 128 119 169 216 169 114 216 215
0017 136 123 176 210 171 107 216 215
0018 135 124 176 211 170 111 216 196
0019 136 123 177 213 171 113 215 211
0020 132 119 174 212 167 113 213 210
0021 165 105 213 205 130 116 170 194
0022 170 115 212 182 122 116 168 178
0023 111 139 156 192 172 143 218 193
0024 169 189 219 229 106 179 150 235
0025 175 216 214 239 106 213 142 239
