0000 049 210 102 238 000 000 000 000
0001 048 211 102 239 000 000 000 000
0002 045 208 094 239 000 000 000 000
0003 043 210 092 236 000 000 000 000
0004 040 210 085 236 000 000 000 000
0005 038 211 082 237 000 000 000 000
0006 041 208 081 238 000 000 000 000
0007 045 194 094 237 029 174 070 218
0008 140 202 192 235 051 182 100 237
0009 145 181 191 235 061 168 111 234
0010 142 157 191 230 072 163 122 230
0011 143 143 189 226 079 148 122 219
0012 139 137 181 213 086 136 127 210
0013 130 124 173 205 093 129 132 203
0014 133 119 167 196 098 122 132 199
0015 127 113 168 191 096 122 133 192
0016 128 112 166 192 038 076 114 133
0017 129 110 165 187 036 077 113 130
0018 130 111 170 185 038 077 113 127
0019 130 110 166 190 038 077 112 130
0020 132 113 170 188 033 076 111 129
0021 131 110 167 192 037 079 111 132
0022 132 112 167 192 038 079 112 132
0023 129 114 168 191 038 076 114 133
0024 129 114 167 193 038 077 117 125
0025 133 114 168 190 033 077 112 123
0026 131 112 171 193 037 081 116 127
0027 128 123 172 192 029 084 107 132
0028 136 139 189 208 076 147 122 210
0029 143 168 200 233 049 162 102 230
0030 035 190 076 237 148 200 202 237
0031 022 210 057 239 155 213 202 239
0032 028 220 058 239 000 000 000 000
0033 041 222 070 239 000 000 000 000
