0000 163 221 208 239 000 000 000 000
0001 163 223 206 239 000 000 000 000
0002 164 222 207 239 000 000 000 000
0003 161 210 209 239 113 216 156 239
0004 166 185 206 238 115 183 155 239
0005 169 156 208 215 118 150 154 211
0006 163 131 205 182 123 129 158 184
0007 158 113 200 164 123 113 160 168
0008 158 106 200 161 123 107 157 165
0009 158 099 199 160 125 100 157 165
0010 158 100 198 154 130 097 160 166
0011 124 099 157 166 157 099 198 156
0012 158 098 198 159 126 096 159 164
0013 159 099 199 159 127 097 160 165
0014 128 093 163 168 159 100 198 163
0015 126 097 160 159 155 097 199 161
0016 156 106 203 162 126 103 165 162
0017 161 123 206 173 125 122 158 177
0018 110 146 156 199 157 147 213 197
0019 161 175 215 223 109 183 151 228
0020 158 201 206 238 106 209 148 239
0021 161 219 206 239 000 000 000 000
0022 167 223 203 239 000 000 000 000
0023 168 223 204 239 000 000 000 000
