0004 189 192 233 239 106 207 157 239
0005 118 175 175 238 192 160 245 233
0006 197 132 242 215 131 152 188 223
0007 194 120 239 200 141 139 192 208
0008 193 100 237 185 150 122 191 190
0009 195 097 237 181 148 113 196 187
0010 195 093 234 176 151 105 195 176
0011 197 086 237 173 153 092 198 174
0012 193 087 231 170 155 091 199 169
0013 189 087 228 172 155 091 196 171
0014 191 090 228 175 152 101 196 177
0015 186 096 233 176 154 098 195 176
0016 187 091 232 176 154 099 195 178
0017 152 101 196 177 187 093 225 181
0018 189 092 228 177 152 102 196 180
0019 188 091 225 177 148 099 194 178
0020 151 099 196 179 189 094 224 177
0021 151 100 194 178 187 098 224 181
0022 150 101 194 177 187 098 224 179
0023 152 101 192 183 186 097 224 180
0024 188 092 225 177 151 100 192 181
0025 186 092 226 182 149 101 191 178
0026 189 108 234 183 125 114 189 190
0027 190 132 237 192 105 137 175 201
0028 079 189 147 239 181 176 234 237
0029 190 218 218 235 000 000 000 000
