0000 177 197 210 235 000 000 000 000
0001 179 202 211 238 000 000 000 000
0002 177 199 206 236 000 000 000 000
0003 177 199 206 236 000 000 000 000
0004 176 200 205 237 000 000 000 000
0005 157 222 197 239 000 000 000 000
0006 176 165 203 211 000 000 000 000
0007 185 124 212 164 000 000 000 000
0008 189 097 215 137 000 000 000 000
0009 194 080 221 123 000 000 000 000
0010 196 068 225 113 000 000 000 000
0011 195 062 225 107 000 000 000 000
0012 193 056 222 101 000 000 000 000
0013 189 055 218 098 000 000 000 000
0014 173 049 210 099 000 000 000 000
0015 152 060 203 110 000 000 000 000
0016 146 065 194 111 000 000 000 000
0017 143 067 189 110 000 000 000 000
0018 144 066 191 111 000 000 000 000
0019 144 067 192 110 000 000 000 000
0020 145 065 193 111 000 000 000 000
0021 146 066 193 111 000 000 000 000
0022 146 066 194 111 000 000 000 000
0023 147 066 195 111 000 000 000 000
0024 147 066 195 111 000 000 000 000
0025 148 067 195 111 000 000 000 000
0026 147 068 195 111 000 000 000 000
0027 146 068 194 110 000 000 000 000
0028 143 072 192 109 000 000 000 000
0029 151 075 193 112 000 000 000 000
0030 154 086 187 118 000 000 000 000
0031 149 097 190 130 000 000 000 000
0032 153 105 187 138 000 000 000 000
0033 151 110 190 144 000 000 000 000
0034 155 116 193 147 000 000 000 000
