0000 184 200 202 231 113 200 137 232
0001 185 198 202 229 000 000 000 000
0002 185 198 202 231 110 199 134 234
0003 185 198 202 231 110 203 137 236
0004 185 199 202 231 112 202 137 235
0005 184 202 200 232 112 202 137 235
0006 183 200 200 231 112 202 137 235
0007 184 200 200 231 111 201 137 234
0008 184 202 200 232 112 201 137 234
0009 183 203 200 232 112 201 137 234
0010 185 200 203 231 112 201 137 233
0011 183 203 200 233 112 201 137 233
0012 184 203 201 232 114 200 136 230
0013 184 203 204 235 000 000 000 000
0014 186 198 205 235 108 196 143 234
0015 186 187 208 228 126 191 143 225
0016 176 143 212 180 129 162 156 196
0017 168 117 214 150 130 138 159 170
0018 157 087 198 114 136 106 165 146
0019 138 084 160 122 150 076 188 097
0020 138 078 161 115 149 073 189 093
0021 147 070 187 089 138 079 161 116
0022 149 068 188 090 139 078 161 113
0023 145 068 189 092 139 076 160 113
0024 146 068 189 093 139 078 158 112
0025 140 073 162 111 147 068 188 092
0026 146 068 187 093 140 074 165 110
0027 147 068 186 092 140 074 165 110
0028 142 068 183 091 138 074 164 111
0029 144 069 186 090 138 074 163 114
0030 130 087 159 130 156 074 191 108
0031 121 133 152 166 174 121 214 157
0032 112 180 133 218 200 160 222 215
0033 107 194 122 225 000 000 000 000
0034 102 201 122 232 203 206 219 235
0035 188 205 204 234 117 201 136 229
