0000 074 203 113 238 000 000 000 000
0001 074 202 113 238 000 000 000 000
0002 073 202 113 238 000 000 000 000
0003 073 202 114 238 000 000 000 000
0004 074 202 114 238 000 000 000 000
0005 073 202 114 238 000 000 000 000
0006 074 202 114 238 000 000 000 000
0007 073 202 114 238 000 000 000 000
0008 073 202 114 238 000 000 000 000
0009 073 202 113 238 000 000 000 000
0010 072 202 114 238 000 000 000 000
0011 073 202 113 238 000 000 000 000
0012 072 202 114 238 180 221 216 238
0013 073 204 113 239 175 222 209 239
0014 073 203 113 238 114 223 156 239
0015 117 192 155 237 075 202 112 237
0016 074 201 112 237 113 160 159 209
0017 073 200 113 238 113 136 154 188
0018 073 199 113 238 117 114 161 161
0019 073 200 113 238 121 097 164 152
0020 074 201 114 238 122 077 164 125
0021 074 200 115 239 127 090 169 145
0022 074 199 114 238 115 108 153 168
0023 071 197 108 235 111 158 158 213
0024 073 202 112 237 110 171 156 219
0025 074 202 111 237 115 149 155 200
0026 075 200 114 238 119 128 156 177
0027 074 200 114 238 122 102 164 154
0028 074 200 114 238 121 080 169 136
0029 072 200 114 239 126 071 170 122
0030 073 201 113 239 129 056 169 111
0031 073 201 114 239 130 058 166 109
0032 075 201 113 238 124 068 165 118
0033 074 201 114 239 117 092 157 152
0034 073 201 113 239 112 141 154 197
0035 071 202 112 239 111 151 151 209
0036 074 201 113 238 107 165 154 217
0037 069 206 109 239 105 162 152 216
0038 074 203 112 238 104 162 151 214
0039 074 201 112 237 108 158 153 208
0040 074 203 112 238 116 150 156 205
0041 073 200 114 238 116 165 162 223
0042 071 201 111 238 114 224 161 239
0043 073 203 113 239 000 000 000 000
0044 068 206 109 239 000 000 000 000
0045 074 203 116 239 000 000 000 000
0046 076 203 116 239 000 000 000 000
0047 073 202 115 239 000 000 000 000
0048 074 204 112 237 179 223 215 239
0049 073 204 113 238 000 000 000 000
0050 073 203 112 238 000 000 000 000
