0000 066 201 099 237 000 000 000 000
0001 065 200 099 237 000 000 000 000
0002 066 201 099 237 000 000 000 000
0003 065 200 099 237 000 000 000 000
0004 067 202 100 236 000 000 000 000
0005 067 202 101 237 000 000 000 000
0006 067 202 101 236 000 000 000 000
0007 067 202 102 236 000 000 000 000
0008 067 202 101 237 000 000 000 000
0009 067 203 101 237 000 000 000 000
0010 068 202 101 237 000 000 000 000
0011 067 201 101 236 000 000 000 000
0012 067 202 101 236 000 000 000 000
0013 067 201 100 235 000 000 000 000
0014 066 200 100 236 120 194 165 238
0015 065 197 100 235 119 160 170 209
0016 064 197 101 236 119 126 170 177
0017 119 101 168 153 065 196 097 234
0018 064 196 098 234 117 094 162 145
0019 125 069 169 125 063 197 096 234
0020 123 054 171 111 062 197 100 236
0021 061 197 101 236 122 046 172 102
0022 124 051 169 106 061 197 099 235
0023 062 199 099 236 120 073 169 129
0024 062 199 099 236 113 099 162 155
0025 061 199 099 237 115 124 162 181
0026 061 199 099 237 117 127 155 190
0027 062 199 100 237 114 139 163 194
0028 063 199 097 236 118 134 167 190
0029 061 200 100 237 119 112 169 170
0030 061 199 100 237 119 096 167 155
0031 063 199 097 238 122 087 172 137
0032 063 199 097 238 125 062 168 120
0033 125 050 167 107 063 198 098 238
0034 061 199 100 238 126 049 167 104
0035 061 198 099 238 124 048 167 103
0036 062 199 100 238 118 053 160 110
0037 061 198 100 238 113 070 164 132
0038 061 198 100 238 116 080 163 139
0039 061 199 101 239 114 090 159 145
0040 113 102 161 157 064 200 097 237
0041 062 199 100 236 116 110 154 165
0042 114 112 162 169 064 198 097 236
0043 065 200 097 238 114 110 161 167
0044 114 113 164 172 062 199 101 236
0045 064 199 098 237 117 157 171 214
0046 064 200 097 238 116 220 149 239
0047 064 203 096 239 000 000 000 000
0048 062 203 099 239 000 000 000 000
0049 063 201 096 239 000 000 000 000
