0000 166 213 186 236 099 213 120 239
0001 164 212 188 235 099 215 120 237
0002 167 212 186 237 099 213 120 239
0003 169 209 194 236 101 218 122 239
0004 176 213 204 239 102 218 123 239
0005 223 186 245 213 103 220 124 239
0006 244 151 267 176 102 220 124 239
0007 248 116 269 139 102 221 125 239
0008 103 220 125 239 244 094 268 115
0009 244 089 266 113 103 223 126 239
0010 105 223 127 239 247 106 269 126
0011 247 120 269 145 106 224 128 239
0012 241 147 262 171 106 224 127 239
0013 247 125 271 148 106 218 126 239
0014 106 217 127 236 250 099 270 125
0015 250 093 272 119 106 220 126 239
0016 104 222 126 239 247 108 274 135
0017 241 151 264 176 104 221 126 239
0018 213 193 242 223 101 213 128 239
0019 195 204 218 231 101 219 126 239
0020 105 216 125 237 171 214 191 236
0021 105 219 130 239 173 212 191 236
0022 105 219 131 239 168 214 191 239
