0003 171 194 206 238 000 000 000 000
0004 200 159 240 209 000 000 000 000
0005 218 146 258 192 000 000 000 000
0006 222 144 262 191 000 000 000 000
0007 229 148 262 196 000 000 000 000
0008 230 154 263 201 000 000 000 000
0009 228 157 267 202 000 000 000 000
0010 228 128 271 179 000 000 000 000
0011 226 080 269 131 000 000 000 000
0012 219 029 257 082 000 000 000 000
0013 217 022 252 071 000 000 000 000
0014 221 036 258 092 000 000 000 000
0015 228 082 268 137 000 000 000 000
0016 226 139 269 193 000 000 000 000
0017 227 178 263 223 000 000 000 000
0018 228 157 266 205 000 000 000 000
0019 224 106 269 161 000 000 000 000
0020 221 046 257 100 000 000 000 000
0021 219 040 254 088 000 000 000 000
0022 220 049 263 102 000 000 000 000
0023 232 086 270 144 000 000 000 000
0024 229 133 267 183 000 000 000 000
0025 223 160 262 206 000 000 000 000
0026 223 174 261 220 000 000 000 000
0027 215 187 258 231 000 000 000 000
0028 213 203 254 239 000 000 000 000
0029 198 218 241 237 000 000 000 000
