0002 194 214 241 239 000 000 000 000
0003 232 183 271 227 000 000 000 000
0004 239 176 278 216 000 000 000 000
0005 243 169 284 211 000 000 000 000
0006 243 169 283 210 000 000 000 000
0007 243 173 284 214 000 000 000 000
0008 245 157 283 202 000 000 000 000
0009 237 109 284 160 000 000 000 000
0010 243 068 279 119 000 000 000 000
0011 240 101 284 160 000 000 000 000
0012 241 142 285 193 000 000 000 000
0013 240 179 279 222 000 000 000 000
0014 242 162 283 209 000 000 000 000
0015 238 114 286 169 000 000 000 000
0016 239 070 281 123 000 000 000 000
0017 239 052 273 105 000 000 000 000
0018 242 075 279 133 000 000 000 000
0019 244 144 285 191 000 000 000 000
0020 240 168 285 215 000 000 000 000
0021 236 190 276 230 000 000 000 000
0022 225 191 271 234 000 000 000 000
0023 218 208 266 239 000 000 000 000
