0000 039 206 082 239 000 000 000 000
0001 040 204 083 239 000 000 000 000
0002 040 206 082 239 000 000 000 000
0003 038 207 083 239 000 000 000 000
0004 038 206 082 239 000 000 000 000
0005 038 206 082 239 000 000 000 000
0006 040 208 086 239 000 000 000 000
0007 040 207 085 239 000 000 000 000
0008 037 209 082 239 000 000 000 000
0009 041 210 085 239 137 225 171 239
0010 041 209 086 239 159 214 198 239
0011 191 200 234 236 042 209 086 239
0012 202 185 248 230 042 209 086 239
0013 222 166 264 209 041 210 085 239
0014 237 139 274 183 040 211 084 239
0015 039 212 084 239 243 124 276 170
0016 243 120 276 166 042 212 085 239
0017 042 212 085 239 244 113 280 159
0018 248 104 280 147 040 212 084 239
0019 246 089 284 137 038 212 085 239
0020 246 083 285 131 040 213 084 239
0021 041 212 084 239 250 082 288 132
0022 252 102 289 148 040 214 084 239
0023 254 150 289 195 040 213 085 239
0024 039 210 084 239 250 183 286 225
0025 038 210 084 239 248 188 284 229
0026 246 173 288 214 040 211 084 239
0027 251 141 292 189 040 211 084 238
0028 040 212 084 238 251 114 291 165
0029 041 213 084 239 242 079 285 131
0030 238 059 280 109 041 212 083 239
0031 239 058 280 111 040 212 083 239
0032 244 069 284 118 041 212 084 239
0033 247 092 291 145 041 212 083 239
0034 250 127 290 174 040 212 083 239
0035 250 154 291 199 039 212 084 239
0036 248 162 288 205 039 210 084 239
0037 039 209 084 239 248 168 286 208
0038 039 210 083 239 247 164 288 204
0039 040 211 083 239 249 164 287 204
0040 039 211 083 239 245 165 286 207
0041 041 211 083 239 238 176 289 217
0042 228 187 272 231 039 210 082 239
0043 202 196 249 238 042 211 084 239
0044 182 202 226 235 042 209 084 239
0045 154 209 201 239 042 208 087 239
0046 133 217 174 237 045 209 085 239
0047 041 206 082 239 139 221 168 237
0048 044 205 088 239 134 223 170 239
0049 043 204 091 235 136 223 177 239
0050 046 205 086 239 129 223 168 239
0051 045 203 091 235 131 222 170 239
0052 045 205 087 239 131 223 171 239
0053 038 207 083 239 000 000 000 000
