0003 179 220 224 239 000 000 000 000
0004 195 177 239 236 000 000 000 000
0005 204 137 249 203 000 000 000 000
0006 212 102 257 164 000 000 000 000
0007 220 061 261 131 000 000 000 000
0008 219 047 259 116 000 000 000 000
0009 216 037 261 097 000 000 000 000
0010 216 034 261 091 000 000 000 000
0011 222 051 261 120 000 000 000 000
0012 218 089 263 160 000 000 000 000
0013 220 122 262 181 000 000 000 000
0014 219 122 261 177 000 000 000 000
0015 218 118 262 175 000 000 000 000
0016 218 115 261 173 000 000 000 000
0017 217 114 260 172 000 000 000 000
0018 217 112 260 171 000 000 000 000
0019 218 098 260 161 000 000 000 000
0020 225 080 263 143 000 000 000 000
0021 222 055 269 117 000 000 000 000
0022 227 035 268 095 000 000 000 000
0023 224 028 267 085 000 000 000 000
0024 222 025 266 082 000 000 000 000
0025 225 031 265 089 000 000 000 000
0026 227 077 266 140 000 000 000 000
0027 221 136 266 203 000 000 000 000
0028 214 174 258 234 000 000 000 000
0029 207 179 254 234 000 000 000 000
0030 203 179 252 235 000 000 000 000
0031 201 193 241 236 000 000 000 000
0032 185 211 229 236 000 000 000 000
