0017 190 210 241 239 000 000 000 000
0018 199 174 243 231 000 000 000 000
0019 202 152 248 209 000 000 000 000
0020 209 126 262 183 000 000 000 000
0021 206 097 270 164 000 000 000 000
0022 202 082 261 153 000 000 000 000
0023 203 070 263 150 000 000 000 000
0024 201 077 258 144 000 000 000 000
0025 200 076 258 145 000 000 000 000
0026 200 076 259 144 000 000 000 000
0027 201 076 259 144 000 000 000 000
0028 200 075 258 145 000 000 000 000
0029 201 075 259 144 000 000 000 000
0030 201 076 258 145 000 000 000 000
0031 198 075 259 150 000 000 000 000
0032 197 089 260 161 000 000 000 000
0033 193 148 248 207 000 000 000 000
0034 173 215 219 239 000 000 000 000
