0006 125 222 173 239 000 000 000 000
0007 119 185 172 234 000 000 000 000
0008 126 144 178 207 000 000 000 000
0009 131 111 183 183 000 000 000 000
0010 135 084 187 154 000 000 000 000
0011 136 077 186 144 000 000 000 000
0012 138 073 186 141 000 000 000 000
0013 137 073 186 141 000 000 000 000
0014 136 075 190 137 000 000 000 000
0015 137 073 189 139 000 000 000 000
0016 137 073 189 140 000 000 000 000
0017 138 072 189 138 000 000 000 000
0018 137 072 189 137 000 000 000 000
0019 139 072 188 140 056 224 088 239
0020 135 073 188 138 000 000 000 000
0021 138 072 188 139 000 000 000 000
0022 137 076 189 144 000 000 000 000
0023 137 078 187 146 000 000 000 000
0024 135 082 188 149 053 223 087 239
0025 135 090 185 158 000 000 000 000
0026 134 118 184 176 000 000 000 000
0027 126 157 173 196 000 000 000 000
0028 123 189 179 238 000 000 000 000
0029 125 209 175 239 000 000 000 000
0030 137 222 173 239 000 000 000 000
