0002 174 219 214 239 000 000 000 000
0003 181 185 206 217 000 000 000 000
0004 176 141 218 194 000 000 000 000
0005 175 131 217 177 000 000 000 000
0006 176 128 215 174 000 000 000 000
0007 175 126 217 176 000 000 000 000
0008 176 126 218 176 000 000 000 000
0009 176 127 218 177 000 000 000 000
0010 176 126 217 175 000 000 000 000
0011 175 126 215 177 000 000 000 000
0012 174 132 212 178 000 000 000 000
0013 180 161 207 198 000 000 000 000
0014 177 190 208 224 000 000 000 000
0015 181 218 207 235 000 000 000 000
