0003 193 174 251 223 000 000 000 000
0004 201 128 263 186 000 000 000 000
0005 201 097 258 163 000 000 000 000
0006 201 085 256 153 000 000 000 000
0007 196 081 253 145 000 000 000 000
0008 193 078 256 145 000 000 000 000
0009 195 079 250 142 000 000 000 000
0010 194 078 250 142 000 000 000 000
0011 194 079 250 142 000 000 000 000
0012 193 079 250 142 000 000 000 000
0013 194 079 250 143 000 000 000 000
0014 195 079 250 142 000 000 000 000
0015 194 079 251 144 000 000 000 000
0016 194 080 251 145 000 000 000 000
0017 196 086 255 149 000 000 000 000
0018 194 106 248 162 000 000 000 000
0019 192 137 235 188 000 000 000 000
0020 185 175 226 234 000 000 000 000
0021 171 224 208 239 000 000 000 000
