0010 151 221 184 237 164 211 228 239
0011 146 139 212 216 000 000 000 000
0012 142 086 208 181 000 000 000 000
0013 132 068 199 151 000 000 000 000
0014 136 055 194 144 000 000 000 000
0015 131 054 200 131 000 000 000 000
0016 131 053 196 132 000 000 000 000
0017 128 048 196 135 000 000 000 000
0018 126 049 196 136 000 000 000 000
0019 136 045 200 136 000 000 000 000
0020 131 050 198 134 000 000 000 000
0021 137 048 195 133 000 000 000 000
0022 130 051 197 133 000 000 000 000
0023 136 055 199 135 000 000 000 000
0024 133 059 200 140 000 000 000 000
0025 134 061 203 147 000 000 000 000
0026 142 093 209 175 000 000 000 000
0027 156 144 213 216 000 000 000 000
