0000 016 222 055 239 000 000 000 000
0001 020 223 051 239 000 000 000 000
0002 020 223 050 239 000 000 000 000
0003 111 207 165 237 020 223 050 239
0004 111 160 165 206 019 220 053 239
0005 119 120 169 181 016 223 055 239
0006 120 081 180 156 014 220 052 237
0007 126 065 176 139 014 221 055 239
0008 123 057 176 126 015 221 055 239
0009 129 054 183 125 016 222 051 239
0010 129 054 183 127 016 221 055 239
0011 132 053 185 125 016 222 051 239
0012 132 057 184 127 013 221 054 239
0013 129 058 184 126 014 221 054 239
0014 132 056 184 126 016 223 051 239
0015 131 055 184 126 016 223 051 239
0016 131 055 184 126 016 222 051 239
0017 131 055 184 127 015 223 051 239
0018 131 055 185 129 016 222 056 239
0019 131 059 184 131 015 222 056 239
0020 129 070 183 146 017 222 056 239
0021 125 105 174 170 017 222 056 239
0022 113 176 172 218 018 222 056 239
0023 115 212 159 238 018 224 051 239
0024 018 221 056 239 000 000 000 000
0025 018 224 052 239 000 000 000 000
