0006 197 205 259 237 000 000 000 000
0007 220 143 275 206 000 000 000 000
0008 209 095 271 165 000 000 000 000
0009 202 063 264 136 000 000 000 000
0010 196 047 256 127 000 000 000 000
0011 196 038 255 111 000 000 000 000
0012 196 034 253 108 000 000 000 000
0013 197 034 255 106 000 000 000 000
0014 195 034 255 108 000 000 000 000
0015 196 036 254 109 000 000 000 000
0016 195 037 254 111 000 000 000 000
0017 194 037 253 111 000 000 000 000
0018 193 038 253 109 000 000 000 000
0019 194 038 253 113 000 000 000 000
0020 195 039 252 112 000 000 000 000
0021 196 043 252 116 000 000 000 000
0022 197 067 247 126 000 000 000 000
0023 199 096 245 148 000 000 000 000
0024 191 129 243 183 000 000 000 000
0025 192 155 238 208 000 000 000 000
0026 188 177 234 230 000 000 000 000
0027 187 214 228 239 000 000 000 000
