0010 136 193 211 236 000 000 000 000
0011 154 142 223 203 000 000 000 000
0012 164 111 231 174 000 000 000 000
0013 170 082 233 157 000 000 000 000
0014 177 072 235 143 000 000 000 000
0015 178 061 238 135 000 000 000 000
0016 178 060 241 134 000 000 000 000
0017 181 058 241 130 000 000 000 000
0018 179 055 242 126 000 000 000 000
0019 177 054 239 127 000 000 000 000
0020 176 056 239 128 000 000 000 000
0021 175 055 238 126 000 000 000 000
0022 173 054 236 126 000 000 000 000
0023 172 055 234 126 000 000 000 000
0024 176 052 235 124 000 000 000 000
0025 172 050 235 125 000 000 000 000
0026 175 052 240 131 000 000 000 000
0027 173 055 235 126 000 000 000 000
0028 170 051 236 126 000 000 000 000
0029 172 055 235 127 000 000 000 000
0030 171 054 234 128 000 000 000 000
0031 171 054 234 130 000 000 000 000
0032 171 054 234 129 000 000 000 000
0033 172 054 235 128 000 000 000 000
0034 172 054 234 129 000 000 000 000
0035 174 053 237 126 000 000 000 000
0036 175 061 236 130 000 000 000 000
0037 169 089 221 146 000 000 000 000
0038 157 121 205 175 000 000 000 000
0039 127 206 181 238 000 000 000 000
