0012 141 222 177 239 000 000 000 000
0013 131 191 182 233 000 000 000 000
0014 138 140 188 201 000 000 000 000
0015 141 112 189 179 000 000 000 000
0016 144 079 190 147 000 000 000 000
0017 143 074 188 136 000 000 000 000
0018 141 071 188 136 000 000 000 000
0019 141 074 189 139 000 000 000 000
0020 140 073 190 139 000 000 000 000
0021 140 073 189 138 000 000 000 000
0022 140 073 189 138 000 000 000 000
0023 141 072 190 139 000 000 000 000
0024 141 071 186 141 000 000 000 000
0025 140 073 190 138 000 000 000 000
0026 140 073 190 138 000 000 000 000
0027 139 073 190 138 000 000 000 000
0028 140 069 186 138 000 000 000 000
0029 140 073 187 139 000 000 000 000
0030 139 073 188 139 000 000 000 000
0031 139 070 188 138 000 000 000 000
0032 138 078 190 146 000 000 000 000
0033 138 089 182 160 000 000 000 000
0034 133 134 175 188 000 000 000 000
0035 127 190 176 237 000 000 000 000
0036 144 222 177 239 000 000 000 000
