0009 165 189 208 239 105 206 148 239
0010 157 144 205 199 107 166 157 223
0011 109 147 158 206 153 131 202 187
0012 146 124 199 182 112 137 164 191
0013 144 122 198 183 116 135 166 187
0014 144 122 197 181 114 132 162 188
0015 147 118 199 174 112 128 161 182
0016 103 116 156 173 155 108 206 161
0017 078 110 138 169 170 107 216 160
0018 183 104 228 152 040 109 121 165
0019 030 106 105 163 187 104 228 155
0020 191 106 233 155 021 110 091 167
0021 015 117 089 174 193 109 230 158
0022 019 109 084 170 193 109 230 153
0023 021 113 093 172 193 110 231 154
0024 022 113 097 173 192 108 233 152
0025 023 116 098 174 189 110 230 156
0026 032 119 099 179 188 112 226 164
0027 060 129 119 202 178 121 213 187
0028 091 159 135 233 170 145 205 214
