0000 098 221 128 238 055 224 093 239
0001 095 225 131 239 055 223 093 239
0002 095 225 131 239 054 223 093 239
0003 095 225 131 239 053 223 093 239
0004 094 223 131 239 054 223 093 239
0005 094 224 131 239 054 223 093 239
0006 094 223 131 239 053 223 093 239
0007 093 221 130 239 053 222 093 239
0008 045 214 097 239 092 217 134 239
0009 047 201 094 239 099 206 137 239
0010 097 172 138 231 047 169 086 230
0011 099 148 151 204 049 138 080 196
0012 037 120 085 173 106 125 159 175
0013 033 107 087 157 105 114 161 164
0014 104 106 160 158 033 102 092 152
0015 038 105 094 153 107 108 160 156
0016 037 107 097 155 107 114 162 164
0017 108 113 161 163 038 107 099 156
0018 108 113 161 164 039 111 094 156
0019 108 112 161 162 040 110 097 155
0020 104 114 162 163 040 110 098 155
0021 106 113 160 164 042 111 095 152
0022 049 117 095 169 104 120 156 170
0023 105 129 148 188 057 128 088 187
0024 050 160 096 216 103 149 143 209
0025 100 176 144 227 048 188 099 234
0026 047 205 100 238 099 195 141 238
0027 049 211 098 239 100 209 138 239
0028 051 214 096 239 097 216 136 239
0029 094 215 138 239 052 216 093 239
0030 093 217 136 239 055 223 092 239
0031 093 218 136 239 000 000 000 000
0032 095 218 139 239 052 224 092 239
0033 096 218 137 239 049 224 089 239
0034 096 218 137 239 051 224 091 239
0035 096 218 138 239 051 223 090 239
