0008 181 215 224 239 000 000 000 000
0009 172 166 219 222 111 190 159 239
0010 167 132 218 188 113 149 161 211
0011 118 128 166 190 166 122 212 183
0012 161 121 209 175 127 125 173 184
0013 161 122 211 175 128 124 176 186
0014 123 122 175 188 160 120 212 174
0015 125 119 175 186 161 117 217 169
0016 104 113 160 182 171 108 227 164
0017 197 103 246 158 065 113 132 182
0018 037 117 108 181 208 106 252 156
0019 043 122 112 181 206 108 252 156
0020 204 109 251 158 041 118 114 173
0021 050 117 114 182 206 110 252 156
0022 207 110 250 158 051 119 118 186
0023 067 120 130 203 204 114 247 166
0024 104 181 161 239 208 132 240 195
0025 200 195 244 239 000 000 000 000
0026 203 218 246 239 000 000 000 000
