0006 110 155 173 237 176 185 216 239
0007 133 103 183 171 185 118 229 170
0008 133 074 188 139 181 094 227 148
0009 136 074 194 131 180 085 226 137
0010 138 075 194 134 180 085 226 135
0011 139 077 193 133 181 085 226 132
0012 135 076 191 134 178 086 224 134
0013 135 077 193 136 177 087 224 135
0014 116 076 175 133 189 080 238 127
0015 201 081 243 126 098 075 157 129
0016 092 081 147 130 200 081 240 125
0017 198 081 238 126 095 079 148 130
0018 196 080 239 129 090 081 148 128
0019 197 081 240 129 088 078 146 125
0020 198 080 238 130 088 082 148 129
0021 198 080 238 130 087 075 145 125
0022 097 077 149 129 197 079 238 128
0023 196 082 230 135 092 081 148 136
0024 102 094 141 160 186 095 222 152
0025 100 169 150 236 159 155 194 234
