0009 183 224 218 239 000 000 000 000
0010 182 204 223 238 085 218 139 239
0011 082 193 133 235 184 181 225 226
0012 169 144 219 195 085 148 140 197
0013 149 082 195 142 105 089 158 144
0014 144 054 183 115 112 063 154 122
0015 143 045 186 113 115 054 157 119
0016 149 048 183 113 109 060 153 117
0017 145 052 186 115 112 061 159 119
0018 113 062 158 122 144 054 183 116
0019 112 063 157 122 145 054 185 117
0020 112 063 156 121 144 056 183 119
0021 146 055 182 119 112 067 153 122
0022 112 073 148 125 144 067 183 127
0023 149 075 180 127 113 075 144 131
0024 146 078 175 122 123 078 151 121
0025 143 032 177 102 123 038 148 108
0026 098 014 134 080 152 014 187 079
0027 074 008 120 063 166 002 210 062
0028 172 006 220 066 062 009 111 061
0029 168 009 218 070 054 011 104 062
0030 057 012 107 066 163 016 206 082
0031 159 025 205 092 071 018 109 087
0032 156 062 195 138 086 062 122 139
0033 094 165 143 219 154 155 194 212
0034 158 206 208 239 094 222 130 239
0035 178 225 205 239 000 000 000 000
