0009 185 195 246 239 000 000 000 000
0010 200 174 269 220 000 000 000 000
0011 207 163 281 210 000 000 000 000
0012 215 157 281 204 000 000 000 000
0013 220 154 284 200 000 000 000 000
0014 216 154 284 201 000 000 000 000
0015 221 150 286 197 000 000 000 000
0016 223 147 287 195 000 000 000 000
0017 223 146 287 194 000 000 000 000
0018 221 146 286 193 000 000 000 000
0019 222 146 287 195 000 000 000 000
0020 222 144 286 194 000 000 000 000
0021 222 145 286 194 000 000 000 000
0022 222 143 286 193 000 000 000 000
0023 221 144 285 193 000 000 000 000
0024 221 144 285 193 000 000 000 000
0025 221 144 285 193 000 000 000 000
0026 221 143 284 195 000 000 000 000
0027 220 145 284 194 000 000 000 000
0028 222 150 284 199 000 000 000 000
0029 212 162 282 212 000 000 000 000
0030 206 189 270 236 000 000 000 000
0031 187 220 230 237 000 000 000 000
