0003 165 206 209 237 000 000 000 000
0004 179 190 240 234 000 000 000 000
0005 196 158 260 206 000 000 000 000
0006 205 142 265 189 000 000 000 000
0007 205 133 269 183 000 000 000 000
0008 206 131 270 176 000 000 000 000
0009 207 132 270 177 000 000 000 000
0010 206 132 272 178 000 000 000 000
0011 205 132 272 178 000 000 000 000
0012 206 132 272 177 000 000 000 000
0013 208 131 271 177 000 000 000 000
0014 207 131 271 177 000 000 000 000
0015 207 131 271 178 000 000 000 000
0016 208 132 271 178 000 000 000 000
0017 207 132 271 178 000 000 000 000
0018 205 132 271 178 000 000 000 000
0019 205 132 270 177 000 000 000 000
0020 204 133 271 178 000 000 000 000
0021 208 132 269 181 000 000 000 000
0022 208 135 270 184 000 000 000 000
0023 204 143 265 188 000 000 000 000
0024 193 172 254 217 000 000 000 000
0025 178 199 231 238 000 000 000 000
0026 162 215 188 236 000 000 000 000
