0006 153 214 207 239 000 000 000 000
0007 140 190 223 239 000 000 000 000
0008 130 163 209 216 000 000 000 000
0009 126 153 201 202 000 000 000 000
0010 125 136 192 181 063 214 097 239
0011 124 125 188 173 000 000 000 000
0012 121 121 188 165 000 000 000 000
0013 123 115 184 162 000 000 000 000
0014 122 112 186 161 000 000 000 000
0015 122 111 185 157 187 115 265 163
0016 123 110 189 154 176 119 266 164
0017 123 111 185 154 178 117 264 160
0018 123 110 187 154 181 116 266 159
0019 123 112 188 156 179 116 268 158
0020 123 109 189 155 179 116 268 158
0021 123 112 183 155 184 116 264 159
0022 124 111 184 157 181 114 266 159
0023 117 115 186 158 186 112 260 164
0024 123 112 181 154 000 000 000 000
0025 124 113 185 157 000 000 000 000
0026 124 114 188 158 000 000 000 000
0027 124 112 185 158 000 000 000 000
0028 122 113 185 159 000 000 000 000
0029 123 112 186 159 000 000 000 000
0030 122 114 195 172 000 000 000 000
0031 135 136 201 190 000 000 000 000
0032 145 163 212 222 000 000 000 000
0033 148 185 219 239 000 000 000 000
0034 172 209 231 239 000 000 000 000
0035 199 223 240 239 000 000 000 000
