0000 079 202 121 237 143 204 188 239
0001 079 202 121 237 141 204 188 239
0002 079 202 121 236 141 203 188 239
0003 079 202 121 236 143 204 189 239
0004 079 203 121 237 142 201 189 239
0005 138 196 192 239 079 202 122 237
0006 138 190 189 239 080 202 120 237
0007 138 174 191 227 081 203 120 237
0008 136 156 188 203 080 203 121 237
0009 134 144 189 190 079 202 122 237
0010 131 117 191 164 079 202 122 237
0011 125 095 191 143 079 201 122 237
0012 131 083 194 135 079 202 121 237
0013 130 081 193 133 079 202 121 236
0014 123 088 192 138 079 201 121 236
0015 125 089 190 140 079 202 120 236
0016 126 088 190 139 079 202 120 236
0017 128 086 194 138 079 201 120 236
0018 127 088 196 138 079 201 120 237
0019 128 088 195 138 079 201 121 236
0020 125 088 191 138 080 202 120 236
0021 128 087 194 138 079 201 121 237
0022 128 088 195 138 079 202 121 236
0023 123 092 187 140 079 201 121 236
0024 126 088 190 139 079 201 121 236
0025 126 088 189 139 078 201 121 237
0026 125 088 189 140 079 202 120 236
0027 125 088 189 140 079 201 121 236
0028 124 089 193 140 079 202 121 236
0029 125 088 189 141 079 202 121 236
0030 123 088 193 141 079 201 121 236
0031 123 087 189 140 079 202 121 236
0032 123 094 189 146 079 202 121 236
0033 125 107 184 157 079 202 120 236
0034 123 138 187 186 079 202 121 236
0035 127 175 180 228 081 203 120 237
0036 131 195 183 239 078 203 119 237
0037 139 206 187 239 079 203 121 236
0038 135 208 184 239 079 203 121 236
0039 135 207 183 239 079 203 122 237
0040 079 203 122 237 135 208 183 239
0041 137 209 182 238 079 202 122 237
0042 079 202 121 237 136 209 182 239
