0002 158 212 196 237 000 000 000 000
0003 163 203 197 237 000 000 000 000
0004 152 219 196 239 000 000 000 000
0005 120 169 182 229 000 000 000 000
0006 098 109 163 171 142 140 189 205
0007 078 078 156 138 000 000 000 000
0008 069 062 149 117 133 092 185 182
0009 068 053 142 110 000 000 000 000
0010 060 050 138 104 000 000 000 000
0011 061 048 133 105 000 000 000 000
0012 063 048 125 104 000 000 000 000
0013 065 054 128 109 000 000 000 000
0014 060 054 124 110 000 000 000 000
0015 059 054 124 111 000 000 000 000
0016 060 055 125 111 000 000 000 000
0017 060 053 128 109 000 000 000 000
0018 066 052 133 108 000 000 000 000
0019 062 053 130 106 000 000 000 000
0020 064 055 138 112 000 000 000 000
0021 072 071 148 128 000 000 000 000
0022 086 127 160 193 000 000 000 000
0023 116 187 177 236 000 000 000 000
0024 151 197 195 237 000 000 000 000
0025 158 211 189 238 000 000 000 000
0026 155 207 189 238 000 000 000 000
