0004 165 220 228 239 000 000 000 000
0005 152 195 213 239 000 000 000 000
0006 142 169 216 221 000 000 000 000
0007 135 147 210 200 000 000 000 000
0008 131 130 196 181 000 000 000 000
0009 123 119 193 171 000 000 000 000
0010 122 119 187 165 000 000 000 000
0011 118 112 187 160 000 000 000 000
0012 117 114 185 157 000 000 000 000
0013 118 113 186 159 000 000 000 000
0014 116 113 187 157 000 000 000 000
0015 117 110 187 158 000 000 000 000
0016 118 107 188 158 185 119 257 165
0017 115 108 184 157 182 114 259 165
0018 115 109 186 156 178 117 262 168
0019 118 110 186 154 182 116 259 167
0020 115 111 183 157 000 000 000 000
0021 114 107 177 157 000 000 000 000
0022 113 108 183 156 187 123 257 170
0023 113 107 183 156 184 120 258 168
0024 114 109 180 159 182 119 254 166
0025 114 109 182 158 178 123 262 167
0026 114 112 184 159 000 000 000 000
0027 120 116 186 169 000 000 000 000
0028 121 125 192 185 000 000 000 000
0029 124 151 202 207 000 000 000 000
0030 136 174 207 232 000 000 000 000
0031 147 201 217 239 000 000 000 000
0032 172 212 233 239 000 000 000 000
0033 200 224 235 239 000 000 000 000
