0018 117 224 158 239 000 000 000 000
0019 099 217 153 239 000 000 000 000
0020 097 212 155 238 000 000 000 000
0021 088 201 149 239 000 000 000 000
0022 079 185 148 227 000 000 000 000
0023 074 168 139 212 000 000 000 000
0024 070 150 137 199 000 000 000 000
0025 065 138 135 184 000 000 000 000
0026 065 129 126 177 000 000 000 000
0027 063 122 126 168 000 000 000 000
0028 063 119 127 167 000 000 000 000
0029 065 121 123 166 000 000 000 000
0030 065 119 124 166 000 000 000 000
0031 063 118 126 166 000 000 000 000
0032 064 115 124 163 000 000 000 000
0033 062 115 125 164 000 000 000 000
0034 063 115 125 162 000 000 000 000
0035 062 116 124 162 000 000 000 000
0036 062 114 126 164 000 000 000 000
0037 063 115 126 163 000 000 000 000
0038 063 116 127 163 000 000 000 000
0039 064 115 126 163 000 000 000 000
0040 065 113 130 162 000 000 000 000
0041 064 114 127 163 000 000 000 000
0042 066 114 131 162 000 000 000 000
0043 067 113 131 162 000 000 000 000
0044 067 114 131 162 000 000 000 000
0045 065 114 130 163 000 000 000 000
0046 066 114 130 162 000 000 000 000
0047 067 115 131 162 000 000 000 000
0048 066 113 132 163 000 000 000 000
0049 067 116 131 162 000 000 000 000
0050 066 123 130 168 000 000 000 000
0051 078 162 137 215 000 000 000 000
0052 092 183 148 237 000 000 000 000
0053 108 216 152 237 000 000 000 000
0054 131 222 168 239 000 000 000 000
