0000 199 189 225 224 122 189 147 219
0001 122 192 145 217 202 190 221 226
0002 124 187 146 218 202 190 221 226
0003 124 188 146 216 202 190 221 227
0004 202 191 222 225 122 190 144 219
0005 221 188 245 223 109 185 129 216
0006 239 174 268 213 088 181 111 212
0007 070 168 093 196 254 156 288 195
0008 053 152 079 179 263 143 301 176
0009 267 136 307 166 048 142 076 160
0010 267 135 307 158 042 136 069 152
0011 271 130 310 155 036 131 073 148
0012 272 129 310 154 035 128 073 146
0013 266 128 308 153 037 128 071 146
0014 272 127 308 151 037 129 069 148
0015 266 128 307 151 037 130 070 148
0016 271 128 308 151 033 130 071 149
0017 271 126 309 150 038 130 071 148
0018 272 131 308 153 037 130 069 149
0019 272 131 308 153 035 129 071 145
0020 272 131 308 153 032 129 070 146
0021 272 131 308 153 036 129 069 148
0022 272 131 308 154 036 129 070 148
0023 271 129 308 154 036 128 070 147
0024 267 135 308 157 035 130 069 150
0025 264 135 303 164 043 137 074 153
0026 052 148 078 175 257 147 286 178
0027 061 159 087 188 248 157 273 191
0028 082 172 106 204 234 170 257 208
0029 215 181 236 217 105 187 126 220
0030 204 188 228 218 113 187 134 218
0031 119 187 139 223 202 189 221 223
0032 122 194 145 223 198 189 221 222
0033 122 189 142 222 199 189 220 227
0034 120 188 142 222 201 189 223 223
0035 120 188 142 221 204 193 224 223
0036 124 188 145 218 205 194 225 224
0037 200 190 222 223 122 188 145 221
0038 199 190 220 223 121 187 144 220
0039 199 189 221 223 121 187 143 220
