0006 202 132 239 195 000 000 000 000
0007 205 061 251 133 190 065 222 105
0008 194 008 244 072 000 000 000 000
0009 181 006 233 065 000 000 000 000
0010 172 002 227 053 000 000 000 000
0011 163 012 220 075 000 000 000 000
0012 158 034 215 096 000 000 000 000
0013 160 061 214 129 000 000 000 000
0014 165 106 211 175 000 000 000 000
0015 156 142 208 211 000 000 000 000
0016 157 198 203 237 000 000 000 000
0017 155 221 200 239 000 000 000 000
0018 156 215 203 238 000 000 000 000
0019 160 201 206 234 000 000 000 000
0020 159 205 207 234 000 000 000 000
0021 157 223 207 239 000 000 000 000
