0001 137 224 173 239 000 000 000 000
0002 133 201 177 239 000 000 000 000
0003 158 135 198 181 000 000 000 000
0004 181 076 214 128 000 000 000 000
0005 181 028 235 090 000 000 000 000
0006 186 010 242 074 000 000 000 000
0007 191 005 246 069 000 000 000 000
0008 189 007 246 069 000 000 000 000
0009 189 008 246 069 000 000 000 000
0010 189 008 246 069 000 000 000 000
0011 190 009 246 069 000 000 000 000
0012 197 011 247 074 000 000 000 000
0013 210 044 244 102 000 000 000 000
0014 217 093 251 146 000 000 000 000
0015 221 124 257 169 000 000 000 000
0016 223 126 259 170 000 000 000 000
0017 223 124 259 166 000 000 000 000
0018 223 124 259 165 000 000 000 000
0019 223 117 259 163 000 000 000 000
0020 221 115 260 162 000 000 000 000
0021 222 115 259 160 000 000 000 000
0022 222 114 257 159 000 000 000 000
0023 221 115 259 164 000 000 000 000
0024 222 120 259 166 000 000 000 000
0025 221 131 259 175 000 000 000 000
0026 215 147 252 189 000 000 000 000
0027 196 173 230 223 000 000 000 000
0028 167 198 206 238 000 000 000 000
0029 145 216 183 239 000 000 000 000
0030 139 225 175 239 000 000 000 000
