0000 179 203 234 239 081 215 124 237
0001 170 163 230 230 083 218 127 239
0002 166 121 231 183 081 216 124 237
0003 166 079 227 145 083 218 126 239
0004 154 047 231 101 082 218 127 239
0005 152 046 226 092 082 219 127 239
0006 155 055 225 106 082 218 127 239
0007 169 093 221 147 083 215 125 239
0008 171 108 218 161 083 215 125 239
0009 171 100 221 154 083 214 127 239
0010 171 101 221 154 083 214 126 239
0011 171 108 218 155 083 218 126 239
0012 173 117 219 172 083 215 125 239
0013 174 145 231 203 083 218 127 239
0014 172 177 238 235 083 218 126 239
0015 178 213 239 239 083 215 126 239
0016 177 208 234 238 083 219 127 239
0017 176 207 232 238 083 218 127 239
0018 173 208 230 238 083 214 126 239
