0000 115 218 185 239 000 000 000 000
0001 115 218 184 239 000 000 000 000
0002 116 218 185 239 000 000 000 000
0003 114 219 183 239 000 000 000 000
0004 115 219 183 239 000 000 000 000
0005 112 217 181 238 000 000 000 000
0006 116 216 184 239 000 000 000 000
0007 121 215 180 239 000 000 000 000
0008 123 212 183 239 000 000 000 000
0009 120 210 180 239 000 000 000 000
0010 118 208 185 238 000 000 000 000
0011 126 204 187 236 000 000 000 000
0012 125 203 182 239 000 000 000 000
0013 129 193 183 239 000 000 000 000
0014 129 183 182 236 000 000 000 000
0015 135 166 185 222 000 000 000 000
0016 135 146 181 201 000 000 000 000
0017 141 129 182 182 000 000 000 000
0018 139 111 187 162 000 000 000 000
0019 142 097 193 147 000 000 000 000
0020 144 086 196 139 000 000 000 000
0021 150 076 201 127 000 000 000 000
0022 148 070 200 120 000 000 000 000
0023 151 068 199 121 000 000 000 000
0024 147 069 196 121 000 000 000 000
0025 147 075 197 131 000 000 000 000
0026 146 080 190 136 000 000 000 000
0027 139 092 185 152 000 000 000 000
0028 134 121 171 177 000 000 000 000
0029 129 143 172 198 000 000 000 000
0030 126 159 173 212 000 000 000 000
0031 125 167 175 219 000 000 000 000
0032 130 161 172 214 000 000 000 000
0033 128 159 173 212 000 000 000 000
0034 130 160 175 212 000 000 000 000
0035 135 156 176 212 000 000 000 000
0036 133 157 175 206 000 000 000 000
0037 134 151 178 208 000 000 000 000
0038 139 149 188 204 000 000 000 000
0039 147 138 192 190 000 000 000 000
0040 149 118 199 177 000 000 000 000
0041 149 107 200 162 000 000 000 000
0042 156 097 203 153 000 000 000 000
0043 160 082 208 135 000 000 000 000
0044 162 075 210 129 000 000 000 000
0045 163 075 211 132 000 000 000 000
0046 165 082 207 141 000 000 000 000
0047 160 104 201 163 000 000 000 000
0048 144 139 188 202 000 000 000 000
0049 136 170 176 226 000 000 000 000
0050 132 191 178 235 000 000 000 000
0051 132 191 176 231 000 000 000 000
0052 134 197 175 234 000 000 000 000
0053 134 193 177 234 000 000 000 000
0054 133 195 175 234 000 000 000 000
0055 124 206 173 238 000 000 000 000
0056 115 213 175 239 000 000 000 000
