0000 195 217 221 239 121 221 148 239
0001 191 213 222 238 119 221 145 239
0002 194 213 221 237 122 224 146 239
0003 194 207 221 239 125 215 152 239
0004 130 199 156 229 196 186 222 222
0005 128 176 160 205 196 168 225 194
0006 199 148 228 182 126 160 159 187
0007 132 129 158 169 202 110 227 153
0008 202 087 228 133 130 097 157 140
0009 127 071 154 114 205 066 230 111
0010 206 057 233 098 125 051 149 098
0011 205 054 233 094 123 045 151 085
0012 122 044 151 086 204 055 232 095
0013 201 053 231 094 123 045 153 084
0014 200 052 230 093 125 046 151 084
0015 201 053 230 094 124 045 151 083
0016 125 045 152 084 200 054 229 094
0017 125 045 152 084 200 054 229 095
0018 198 053 228 094 125 045 152 084
0019 199 053 228 091 126 040 154 076
0020 127 036 152 070 198 047 228 085
0021 131 030 155 071 195 041 223 074
0022 196 038 225 068 134 026 158 065
0023 136 035 161 070 194 044 221 078
0024 195 067 222 104 139 053 167 095
0025 200 100 227 152 138 082 163 129
0026 203 132 228 174 137 118 165 156
0027 199 137 224 176 137 140 164 174
0028 137 143 166 177 197 138 221 179
0029 139 144 165 177 193 140 218 179
0030 139 146 164 178 191 142 215 180
0031 139 153 165 185 191 149 214 185
0032 131 165 167 190 191 167 216 195
0033 134 173 168 202 192 184 216 212
0034 193 206 219 239 134 194 165 224
0035 128 212 158 239 197 215 226 238
0036 122 219 152 238 204 222 228 239
0037 121 222 144 239 204 216 225 235
0038 117 222 143 239 204 222 224 239
0039 203 218 228 235 108 223 136 239
