0000 121 179 142 213 195 176 214 205
0001 121 179 141 213 195 175 215 205
0002 121 178 141 213 195 177 215 211
0003 121 178 142 213 194 177 214 210
0004 121 178 142 213 196 177 215 210
0005 120 176 140 211 200 173 218 205
0006 119 169 136 200 206 162 223 189
0007 119 147 138 170 214 136 236 158
0008 220 096 247 122 114 114 136 138
0009 215 060 243 095 113 074 136 108
0010 112 040 134 079 211 035 239 069
0011 207 024 235 057 117 024 139 064
0012 203 015 236 054 117 019 142 057
0013 204 015 235 051 119 016 143 053
0014 204 016 235 052 119 013 144 049
0015 204 015 236 051 120 014 144 048
0016 203 015 235 052 119 013 144 048
0017 202 015 235 053 119 013 143 049
0018 205 020 234 056 118 019 139 057
0019 113 044 135 081 210 054 233 085
0020 211 078 233 108 112 061 130 100
0021 111 091 133 125 212 105 233 130
0022 110 100 133 133 212 101 235 133
0023 110 099 132 131 212 102 234 132
0024 109 099 133 131 212 104 233 126
0025 108 098 128 130 211 104 231 130
0026 109 100 132 131 211 104 231 130
0027 109 100 131 130 212 104 235 133
0028 108 098 129 131 212 103 235 133
0029 211 105 234 138 108 104 125 137
0030 209 119 232 146 106 119 127 144
0031 104 141 125 159 207 142 229 163
0032 107 157 129 181 206 152 229 184
0033 112 169 134 198 203 162 223 193
0034 118 176 136 210 198 170 218 206
0035 120 180 141 212 195 174 213 208
0036 122 179 140 210 195 176 213 210
0037 123 178 143 213 195 174 213 210
0038 122 178 143 214 197 176 214 205
0039 121 179 141 213 196 176 214 209
0040 122 179 142 214 196 176 214 210
0041 122 180 143 215 195 174 214 208
0042 123 180 144 216 194 176 214 211
