0000 106 202 126 235 176 201 193 231
0001 105 201 127 233 176 201 191 233
0002 107 200 128 235 000 000 000 000
0003 107 200 128 235 000 000 000 000
0004 106 201 128 235 182 201 199 230
0005 107 202 128 235 198 201 221 231
0006 106 204 128 236 221 178 250 215
0007 106 204 128 237 238 128 286 163
0008 251 082 292 116 106 204 128 237
0009 248 053 282 090 107 206 127 237
0010 244 034 274 070 107 206 126 236
0011 243 035 274 070 107 208 126 236
0012 243 036 277 069 107 206 126 236
0013 244 035 276 070 107 206 126 236
0014 245 038 274 068 106 204 126 236
0015 245 039 276 069 106 206 126 236
0016 244 038 276 072 108 207 128 237
0017 245 039 277 074 107 205 126 236
0018 244 040 276 071 106 205 126 236
0019 247 042 279 072 104 206 125 237
0020 246 042 282 074 107 206 125 236
0021 247 042 280 074 106 206 125 236
0022 245 042 284 078 105 206 125 235
0023 250 048 282 082 103 205 122 235
0024 248 087 287 121 095 208 112 233
0025 241 132 277 165 093 208 110 235
0026 093 201 109 231 225 175 247 212
0027 202 199 219 236 095 206 111 234
0028 177 208 204 237 101 208 118 234
0029 106 200 126 232 173 204 190 236
0030 107 201 128 235 173 204 191 235
0031 106 200 126 233 173 203 191 234
0032 106 201 126 233 173 203 192 235
0033 174 206 194 237 105 202 127 234
