0000 091 223 113 239 173 223 190 239
0001 088 223 114 239 173 222 189 239
0002 091 222 114 239 176 221 201 239
0003 218 186 260 229 090 222 113 239
0004 250 126 297 152 088 224 112 239
0005 248 063 287 095 088 224 112 239
0006 240 043 273 078 091 222 110 238
0007 238 035 270 073 091 223 113 239
0008 238 036 267 070 089 222 109 238
0009 235 034 263 069 088 223 112 239
0010 232 032 263 068 088 224 111 239
0011 234 035 264 069 090 222 110 238
0012 235 035 263 068 090 224 112 239
0013 234 036 264 070 089 222 113 239
0014 235 036 264 070 089 221 109 237
0015 234 033 267 068 091 222 110 239
0016 236 031 268 068 089 222 109 237
0017 236 031 268 068 089 223 112 239
0018 236 031 267 068 089 221 110 237
0019 236 030 267 068 089 222 109 238
0020 236 030 266 069 089 222 109 238
0021 237 034 267 069 089 222 109 238
0022 237 035 266 070 089 222 109 238
0023 242 048 278 083 092 223 112 239
0024 249 094 290 124 087 222 115 239
0025 237 164 271 198 092 223 111 239
0026 219 196 243 232 086 223 111 239
0027 086 223 107 239 191 207 208 236
0028 084 223 109 239 000 000 000 000
0029 089 221 113 238 171 220 188 239
