0000 118 190 141 223 193 191 214 223
0001 195 191 215 222 118 191 141 223
0002 117 190 141 223 195 190 215 223
0003 205 182 227 223 118 192 141 223
0004 118 190 140 222 234 164 260 208
0005 116 189 138 221 263 137 295 172
0006 276 100 318 128 115 189 138 222
0007 277 077 319 105 117 194 139 222
0008 277 052 317 084 117 194 140 221
0009 275 044 315 074 117 191 138 221
0010 276 043 317 072 118 192 140 221
0011 275 040 317 070 117 190 140 223
0012 273 032 314 065 113 188 137 218
0013 267 018 306 053 114 189 136 220
0014 262 010 298 044 113 189 136 220
0015 260 010 296 044 113 189 137 220
0016 264 011 302 048 115 190 137 221
0017 272 026 310 061 115 189 139 222
0018 272 032 313 065 115 190 139 223
0019 270 025 310 059 114 192 137 224
0020 264 013 303 049 112 189 135 217
0021 256 005 294 040 113 192 136 223
0022 254 003 286 035 114 190 137 223
0023 252 002 281 035 114 190 138 223
0024 253 003 288 035 114 190 136 218
0025 263 011 302 047 116 189 139 223
0026 265 021 307 055 115 190 138 223
0027 262 021 302 054 113 191 136 224
0028 112 191 135 223 239 021 268 047
0029 113 190 136 223 211 036 235 062
0030 116 189 139 223 188 058 215 083
0031 118 190 139 222 180 074 207 099
0032 172 104 201 129 122 194 144 221
0033 118 190 142 222 173 133 205 161
0034 118 190 139 217 176 156 202 181
0035 180 174 208 198 116 188 138 218
0036 184 179 210 205 117 188 140 221
0037 191 183 215 213 117 188 140 221
0038 198 189 220 217 117 188 140 220
0039 118 190 140 222 201 190 223 220
