0000 150 180 169 211 082 174 105 205
0001 149 179 169 211 082 174 105 205
0002 150 180 169 212 082 174 105 205
0003 150 181 169 214 082 174 105 205
0004 160 179 177 209 087 176 102 207
0005 180 163 207 196 085 177 102 206
0006 195 125 227 154 084 176 101 203
0007 203 094 238 129 080 172 104 206
0008 209 061 242 097 079 172 104 206
0009 204 034 233 071 078 172 103 206
0010 200 028 226 071 077 179 101 208
0011 191 027 215 066 077 181 101 209
0012 188 024 211 064 086 180 101 201
0013 187 022 211 063 080 177 103 204
0014 188 021 212 063 080 176 102 204
0015 189 021 213 064 080 177 103 204
0016 188 021 214 064 080 176 103 204
0017 194 027 218 067 080 175 103 204
0018 200 036 227 079 080 173 104 207
0019 210 066 241 100 079 181 101 209
0020 211 114 246 142 081 174 104 207
0021 202 144 227 179 081 174 104 207
0022 190 167 210 204 079 181 101 209
0023 178 178 197 210 082 175 105 207
0024 169 180 184 210 081 173 105 206
0025 160 181 176 212 079 173 104 209
0026 156 177 174 209 081 173 105 207
