0000 161 211 188 239 093 208 119 239
0001 160 211 188 239 095 207 121 238
0002 161 211 188 239 095 208 121 238
0003 160 211 187 239 093 202 118 235
0004 160 211 188 239 094 204 118 236
0005 162 208 190 239 095 207 120 239
0006 169 188 197 234 087 202 124 238
0007 173 171 208 221 089 202 119 237
0008 195 136 223 179 092 203 119 236
0009 207 095 235 136 093 203 118 235
0010 219 050 244 085 094 208 120 239
0011 222 030 248 063 088 205 123 239
0012 226 021 256 061 092 205 116 236
0013 230 022 267 065 091 203 117 235
0014 235 022 272 061 091 203 117 236
0015 240 025 271 063 091 203 118 236
0016 241 028 271 063 093 208 120 239
0017 243 027 272 064 095 207 120 235
0018 241 028 271 063 096 206 120 235
0019 239 026 270 065 094 208 120 239
0020 238 025 270 063 088 204 123 238
0021 239 025 271 065 094 206 118 234
0022 239 025 270 065 094 207 118 235
0023 239 024 270 067 096 206 120 235
0024 237 025 267 066 094 207 120 238
0025 241 028 266 066 094 208 120 239
0026 226 034 253 072 094 208 120 238
0027 209 057 236 095 089 205 124 238
0028 201 093 227 131 089 204 123 238
0029 189 144 216 191 095 209 120 238
0030 170 181 199 223 094 205 119 236
0031 168 195 196 238 094 204 119 235
0032 161 208 188 239 096 208 120 239
0033 156 210 184 239 089 205 124 237
0034 156 211 184 239 090 204 119 237
