0000 166 214 190 239 089 210 120 238
0001 088 209 118 236 166 210 194 239
0002 166 214 190 239 087 209 117 235
0003 089 212 120 238 168 211 191 239
0004 086 212 116 237 167 210 191 239
0005 091 208 119 239 168 211 192 239
0006 086 210 115 235 164 211 190 239
0007 171 194 197 238 087 211 115 235
0008 190 167 216 219 090 208 119 239
0009 201 146 231 191 089 210 118 239
0010 222 104 260 142 089 209 118 239
0011 235 065 278 100 089 210 118 239
0012 239 048 283 089 086 212 114 236
0013 243 043 283 079 085 212 114 237
0014 247 044 276 074 085 212 113 238
0015 246 046 275 072 085 213 112 237
0016 244 046 274 073 085 213 113 237
0017 244 045 275 071 081 210 117 239
0018 246 045 277 073 084 210 116 237
0019 242 043 279 075 085 214 113 237
0020 245 044 283 074 085 214 113 237
0021 246 044 281 075 084 213 114 237
0022 246 046 275 074 084 214 114 238
0023 246 046 276 071 081 209 117 239
0024 246 047 275 072 085 214 114 238
0025 245 046 274 072 086 213 114 237
0026 245 046 275 073 085 209 117 237
0027 246 044 275 071 088 215 117 238
0028 247 042 278 071 088 215 117 239
0029 245 042 274 068 088 212 117 239
0030 246 043 274 069 089 210 118 239
0031 244 043 274 072 087 213 115 237
0032 236 047 269 084 089 210 119 239
0033 229 060 263 099 085 212 115 236
0034 214 107 253 146 086 210 115 237
0035 197 167 224 223 089 210 119 239
0036 184 202 208 239 089 210 119 238
0037 086 210 115 236 173 212 196 239
0038 086 210 115 236 173 214 195 239
0039 086 210 115 236 170 214 192 239
0040 089 211 120 238 166 215 191 239
0041 087 211 116 236 171 212 195 239
0042 087 211 115 235 171 212 195 239
