0000 192 188 213 220 000 000 000 000
0001 191 188 213 216 000 000 000 000
0002 191 191 214 216 000 000 000 000
0003 214 185 235 211 000 000 000 000
0004 239 162 267 200 000 000 000 000
0005 272 124 308 159 000 000 000 000
0006 289 078 318 110 000 000 000 000
0007 284 045 316 080 000 000 000 000
0008 280 028 318 063 000 000 000 000
0009 275 020 316 057 000 000 000 000
0010 274 020 316 056 000 000 000 000
0011 282 018 316 059 000 000 000 000
0012 277 022 317 060 000 000 000 000
0013 273 018 312 053 000 000 000 000
0014 268 011 307 048 000 000 000 000
0015 263 006 302 039 000 000 000 000
0016 262 001 293 035 000 000 000 000
0017 262 002 294 037 000 000 000 000
0018 266 009 302 043 000 000 000 000
0019 268 012 309 048 000 000 000 000
0020 268 011 309 048 000 000 000 000
0021 268 008 304 041 000 000 000 000
0022 259 002 297 036 000 000 000 000
0023 257 002 286 032 000 000 000 000
0024 253 003 286 029 000 000 000 000
0025 252 001 289 029 000 000 000 000
0026 258 001 295 034 000 000 000 000
0027 263 005 301 039 000 000 000 000
0028 269 012 310 044 000 000 000 000
0029 269 016 304 043 000 000 000 000
0030 264 013 294 039 000 000 000 000
0031 242 010 268 037 000 000 000 000
0032 212 025 240 049 000 000 000 000
0033 193 056 219 082 000 000 000 000
0034 180 085 204 107 000 000 000 000
0035 173 107 202 132 000 000 000 000
0036 174 139 203 165 000 000 000 000
0037 180 172 209 195 000 000 000 000
0038 184 187 211 210 000 000 000 000
0039 189 186 213 214 000 000 000 000
0040 192 189 215 216 000 000 000 000
