0001 131 222 173 239 000 000 000 000
0002 138 210 189 239 000 000 000 000
0003 168 185 208 233 000 000 000 000
0004 203 155 250 199 000 000 000 000
0005 215 135 274 166 000 000 000 000
0006 220 125 280 153 000 000 000 000
0007 222 119 282 144 000 000 000 000
0008 224 113 282 140 000 000 000 000
0009 224 113 280 137 000 000 000 000
0010 220 106 277 132 000 000 000 000
0011 220 093 269 131 000 000 000 000
0012 214 096 258 136 000 000 000 000
0013 203 114 258 152 000 000 000 000
0014 206 132 251 170 000 000 000 000
0015 203 152 245 198 000 000 000 000
0016 192 166 236 218 000 000 000 000
0017 182 177 227 233 000 000 000 000
0018 170 183 207 237 000 000 000 000
0019 162 182 199 232 000 000 000 000
0020 155 164 190 201 000 000 000 000
0021 148 153 184 181 000 000 000 000
0022 145 143 180 172 000 000 000 000
0023 136 140 175 170 000 000 000 000
0024 132 142 172 170 000 000 000 000
0025 130 143 172 174 000 000 000 000
0026 130 145 171 175 000 000 000 000
0027 131 145 172 177 000 000 000 000
0028 128 152 170 193 000 000 000 000
0029 118 171 167 228 000 000 000 000
0030 106 186 158 239 000 000 000 000
0031 090 201 146 239 000 000 000 000
0032 084 211 141 239 000 000 000 000
0033 081 213 132 239 000 000 000 000
0034 081 214 132 239 000 000 000 000
0035 081 216 134 239 000 000 000 000
0036 075 220 134 239 000 000 000 000
0037 072 219 130 238 000 000 000 000
0038 071 221 128 239 000 000 000 000
0039 069 219 131 239 000 000 000 000
0040 074 217 128 239 000 000 000 000
0041 069 219 131 239 000 000 000 000
