0000 208 174 229 207 117 180 139 210
0001 111 187 135 207 208 175 228 203
0002 099 180 135 207 210 170 247 206
0003 214 170 249 207 098 182 127 203
0004 219 170 250 205 086 177 123 204
0005 219 170 250 204 086 182 114 204
0006 219 169 250 204 089 179 115 201
0007 220 170 250 204 090 176 116 201
0008 225 166 257 196 080 176 109 198
0009 230 155 271 189 071 164 106 187
0010 236 145 279 172 071 155 099 174
0011 064 111 095 140 247 107 287 132
0012 070 086 096 113 241 082 277 116
0013 085 051 110 082 233 041 258 089
0014 103 032 127 068 000 000 000 000
0015 119 029 139 061 200 028 222 063
0016 184 033 210 063 131 031 147 060
0017 140 032 164 060 175 039 204 062
0018 143 033 168 063 173 042 207 067
0019 143 038 169 063 173 042 203 064
0020 143 036 169 064 171 043 203 068
0021 142 042 165 067 177 045 211 073
0022 139 047 161 072 178 047 215 074
0023 133 055 158 080 178 056 215 080
0024 124 062 147 095 184 068 220 094
0025 192 089 224 112 117 078 142 110
0026 202 104 229 131 112 104 134 135
0027 111 125 133 154 207 118 234 148
0028 109 162 132 184 215 153 236 178
0029 105 175 132 196 214 166 240 195
0030 109 181 136 205 213 170 238 202
0031 110 182 135 205 215 172 240 206
0032 220 167 256 203 101 181 128 206
0033 233 156 272 191 091 170 120 193
0034 238 143 282 175 084 159 114 182
0035 083 105 108 137 245 108 287 134
0036 094 071 117 102 239 074 263 101
0037 109 045 132 076 221 052 240 089
0038 123 034 148 068 204 038 226 070
0039 132 034 156 064 183 037 209 067
0040 141 035 165 064 177 043 204 068
0041 143 038 169 063 172 043 200 064
0042 144 038 170 062 170 045 197 066
0043 176 050 202 073 139 043 160 072
0044 136 050 160 076 178 051 208 077
0045 125 060 153 089 184 056 219 088
0046 121 073 146 103 203 074 228 110
0047 115 091 138 125 216 100 237 134
0048 109 122 131 151 218 141 243 165
0049 110 157 130 178 213 157 236 184
0050 117 171 134 195 204 166 224 197
0051 119 174 138 199 203 173 222 208
0052 122 180 145 210 197 175 216 211
0053 195 172 215 209 122 180 148 212
0054 125 179 148 209 194 175 214 209
