0000 099 208 116 236 171 213 194 238
0001 097 206 120 236 171 210 195 239
0002 106 209 123 236 173 212 196 239
0003 111 212 128 238 173 212 194 235
0004 114 211 132 237 171 212 196 237
0005 109 207 132 236 174 213 192 238
0006 111 209 129 239 173 213 192 239
0007 108 209 126 237 175 213 193 239
0008 171 214 195 239 099 212 115 236
0009 074 192 100 229 178 205 200 234
0010 062 169 096 205 177 189 197 211
0011 176 147 200 173 068 133 099 155
0012 172 110 197 139 079 099 107 127
0013 170 095 193 121 092 084 114 117
0014 171 090 193 119 102 085 123 119
0015 172 098 195 124 107 086 124 116
0016 175 094 198 126 101 088 121 118
0017 180 110 203 134 090 095 113 130
0018 079 117 108 146 181 125 206 160
0019 067 154 105 176 179 163 206 185
0020 069 168 101 192 180 175 207 200
0021 061 153 098 177 180 166 205 189
0022 060 106 097 136 191 124 216 150
0023 067 080 096 114 188 098 217 132
0024 187 074 215 106 086 061 108 097
0025 181 074 203 106 106 069 124 099
0026 178 080 201 111 110 080 132 111
0027 108 085 130 110 179 084 203 115
0028 100 073 123 111 182 079 206 110
0029 182 079 209 109 091 073 113 108
0030 182 084 209 117 068 081 105 115
0031 053 132 090 150 189 125 214 158
0032 053 157 089 182 186 157 210 179
0033 074 195 101 226 182 194 204 228
0034 087 205 111 235 176 203 204 236
0035 096 209 118 238 176 210 197 235
0036 171 208 198 236 101 207 120 235
0037 105 208 122 229 174 209 200 237
0038 109 207 125 232 171 210 197 237
0039 110 208 130 234 176 213 196 238
0040 173 213 194 238 113 209 130 235
0041 113 205 131 234 173 212 194 238
0042 172 212 194 239 111 210 130 235
0043 172 212 193 239 112 209 129 236
0044 172 212 194 238 110 209 126 235
0045 111 208 127 235 173 213 194 239
0046 111 207 128 235 174 213 195 238
0047 170 208 196 237 111 209 128 235
0048 107 208 129 236 174 208 198 237
0049 113 210 129 236 175 214 196 239
0050 170 209 196 237 113 210 129 236
0051 107 208 128 236 175 214 196 238
0052 107 209 128 236 173 210 196 239
0053 112 206 128 236 170 208 197 237
0054 109 207 130 236 171 210 196 237
