0000 116 186 135 217 201 193 221 227
0001 116 187 136 218 200 191 222 226
0002 115 187 134 216 202 192 223 227
0003 111 187 131 216 220 198 237 228
0004 226 181 253 221 106 183 125 213
0005 228 171 258 209 100 176 126 205
0006 209 105 250 145 094 133 125 159
0007 200 055 236 101 101 079 133 113
0008 193 032 224 071 108 048 138 092
0009 185 023 217 060 118 031 143 067
0010 184 031 213 056 126 032 151 061
0011 132 043 157 067 183 045 216 065
0012 135 054 158 074 184 052 219 073
0013 132 060 156 082 192 063 225 097
0014 132 061 157 083 184 061 217 084
0015 129 057 156 079 000 000 000 000
0016 126 053 148 075 190 053 225 076
0017 120 053 144 082 201 047 229 081
0018 106 077 134 117 204 070 235 113
0019 097 127 123 158 208 139 241 185
0020 208 174 236 216 105 165 125 191
0021 211 187 236 228 107 181 125 210
0022 114 188 133 219 209 185 230 225
0023 112 183 133 218 000 000 000 000
0024 112 183 133 218 000 000 000 000
0025 106 185 130 218 213 194 233 229
0026 225 189 254 227 097 182 126 213
0027 088 170 124 197 226 164 263 204
0028 092 129 122 154 214 113 258 147
0029 206 047 240 093 104 063 132 100
0030 190 025 233 070 111 039 139 078
0031 189 029 223 065 121 036 147 068
0032 189 039 218 065 124 039 151 066
0033 129 052 153 073 188 053 220 077
0034 106 064 149 108 190 065 225 105
0035 193 068 228 111 107 071 149 113
0036 107 069 147 114 193 066 227 110
0037 187 062 221 086 130 066 153 087
0038 125 073 154 096 183 067 218 092
0039 185 092 219 124 116 088 146 118
0040 104 108 136 139 194 120 231 160
0041 105 149 131 176 199 158 229 199
0042 200 176 229 215 110 170 134 198
0043 201 189 227 232 111 180 136 213
0044 205 195 226 233 112 186 135 216
0045 116 189 133 219 204 191 224 226
0046 116 187 134 217 204 192 224 228
0047 115 188 133 218 203 191 223 226
