0000 073 219 100 239 000 000 000 000
0001 072 215 099 236 000 000 000 000
0002 069 214 097 239 000 000 000 000
0003 065 210 097 238 000 000 000 000
0004 064 207 094 236 000 000 000 000
0005 059 195 089 225 000 000 000 000
0006 054 186 083 213 000 000 000 000
0007 051 170 082 200 000 000 000 000
0008 051 146 084 183 000 000 000 000
0009 050 120 082 162 000 000 000 000
0010 051 098 081 138 000 000 000 000
0011 051 080 083 121 000 000 000 000
0012 061 064 091 102 000 000 000 000
0013 077 054 114 096 000 000 000 000
0014 093 045 131 085 000 000 000 000
0015 111 044 153 080 000 000 000 000
0016 134 043 172 074 000 000 000 000
0017 145 039 182 070 000 000 000 000
0018 144 041 185 072 000 000 000 000
0019 143 042 184 073 000 000 000 000
0020 130 036 169 067 000 000 000 000
0021 114 029 152 065 000 000 000 000
0022 090 029 123 065 000 000 000 000
0023 065 030 097 068 000 000 000 000
0024 056 033 082 073 000 000 000 000
0025 048 037 077 076 000 000 000 000
0026 050 037 080 073 000 000 000 000
0027 057 036 083 071 000 000 000 000
0028 066 027 097 067 000 000 000 000
0029 085 023 122 060 000 000 000 000
0030 105 024 146 059 000 000 000 000
0031 126 031 165 062 000 000 000 000
0032 141 035 184 063 000 000 000 000
0033 151 034 188 064 000 000 000 000
0034 151 034 186 063 000 000 000 000
0035 142 032 181 063 000 000 000 000
0036 136 031 174 062 000 000 000 000
0037 124 029 157 060 000 000 000 000
0038 100 027 134 061 000 000 000 000
0039 083 029 111 061 000 000 000 000
0040 073 036 100 057 000 000 000 000
0041 063 038 085 067 000 000 000 000
0042 064 039 087 068 000 000 000 000
0043 065 039 089 071 000 000 000 000
0044 070 040 095 074 000 000 000 000
0045 078 035 107 068 000 000 000 000
0046 091 031 117 065 000 000 000 000
0047 101 028 132 063 000 000 000 000
0048 117 026 147 060 000 000 000 000
0049 129 029 160 062 000 000 000 000
0050 137 028 171 064 000 000 000 000
0051 139 030 172 065 000 000 000 000
0052 133 030 165 063 000 000 000 000
0053 105 028 137 064 000 000 000 000
0054 086 028 113 064 000 000 000 000
0055 059 040 086 074 000 000 000 000
0056 048 047 075 079 000 000 000 000
0057 046 054 075 089 000 000 000 000
0058 047 056 075 087 000 000 000 000
0059 045 058 074 094 000 000 000 000
0060 053 066 081 106 000 000 000 000
0061 058 101 086 139 000 000 000 000
0062 064 136 094 178 000 000 000 000
0063 073 195 102 217 000 000 000 000
0064 081 220 110 239 000 000 000 000
