0000 195 192 219 228 111 184 131 218
0001 195 192 219 227 112 186 132 220
0002 195 193 219 227 111 185 132 218
0003 195 193 219 227 112 186 132 218
0004 195 193 219 227 112 186 132 219
0005 195 193 219 227 113 187 132 215
0006 195 193 219 227 112 187 132 219
0007 195 193 218 227 112 187 132 219
0008 195 194 219 227 114 187 132 219
0009 196 194 219 228 112 185 129 217
0010 203 196 224 234 112 187 131 220
0011 111 187 130 219 214 193 235 231
0012 228 189 251 225 111 187 128 219
0013 111 187 128 219 241 187 266 216
0014 110 186 128 219 246 179 274 212
0015 109 187 127 218 253 175 279 209
0016 253 177 281 209 109 188 127 219
0017 253 177 281 209 109 188 127 219
0018 252 177 280 209 109 188 127 218
0019 252 176 280 209 108 188 126 218
0020 252 177 280 209 106 188 126 219
0021 093 184 116 214 253 176 280 209
0022 067 174 104 205 249 173 285 210
0023 042 157 081 185 253 178 281 211
0024 023 127 061 152 254 176 281 209
0025 017 068 055 097 257 176 286 211
0026 022 051 060 085 257 174 287 210
0027 059 002 084 038 259 171 290 209
0028 258 171 290 204 094 004 117 026
0029 258 170 289 206 129 001 163 028
0030 257 171 288 207 157 018 194 041
0031 170 034 209 064 124 032 180 061
0032 252 173 284 208 179 044 210 082
0033 250 171 283 210 179 043 212 082
0034 253 173 288 211 130 035 193 061
0035 253 173 288 211 130 035 189 063
0036 253 173 289 214 172 038 206 071
0037 254 176 288 213 164 030 206 057
0038 253 176 286 214 144 023 187 053
0039 121 024 156 054 253 181 282 210
0040 083 051 110 091 251 174 283 216
0041 061 079 087 119 251 177 284 215
0042 049 111 089 144 257 179 285 214
0043 058 160 093 185 257 179 285 213
0044 075 175 101 198 254 180 282 210
0045 084 175 109 199 255 179 283 209
0046 078 167 103 192 254 175 284 210
0047 055 155 084 177 255 175 287 209
0048 034 127 066 150 256 174 289 209
0049 021 069 055 096 256 172 288 210
0050 030 040 067 075 253 175 284 208
0051 062 008 088 049 252 176 283 208
0052 095 002 122 034 253 174 282 207
0053 252 174 282 206 117 003 157 029
0054 145 011 180 035 253 172 282 205
0055 254 173 282 206 158 030 196 054
0056 160 038 196 068 252 172 282 206
0057 253 175 281 207 160 038 195 068
0058 253 177 281 208 163 040 194 069
0059 161 039 194 068 252 176 282 208
0060 157 038 196 068 251 176 281 208
0061 252 175 280 210 145 036 183 061
0062 245 177 274 216 128 041 166 066
0063 113 049 151 077 245 186 268 218
0064 086 078 116 114 234 189 257 224
0065 078 101 105 135 228 191 249 226
0066 221 190 240 226 072 142 093 166
0067 078 169 101 195 211 187 232 224
0068 091 180 113 206 207 187 228 226
0069 105 187 124 214 201 190 220 226
0070 197 187 218 225 113 183 130 213
0071 196 188 217 224 114 183 132 213
0072 197 191 218 227 115 184 133 212
0073 197 192 218 227 116 185 133 213
