0007 135 224 168 239 000 000 000 000
0008 125 206 162 239 092 205 117 233
0009 119 189 159 231 098 189 126 225
0010 123 170 157 208 095 171 129 202
0011 104 154 133 188 130 152 164 189
0012 129 145 167 180 105 143 132 176
0013 129 139 162 175 107 141 132 170
0014 129 137 166 172 107 138 132 169
0015 127 139 163 176 107 139 133 168
0016 105 149 132 181 130 146 166 181
0017 104 160 134 194 133 159 162 196
0018 123 183 158 229 103 184 133 225
0019 130 207 160 237 100 206 134 236
0020 096 215 126 238 131 221 163 239
0021 093 220 122 239 146 192 195 233
0023 139 222 172 239 000 000 000 000
0024 139 224 171 239 000 000 000 000
