0001 018 222 056 239 000 000 000 000
0002 013 220 049 239 000 000 000 000
0003 012 217 046 239 000 000 000 000
0004 021 212 058 238 099 222 132 239
0005 089 200 137 238 032 197 074 235
0006 093 175 132 214 042 179 084 215
0007 093 127 131 178 068 132 100 184
0008 073 103 103 161 098 098 131 156
0009 095 081 134 144 074 089 110 155
0010 074 078 112 146 098 074 133 137
0011 077 064 116 133 103 062 134 131
0012 103 059 133 121 077 074 117 125
0013 103 055 133 118 081 062 115 124
0014 102 052 135 122 082 059 113 122
0015 101 055 134 122 082 061 113 123
0016 096 060 139 124 081 061 113 123
0017 101 054 137 125 079 058 117 126
0018 101 054 134 121 079 061 113 121
0019 102 054 135 121 079 061 116 126
0020 098 057 137 123 079 061 115 128
0021 100 058 137 125 079 062 116 126
0022 098 070 135 132 071 073 109 137
0023 097 079 136 140 060 091 101 151
0024 041 150 083 198 096 143 138 187
0025 094 184 139 233 022 193 061 234
0026 099 220 136 238 009 219 040 239
0027 010 223 036 239 000 000 000 000
0028 016 223 040 239 000 000 000 000
0030 018 223 049 238 000 000 000 000
0033 024 225 056 239 000 000 000 000
0034 021 223 053 239 000 000 000 000
