0004 163 214 207 239 000 000 000 000
0005 162 181 203 215 000 000 000 000
0006 173 130 203 174 000 000 000 000
0007 189 121 217 164 000 000 000 000
0008 190 126 217 166 000 000 000 000
0009 189 125 218 167 000 000 000 000
0010 188 125 217 165 000 000 000 000
0011 190 126 216 165 000 000 000 000
0012 189 126 216 166 000 000 000 000
0013 186 123 211 165 000 000 000 000
0014 176 128 204 172 000 000 000 000
0015 165 148 200 185 000 000 000 000
0016 164 193 201 225 000 000 000 000
0017 160 216 208 239 000 000 000 000
