0004 177 194 228 239 000 000 000 000
0005 203 116 243 181 000 000 000 000
0006 216 074 254 145 000 000 000 000
0007 221 067 254 128 000 000 000 000
0008 220 068 251 118 000 000 000 000
0009 220 069 250 121 000 000 000 000
0010 219 069 257 123 000 000 000 000
0011 221 070 252 123 000 000 000 000
0012 223 071 253 121 000 000 000 000
0013 223 072 255 126 000 000 000 000
0014 223 072 255 126 000 000 000 000
0015 224 073 256 126 000 000 000 000
0016 224 071 255 124 000 000 000 000
0017 221 070 249 130 000 000 000 000
0018 215 065 252 128 000 000 000 000
0019 209 078 248 134 000 000 000 000
0020 199 095 239 147 000 000 000 000
0021 189 127 234 176 000 000 000 000
0022 183 154 234 213 000 000 000 000
0023 176 196 232 238 000 000 000 000
0024 188 215 232 239 000 000 000 000
