0008 235 196 290 237 000 000 000 000
0009 230 157 280 208 000 000 000 000
0010 224 124 276 185 000 000 000 000
0011 220 107 265 166 000 000 000 000
0012 216 098 258 156 000 000 000 000
0013 212 094 255 154 000 000 000 000
0014 212 094 255 152 000 000 000 000
0015 213 093 255 151 000 000 000 000
0016 213 094 257 153 000 000 000 000
0017 214 094 257 151 000 000 000 000
0018 214 094 258 152 000 000 000 000
0019 215 094 258 152 000 000 000 000
0020 215 094 258 152 000 000 000 000
0021 216 096 260 156 000 000 000 000
0022 219 108 270 170 000 000 000 000
0023 224 136 270 192 000 000 000 000
0024 225 221 279 238 000 000 000 000
