0006 187 180 230 236 000 000 000 000
0007 187 116 227 167 000 000 000 000
0008 178 058 215 119 000 000 000 000
0009 167 031 212 093 000 000 000 000
0010 164 034 201 086 000 000 000 000
0011 159 038 195 079 000 000 000 000
0012 155 046 194 081 000 000 000 000
0013 154 052 190 083 000 000 000 000
0014 154 052 189 083 000 000 000 000
0015 154 052 189 084 000 000 000 000
0016 154 054 189 083 000 000 000 000
0017 153 053 188 083 000 000 000 000
0018 153 053 188 083 000 000 000 000
0019 153 052 188 083 000 000 000 000
0020 154 051 189 083 000 000 000 000
0021 157 050 195 087 000 000 000 000
0022 161 049 201 090 000 000 000 000
0023 169 050 205 105 000 000 000 000
0024 174 075 215 138 000 000 000 000
0025 185 148 228 220 000 000 000 000
0026 182 206 224 239 000 000 000 000
