0014 114 162 162 230 000 000 000 000
0015 132 105 181 195 000 000 000 000
0016 147 071 204 148 000 000 000 000
0017 156 063 215 137 000 000 000 000
0018 155 056 220 130 000 000 000 000
0019 157 056 221 124 000 000 000 000
0020 160 051 221 119 000 000 000 000
0021 157 048 214 118 000 000 000 000
0022 157 049 213 120 000 000 000 000
0023 157 049 214 118 000 000 000 000
0024 157 052 213 119 000 000 000 000
0025 159 056 215 124 000 000 000 000
0026 156 053 217 125 000 000 000 000
0027 155 054 216 127 000 000 000 000
0028 156 053 217 125 000 000 000 000
0029 156 056 218 125 000 000 000 000
0030 156 049 219 128 000 000 000 000
0031 157 054 218 127 000 000 000 000
0032 155 054 217 125 000 000 000 000
0033 156 054 216 127 000 000 000 000
0034 148 052 211 137 000 000 000 000
0035 144 062 205 154 000 000 000 000
0036 132 107 173 186 000 000 000 000
0037 121 139 161 209 000 000 000 000
0038 098 187 145 239 000 000 000 000
