0000 152 224 174 239 054 223 072 239
0002 055 222 073 239 153 224 174 239
0003 149 223 172 239 000 000 000 000
0004 149 210 179 236 055 222 073 239
0005 157 171 195 210 000 000 000 000
0006 159 133 199 179 000 000 000 000
0007 153 076 183 125 056 223 074 239
0008 138 076 176 111 054 221 073 237
0009 142 092 172 117 000 000 000 000
0010 142 092 172 120 057 224 074 239
0011 147 076 188 122 056 224 074 239
0012 162 091 201 150 055 222 074 238
0013 175 157 216 193 054 223 072 239
0014 169 184 214 222 055 222 074 237
0015 169 172 211 206 055 221 073 237
0016 170 139 209 179 055 222 074 239
0017 164 079 196 132 054 221 073 237
0018 149 080 179 111 054 221 073 237
0019 142 089 172 120 056 224 073 239
0020 142 094 174 122 056 224 073 239
0021 144 092 173 121 053 222 074 237
0022 148 092 178 127 054 223 073 239
0023 149 092 184 135 054 222 073 239
0024 161 131 198 176 054 223 073 239
0025 171 198 198 235 055 221 074 239
0026 169 218 191 237 056 224 074 239
0028 156 222 175 239 000 000 000 000
0031 157 224 177 239 056 223 073 239
0032 154 224 174 239 050 223 074 239
0034 055 224 073 239 150 222 174 237
0035 150 224 172 239 000 000 000 000
0036 154 225 174 239 000 000 000 000
0037 153 223 175 239 057 223 077 239
0038 151 224 176 239 000 000 000 000
0039 151 224 174 239 000 000 000 000
0040 055 223 073 239 000 000 000 000
0041 054 223 076 238 000 000 000 000
0042 053 223 075 239 000 000 000 000
0043 053 224 075 239 000 000 000 000
0044 051 224 074 239 000 000 000 000
0045 054 222 075 237 152 222 174 239
0046 055 222 076 238 152 223 173 239
