0002 146 224 170 239 000 000 000 000
0003 145 224 167 239 000 000 000 000
0004 128 207 163 239 000 000 000 000
0005 125 151 154 184 000 000 000 000
0006 124 111 151 145 000 000 000 000
0007 126 089 153 128 000 000 000 000
0008 132 073 156 117 000 000 000 000
0009 137 073 158 114 000 000 000 000
0010 136 080 158 115 000 000 000 000
0011 138 091 160 119 000 000 000 000
0012 139 093 159 121 000 000 000 000
0013 140 096 161 123 000 000 000 000
0014 138 092 160 121 000 000 000 000
0015 137 087 160 122 000 000 000 000
0016 134 084 157 126 000 000 000 000
0017 130 086 157 129 000 000 000 000
0018 125 087 153 127 000 000 000 000
0019 127 086 153 125 000 000 000 000
0020 131 083 155 121 000 000 000 000
0021 135 085 158 121 000 000 000 000
0022 138 091 158 123 000 000 000 000
0023 138 097 159 125 000 000 000 000
0024 139 103 159 129 000 000 000 000
0025 138 099 158 126 000 000 000 000
0026 138 097 159 127 000 000 000 000
0027 134 099 157 133 000 000 000 000
0028 133 103 158 146 000 000 000 000
0029 128 151 160 187 000 000 000 000
0030 136 183 162 223 000 000 000 000
