0000 097 211 120 238 174 189 195 224
0001 096 210 118 238 177 191 196 224
0002 096 210 119 238 176 191 195 224
0003 096 211 119 238 175 188 194 224
0004 096 207 118 236 181 167 202 197
0005 096 208 119 238 187 115 221 147
0006 170 063 195 100 097 207 120 236
0007 164 069 190 101 098 206 121 236
0008 092 209 120 238 184 080 212 112
0009 092 209 119 238 176 080 200 113
0010 098 208 118 235 154 078 179 106
0011 167 071 193 107 096 209 119 237
0012 179 072 208 106 092 211 120 239
0013 156 070 180 100 093 212 120 239
0014 162 078 188 107 092 211 120 239
0015 097 206 118 236 172 080 196 113
0016 177 110 201 143 097 206 118 236
0017 179 148 201 173 097 207 121 237
0018 097 206 117 235 177 180 197 211
0019 094 206 123 236 175 188 194 222
0020 097 210 119 238 176 189 195 224
