0000 152 223 177 239 082 222 102 239
0001 152 223 177 239 082 223 102 239
0002 152 223 177 239 082 223 102 239
0003 152 222 174 239 082 222 102 239
0004 155 220 176 239 081 223 102 239
0005 148 193 172 222 081 223 102 239
0006 145 170 172 197 081 222 102 239
0007 149 130 175 165 080 222 102 239
0008 148 092 172 135 080 223 102 239
0009 150 084 171 125 080 222 102 239
0010 150 079 172 118 080 222 102 239
0011 150 080 173 116 080 222 102 239
0012 150 087 170 117 085 224 104 239
0013 150 091 171 117 085 224 104 239
0014 148 094 170 116 085 224 104 239
0015 151 095 172 120 085 224 104 239
0016 149 094 171 117 079 221 103 239
0017 150 086 171 115 081 223 101 239
0018 150 081 172 116 081 223 101 239
0019 150 078 172 115 081 224 101 239
0020 150 078 171 119 080 222 101 239
0021 148 081 171 121 075 222 104 239
0022 148 087 170 127 075 222 104 239
0023 148 086 170 126 081 222 101 239
0024 148 081 170 121 081 223 101 239
0025 149 079 171 120 081 222 102 239
0026 149 083 171 120 084 223 104 239
0027 150 091 172 120 085 223 104 239
0028 150 097 173 122 081 224 101 239
0029 149 099 172 126 081 225 103 239
0030 151 100 173 125 085 224 104 239
0031 147 099 171 129 080 224 098 239
0032 143 110 170 145 081 225 099 239
0033 131 154 167 190 086 224 105 239
0034 144 195 170 238 085 225 105 239
0035 150 218 177 239 083 222 104 239
