0000 099 191 117 220 280 165 308 221
0001 099 192 117 220 281 159 313 226
0002 101 190 119 217 283 162 315 229
0003 095 194 113 223 283 160 314 222
0004 087 194 107 225 283 160 315 231
0005 087 186 110 219 185 168 205 197
0006 160 138 193 170 099 163 125 200
0007 117 128 147 167 136 103 167 139
0008 285 161 310 224 136 098 166 133
0009 149 079 180 115 116 073 145 107
0010 151 073 185 108 116 070 141 104
0011 155 070 188 103 112 068 140 100
0012 160 067 189 102 115 070 145 104
0013 159 067 190 101 115 067 144 100
0014 161 068 190 101 116 068 141 098
0015 160 067 191 101 117 065 146 102
0016 161 067 191 101 116 067 145 102
0017 161 067 191 101 117 068 144 101
0018 115 067 145 103 161 068 190 104
0019 155 070 190 106 120 072 146 102
0020 133 088 175 128 285 160 309 227
0021 127 116 161 159 283 165 315 231
0022 107 155 141 193 155 146 186 176
0023 100 182 126 214 169 176 196 203
0024 093 192 117 225 183 190 204 222
0025 188 197 208 229 093 191 110 222
0026 094 190 112 217 190 201 208 229
0027 096 192 114 221 189 192 209 227
