0000 203 191 223 225 117 189 139 221
0001 118 188 139 216 202 190 220 223
0002 202 191 220 224 116 186 137 220
0003 118 189 138 216 202 192 223 226
0004 118 189 139 217 202 192 220 224
0005 117 186 139 219 201 191 222 225
0006 117 186 139 219 202 188 222 223
0007 196 183 217 216 116 183 139 215
0008 166 150 208 187 122 171 150 203
0009 137 142 167 177 142 115 188 150
0010 133 093 165 128 156 111 193 146
0011 170 086 205 131 127 076 168 120
0012 178 072 205 107 129 069 159 106
0013 181 068 207 101 129 068 161 105
0014 131 069 160 104 180 070 205 101
0015 181 069 207 101 131 069 160 104
0016 183 071 205 104 131 070 159 103
0017 183 067 209 102 131 070 160 103
0018 130 070 159 103 183 067 209 102
0019 182 068 209 103 130 070 160 103
0020 182 068 209 103 130 070 159 103
0021 182 068 209 104 131 070 160 103
0022 182 069 209 104 131 069 159 102
0023 182 068 209 104 131 070 159 102
0024 182 068 208 102 131 070 161 104
0025 134 070 162 104 182 068 208 102
0026 130 070 160 105 183 069 208 102
0027 130 070 160 104 183 069 208 102
0028 134 070 164 105 182 071 208 105
0029 179 080 208 115 141 081 169 113
0030 169 100 213 138 149 097 175 125
0031 157 112 190 146 129 107 160 145
0032 169 146 207 176 134 158 165 191
0033 189 171 216 203 123 177 151 209
0034 202 186 222 218 122 186 145 216
0035 207 193 223 224 117 189 138 218
0036 119 189 139 218 203 189 221 220
0037 119 187 139 216 203 190 221 219
0038 118 188 137 218 204 190 220 221
