0000 090 213 120 239 169 213 190 239
0001 090 213 120 239 168 214 189 239
0002 090 213 120 239 167 211 194 239
0003 089 214 119 239 165 211 192 239
0004 089 201 118 230 171 212 197 239
0005 097 174 128 208 167 200 201 238
0006 118 131 152 163 160 175 190 229
0007 131 097 171 127 131 139 172 180
0008 144 081 182 107 109 107 154 130
0009 150 080 178 101 098 079 141 108
0010 097 074 138 103 150 082 178 104
0011 097 076 138 105 149 084 176 106
0012 099 081 136 107 150 087 174 107
0013 101 078 137 104 149 087 177 108
0014 101 077 138 104 149 085 176 106
0015 099 080 136 106 150 085 176 106
0016 101 081 136 107 152 085 173 104
0017 100 080 137 108 151 085 174 105
0018 100 080 137 108 151 084 177 106
0019 099 079 138 107 151 087 177 108
0020 101 094 147 122 144 092 176 117
0021 122 128 159 169 134 107 167 138
0022 149 174 179 221 116 148 151 184
0023 104 187 135 220 162 200 188 238
0024 099 205 127 237 164 206 187 239
0025 093 213 121 239 168 213 188 239
0026 093 214 119 239 164 210 191 239
0027 091 214 118 239 165 209 193 239
0028 170 210 193 239 087 212 115 239
0029 086 213 114 239 169 210 191 239
0030 087 213 115 239 167 213 190 239
0031 089 214 118 239 167 213 189 239
0032 091 213 121 238 163 209 185 239
0033 165 212 188 237 091 214 121 238
