0003 135 215 168 237 000 000 000 000
0004 134 197 180 235 000 000 000 000
0005 146 173 189 219 000 000 000 000
0006 151 152 193 201 000 000 000 000
0007 150 143 192 195 000 000 000 000
0008 157 132 192 190 000 000 000 000
0009 153 124 192 180 000 000 000 000
0010 151 128 195 186 000 000 000 000
0011 151 129 195 185 000 000 000 000
0012 151 131 194 185 000 000 000 000
0013 157 128 194 190 000 000 000 000
0014 152 126 195 186 000 000 000 000
0015 153 126 194 186 000 000 000 000
0016 154 127 197 184 000 000 000 000
0017 153 124 196 182 000 000 000 000
0018 154 131 197 187 000 000 000 000
0019 156 129 195 190 000 000 000 000
0020 153 129 197 188 000 000 000 000
0021 153 131 196 190 000 000 000 000
0022 151 129 197 189 000 000 000 000
0023 155 129 194 190 000 000 000 000
0024 153 129 194 185 000 000 000 000
0025 153 128 194 186 000 000 000 000
0026 155 129 193 188 000 000 000 000
0027 152 129 194 186 000 000 000 000
0028 155 131 192 189 000 000 000 000
0029 155 130 193 189 000 000 000 000
0030 153 130 195 185 000 000 000 000
0031 153 130 195 185 000 000 000 000
0032 154 130 195 186 000 000 000 000
0033 153 132 194 189 000 000 000 000
0034 154 129 194 186 000 000 000 000
0035 154 131 195 187 000 000 000 000
0036 153 133 194 181 000 000 000 000
0037 152 151 189 196 000 000 000 000
0038 141 170 185 224 000 000 000 000
0039 137 208 176 237 000 000 000 000
