0001 177 222 219 238 000 000 000 000
0002 225 187 267 228 000 000 000 000
0003 242 154 292 202 000 000 000 000
0004 256 114 305 164 000 000 000 000
0005 258 100 305 150 000 000 000 000
0006 257 093 305 146 000 000 000 000
0007 256 094 306 147 000 000 000 000
0008 255 091 301 147 000 000 000 000
0009 258 096 300 148 000 000 000 000
0010 262 095 301 148 000 000 000 000
0011 255 098 301 149 000 000 000 000
0012 255 094 301 147 000 000 000 000
0013 256 093 302 147 000 000 000 000
0014 255 094 301 147 000 000 000 000
0015 255 095 301 147 000 000 000 000
0016 255 095 301 147 000 000 000 000
0017 255 095 301 147 000 000 000 000
0018 255 095 301 147 000 000 000 000
0019 255 095 301 147 000 000 000 000
0020 261 100 297 146 000 000 000 000
0021 257 100 301 151 000 000 000 000
0022 253 118 297 171 000 000 000 000
0023 237 152 282 207 000 000 000 000
0024 220 206 249 238 000 000 000 000
