0008 146 220 178 239 000 000 000 000
0010 133 204 169 238 000 000 000 000
0011 136 129 168 200 000 000 000 000
0012 129 118 186 188 000 000 000 000
0013 130 113 196 188 000 000 000 000
0014 125 122 195 196 000 000 000 000
0015 119 131 181 206 000 000 000 000
0016 121 141 178 213 145 130 193 189
0017 117 142 173 217 138 129 197 187
0018 117 142 180 212 145 129 197 192
0019 128 135 195 200 000 000 000 000
0020 117 142 180 210 148 131 189 184
0021 119 138 169 209 142 129 194 191
0022 127 133 192 200 000 000 000 000
0023 124 136 192 203 000 000 000 000
0024 114 145 174 217 140 128 189 195
0025 114 146 174 217 140 131 189 196
0026 119 142 170 223 147 131 185 188
0027 114 145 169 219 138 131 187 195
0028 119 143 169 220 000 000 000 000
0029 119 142 170 220 140 127 194 200
0030 120 143 173 220 143 130 194 196
0031 120 138 190 219 000 000 000 000
0032 119 146 172 222 142 131 189 195
0033 115 143 174 223 143 134 193 202
0034 119 144 173 221 140 128 194 197
0035 121 137 192 214 000 000 000 000
0036 118 152 175 230 000 000 000 000
0037 144 146 187 215 000 000 000 000
0038 142 189 184 234 125 209 153 236
0039 142 219 174 239 000 000 000 000
