0001 128 217 170 235 000 000 000 000
0002 112 187 163 229 000 000 000 000
0003 126 138 164 183 000 000 000 000
0004 137 094 176 139 000 000 000 000
0005 140 074 184 134 000 000 000 000
0006 139 063 187 124 000 000 000 000
0007 141 058 182 122 000 000 000 000
0008 143 059 186 124 000 000 000 000
0009 141 061 187 124 000 000 000 000
0010 146 060 185 123 000 000 000 000
0011 147 057 192 121 000 000 000 000
0012 144 058 185 121 000 000 000 000
0013 146 061 191 127 000 000 000 000
0014 143 065 184 127 000 000 000 000
0015 127 099 176 154 000 000 000 000
0016 109 168 171 214 000 000 000 000
0017 106 204 158 239 000 000 000 000
0020 053 214 096 239 000 000 000 000
0021 017 196 061 227 000 000 000 000
0022 004 182 047 216 000 000 000 000
0023 003 183 038 223 000 000 000 000
0024 000 194 026 228 000 000 000 000
0025 001 190 023 227 000 000 000 000
0026 000 199 024 233 000 000 000 000
0027 000 199 022 232 000 000 000 000
0029 003 199 021 228 000 000 000 000
0033 001 194 017 229 000 000 000 000
0044 002 198 017 231 000 000 000 000
0045 001 203 017 229 000 000 000 000
0046 001 201 019 225 000 000 000 000
0047 001 197 016 232 000 000 000 000
0048 001 201 017 230 000 000 000 000
