0003 119 205 168 237 000 000 000 000
0004 129 180 168 221 000 000 000 000
0005 155 123 186 183 000 000 000 000
0006 159 096 199 157 000 000 000 000
0007 150 080 202 140 000 000 000 000
0008 146 073 197 130 000 000 000 000
0009 143 075 199 129 000 000 000 000
0010 140 075 192 131 000 000 000 000
0011 141 077 189 132 000 000 000 000
0012 141 079 191 137 000 000 000 000
0013 141 079 191 137 000 000 000 000
0014 140 078 191 137 000 000 000 000
0015 142 078 189 136 000 000 000 000
0016 141 082 188 129 000 000 000 000
0017 145 098 178 161 000 000 000 000
0018 120 178 170 224 000 000 000 000
0019 122 213 169 239 000 000 000 000
