0008 163 221 201 239 000 000 000 000
0009 160 188 209 233 000 000 000 000
0010 161 151 213 195 000 000 000 000
0011 161 114 219 162 000 000 000 000
0012 164 099 218 142 000 000 000 000
0013 159 087 216 130 000 000 000 000
0014 152 082 217 121 000 000 000 000
0015 156 081 214 120 000 000 000 000
0016 152 075 214 115 000 000 000 000
0017 148 076 215 114 000 000 000 000
0018 149 075 212 114 000 000 000 000
0019 149 074 213 114 000 000 000 000
0020 149 074 214 113 000 000 000 000
0021 151 076 214 115 000 000 000 000
0022 152 081 215 119 000 000 000 000
0023 150 098 215 136 000 000 000 000
0024 151 126 216 174 000 000 000 000
0025 154 171 216 222 000 000 000 000
0026 154 204 212 239 000 000 000 000
