0006 107 203 164 236 000 000 000 000
0007 106 168 163 217 000 000 000 000
0008 106 123 170 171 000 000 000 000
0009 108 110 172 151 000 000 000 000
0010 109 095 178 134 000 000 000 000
0011 116 087 184 131 000 000 000 000
0012 116 080 185 127 000 000 000 000
0013 121 079 193 126 000 000 000 000
0014 117 079 191 123 000 000 000 000
0015 123 077 191 121 000 000 000 000
0016 123 076 192 120 000 000 000 000
0017 123 076 190 120 000 000 000 000
0018 124 075 190 118 000 000 000 000
0019 123 076 190 120 000 000 000 000
0020 121 084 189 128 000 000 000 000
0021 112 118 176 167 000 000 000 000
0022 104 194 168 237 000 000 000 000
