0000 163 226 202 239 000 000 000 000
0001 157 225 196 239 000 000 000 000
0002 154 224 207 239 000 000 000 000
0003 157 209 213 239 000 000 000 000
0004 156 192 213 236 000 000 000 000
0005 156 176 216 225 000 000 000 000
0006 156 165 215 213 000 000 000 000
0007 152 150 215 199 000 000 000 000
0008 149 132 217 177 000 000 000 000
0009 145 112 213 155 000 000 000 000
0010 148 099 211 138 000 000 000 000
0011 150 089 209 127 000 000 000 000
0012 144 084 205 127 000 000 000 000
0013 148 085 205 120 000 000 000 000
0014 142 082 210 117 000 000 000 000
0015 145 080 207 117 000 000 000 000
0016 147 080 207 116 000 000 000 000
0017 146 078 205 117 000 000 000 000
0018 145 078 206 113 000 000 000 000
0019 144 077 208 113 000 000 000 000
0020 144 081 208 119 000 000 000 000
0021 148 086 206 121 000 000 000 000
0022 152 087 215 125 000 000 000 000
0023 154 103 220 141 119 226 155 239
0024 164 134 215 185 124 226 159 239
0025 158 179 210 230 000 000 000 000
0026 157 213 204 239 000 000 000 000
