0005 180 221 214 239 000 000 000 000
0006 197 191 274 232 000 000 000 000
0007 210 164 291 211 000 000 000 000
0008 217 153 292 194 000 000 000 000
0009 215 130 294 171 000 000 000 000
0010 213 114 293 159 000 000 000 000
0011 211 112 295 154 000 000 000 000
0012 217 105 286 149 000 000 000 000
0013 217 105 291 153 000 000 000 000
0014 215 108 293 153 000 000 000 000
0015 217 109 292 153 000 000 000 000
0016 219 109 292 153 000 000 000 000
0017 219 111 291 153 000 000 000 000
0018 220 112 292 153 000 000 000 000
0019 218 112 292 153 000 000 000 000
0020 216 112 292 152 000 000 000 000
0021 215 115 287 156 000 000 000 000
0022 210 141 277 183 000 000 000 000
0023 201 181 250 235 000 000 000 000
0024 189 207 229 238 000 000 000 000
