0000 175 206 197 239 083 211 106 239
0001 176 208 197 239 082 207 107 237
0002 172 206 198 237 082 209 107 237
0003 083 208 110 237 171 207 192 239
0004 082 206 111 237 175 208 196 239
0005 082 205 111 237 175 209 196 239
0006 171 207 195 238 082 206 111 237
0007 163 189 192 228 081 206 110 238
0008 080 208 107 237 160 145 202 182
0009 081 204 103 239 170 101 209 141
0010 196 078 222 119 083 206 104 239
0011 221 105 257 140 078 206 102 239
0012 080 207 101 239 229 131 265 161
0013 218 172 261 209 078 204 101 237
0014 183 179 221 224 077 202 100 237
0015 080 208 101 239 127 164 170 194
0016 081 207 103 239 118 129 166 158
0017 140 100 178 130 083 206 105 238
0018 175 066 199 095 086 203 108 238
0019 214 086 242 126 084 206 105 239
0020 083 207 104 239 227 120 261 150
0021 217 164 263 201 083 202 104 239
0022 182 162 213 217 080 207 099 235
0023 080 202 102 236 132 157 174 185
0024 124 122 170 150 079 206 099 237
0025 156 077 193 115 082 204 103 236
0026 082 201 103 232 195 069 214 102
0027 218 086 247 126 080 200 100 231
0028 230 126 268 154 080 201 101 239
0029 223 166 271 203 076 202 099 232
0030 186 178 228 223 077 204 098 235
0031 075 202 098 232 000 000 000 000
0032 081 205 101 236 124 132 160 156
0033 136 103 175 137 083 204 103 236
0034 157 078 196 114 085 205 106 238
0035 181 078 211 117 084 208 105 239
0036 084 206 106 239 200 094 225 127
0037 082 204 105 237 218 118 246 154
0038 207 160 250 193 082 210 103 239
0039 202 189 236 223 085 207 104 239
0040 190 202 218 236 084 205 106 239
0041 086 208 107 239 181 211 204 238
0042 086 205 109 236 171 214 195 239
0043 086 207 110 239 169 210 192 239
0044 086 207 110 239 173 212 196 238
0045 174 213 197 238 086 206 108 239
0046 086 205 105 237 173 211 196 237
0047 083 207 103 235 171 210 192 239
0048 087 206 108 239 175 207 197 239
