0000 163 215 187 237 084 222 105 239
0001 162 215 189 239 000 000 000 000
0002 164 215 189 239 000 000 000 000
0003 159 217 187 239 000 000 000 000
0004 142 208 170 237 000 000 000 000
0005 121 188 153 215 082 223 105 239
0006 115 154 148 177 084 224 104 239
0007 127 124 158 155 000 000 000 000
0008 145 112 171 149 085 222 104 239
0009 171 120 197 155 086 224 106 239
0010 182 136 209 169 087 224 105 239
0011 189 156 212 183 084 222 104 239
0012 182 187 209 213 085 222 105 239
0013 165 198 188 225 086 224 106 239
0014 127 195 165 222 087 224 106 239
0015 114 179 149 203 087 223 107 239
0016 113 139 151 168 087 222 107 239
0017 137 121 164 158 088 221 108 239
0018 152 118 177 151 087 221 107 239
0019 168 122 192 158 086 222 107 239
0020 184 155 210 183 086 221 106 239
0021 174 185 196 207 082 220 101 237
0022 149 186 177 215 086 222 106 239
0023 122 176 155 205 086 222 105 239
0024 115 149 148 177 086 222 107 239
0025 127 117 154 150 085 224 103 239
0026 143 109 164 138 087 223 107 239
0027 159 099 182 136 086 223 105 239
0028 175 113 197 149 085 223 104 239
0029 182 145 208 174 085 224 105 239
0030 175 175 198 199 085 223 106 239
0031 160 182 180 207 085 223 105 239
0032 142 175 169 198 085 223 105 239
0033 134 163 164 186 085 224 105 239
0034 130 157 162 182 086 224 106 239
0035 132 163 165 190 089 224 106 239
0036 136 174 172 202 085 223 105 239
0037 147 184 177 219 085 224 105 239
0038 155 196 181 233 084 223 103 239
0039 160 206 181 238 085 222 105 239
