0000 187 200 212 228 074 212 104 239
0001 186 200 213 232 078 216 102 239
0002 186 199 212 231 075 216 100 239
0003 186 198 213 231 078 215 103 239
0004 186 198 212 230 072 215 099 239
0005 177 194 213 226 072 214 099 238
0006 170 194 199 224 074 212 103 239
0007 149 169 186 202 075 215 100 238
0008 075 214 101 238 136 122 175 155
0009 074 210 105 239 144 079 173 110
0010 147 040 185 075 078 213 104 239
0011 165 022 200 056 073 214 102 239
0012 191 018 216 051 075 213 100 238
0013 221 033 246 069 074 212 097 238
0014 071 213 095 238 248 076 274 115
0015 245 141 272 177 067 218 094 239
0016 186 187 221 215 064 210 094 239
0017 064 213 093 239 117 164 150 196
0018 099 106 133 139 058 208 092 239
0019 067 214 094 235 113 060 152 095
0020 146 036 178 067 070 212 096 236
0021 183 035 216 068 072 217 099 239
0022 073 214 098 237 221 055 248 092
0023 067 211 099 239 235 104 265 142
0024 213 153 245 185 070 211 096 236
0025 146 174 185 202 068 211 099 239
0026 109 141 143 175 073 213 099 237
0027 072 211 099 235 108 098 138 128
0028 067 211 097 239 147 072 195 109
0029 160 039 196 073 068 211 101 239
0030 200 047 233 085 069 212 102 239
0031 229 076 266 115 071 210 104 239
0032 232 130 263 161 072 211 103 239
0033 203 169 235 199 071 210 103 239
0034 140 166 174 194 071 208 103 239
0035 118 136 153 161 070 209 102 239
0036 072 213 099 235 123 086 156 120
0037 072 212 099 236 151 051 178 085
0038 179 042 213 073 072 213 098 235
0039 213 052 241 086 068 211 100 239
0040 069 210 102 239 238 087 266 120
0041 232 130 263 164 070 210 103 239
0042 201 170 231 197 072 209 104 239
0043 144 161 183 191 076 211 101 238
0044 126 130 157 163 077 210 103 235
0045 078 210 105 236 134 093 160 118
0046 158 060 185 094 077 214 107 239
0047 181 053 209 086 078 214 107 239
0048 197 067 224 101 078 214 102 238
0049 213 093 244 136 075 211 106 239
0050 204 150 246 186 075 212 106 239
0051 195 191 223 227 079 213 103 236
0052 180 205 205 238 078 211 108 239
0053 175 202 199 236 079 210 109 239
0054 185 200 209 235 080 211 109 239
