0000 079 205 100 239 162 206 181 237
0001 077 208 098 239 162 205 181 236
0002 078 208 098 239 162 204 181 237
0003 076 207 096 235 162 208 183 235
0004 160 201 185 235 076 207 096 235
0005 156 162 185 198 075 206 095 236
0006 164 145 191 168 076 207 097 239
0007 076 203 099 238 175 107 197 141
0008 195 101 218 137 077 203 100 237
0009 077 203 099 237 210 127 242 157
0010 201 170 240 201 075 206 099 236
0011 172 196 198 233 074 208 093 237
0012 122 179 162 210 073 207 092 236
0013 077 207 096 237 125 138 184 169
0014 122 113 173 148 080 202 102 236
0015 169 092 192 123 079 207 099 237
0016 078 207 098 237 197 103 224 141
0017 210 143 245 171 079 210 098 231
0018 197 188 238 217 075 207 094 236
0019 171 200 196 233 075 208 095 237
0020 076 207 096 237 133 181 166 210
0021 078 202 100 235 130 134 176 168
0022 078 202 100 235 132 118 179 146
0023 169 094 194 128 078 208 099 237
0024 195 101 222 141 077 208 097 238
0025 207 141 248 173 079 204 100 237
0026 204 182 239 213 078 207 097 237
0027 186 205 211 237 078 206 098 237
0028 077 206 097 237 167 209 193 239
0029 077 207 097 237 000 000 000 000
0030 076 207 096 238 156 209 176 237
