0000 070 199 112 239 000 000 000 000
0001 069 200 110 239 000 000 000 000
0002 070 200 109 239 000 000 000 000
0003 071 199 112 239 000 000 000 000
0004 071 199 112 239 000 000 000 000
0005 072 200 112 238 000 000 000 000
0006 072 199 112 238 000 000 000 000
0007 071 199 112 237 000 000 000 000
0008 072 198 113 238 000 000 000 000
0009 100 194 157 238 069 196 108 235
0010 072 198 112 237 110 158 165 215
0011 109 099 156 163 075 196 110 235
0012 112 069 160 141 072 194 110 235
0013 114 051 156 128 071 192 112 236
0014 116 046 160 115 072 193 111 235
0015 114 052 162 115 071 193 110 235
0016 110 052 161 112 071 192 112 236
0017 111 052 162 113 072 192 111 235
0018 072 196 112 237 111 050 163 113
0019 075 195 113 237 111 049 163 112
0020 075 196 113 238 112 045 157 114
0021 111 048 163 112 075 195 113 238
0022 075 195 113 237 113 047 159 110
0023 112 046 164 112 073 194 112 237
0024 111 046 163 113 073 194 112 238
0025 073 194 112 237 116 048 161 111
0026 074 194 112 237 116 045 162 110
0027 112 046 162 112 074 194 112 237
0028 074 195 112 237 116 049 161 114
0029 074 194 112 237 114 048 156 113
0030 073 195 111 237 116 047 162 110
0031 115 050 161 113 074 196 110 237
0032 115 069 152 146 074 194 111 237
0033 110 123 157 184 072 196 110 239
0034 110 175 162 229 071 194 113 238
0035 116 216 158 239 068 200 106 239
0036 072 197 113 238 000 000 000 000
0037 071 197 113 238 000 000 000 000
0038 071 197 113 238 000 000 000 000
0039 073 198 112 238 000 000 000 000
