0000 173 206 206 234 000 000 000 000
0001 142 178 205 233 000 000 000 000
0002 125 129 178 188 000 000 000 000
0003 124 068 174 144 000 000 000 000
0004 119 049 168 106 000 000 000 000
0005 117 041 163 104 000 000 000 000
0006 112 029 162 091 000 000 000 000
0007 116 029 159 095 000 000 000 000
0008 116 029 159 097 000 000 000 000
0009 119 030 160 092 000 000 000 000
0010 118 029 159 094 000 000 000 000
0011 118 029 159 095 000 000 000 000
0012 121 032 160 097 000 000 000 000
0013 120 031 160 095 000 000 000 000
0014 119 031 161 093 000 000 000 000
0015 118 031 160 093 000 000 000 000
0016 117 030 159 092 000 000 000 000
0017 112 030 163 087 000 000 000 000
0018 117 030 160 092 000 000 000 000
0019 111 030 162 091 000 000 000 000
0020 114 029 161 094 000 000 000 000
0021 115 025 157 092 000 000 000 000
0022 111 032 160 095 000 000 000 000
0023 110 029 158 090 000 000 000 000
0024 113 030 161 093 000 000 000 000
0025 112 032 160 091 000 000 000 000
0026 113 031 160 092 000 000 000 000
0027 117 039 157 107 000 000 000 000
0028 125 068 174 128 000 000 000 000
0029 131 137 191 192 000 000 000 000
0030 161 205 204 238 000 000 000 000
0031 175 222 208 239 000 000 000 000
0037 173 222 204 239 000 000 000 000
0038 173 223 205 239 000 000 000 000
0039 174 222 205 239 000 000 000 000
0040 175 222 206 239 000 000 000 000
0041 171 222 206 237 000 000 000 000
0042 173 225 203 239 000 000 000 000
