0007 157 183 202 237 000 000 000 000
0008 150 113 192 202 000 000 000 000
0009 144 082 185 160 000 000 000 000
0010 140 059 180 134 000 000 000 000
0011 124 044 178 116 000 000 000 000
0012 117 045 175 112 000 000 000 000
0013 116 049 173 117 000 000 000 000
0014 114 052 174 116 000 000 000 000
0015 113 053 173 121 000 000 000 000
0016 115 056 173 121 000 000 000 000
0017 114 056 173 122 000 000 000 000
0018 114 057 173 121 000 000 000 000
0019 115 056 173 120 000 000 000 000
0020 116 055 177 119 000 000 000 000
0021 120 063 175 132 000 000 000 000
0022 143 105 178 169 000 000 000 000
0023 142 211 189 238 000 000 000 000
