0000 180 196 229 239 000 000 000 000
0001 175 169 232 232 000 000 000 000
0002 164 122 229 173 000 000 000 000
0003 158 052 215 137 000 000 000 000
0004 161 044 215 114 068 224 111 238
0005 161 045 212 107 000 000 000 000
0006 158 041 214 104 068 224 111 238
0007 159 042 214 103 000 000 000 000
0008 160 036 214 105 000 000 000 000
0009 161 043 215 103 000 000 000 000
0010 158 034 214 105 000 000 000 000
0011 157 046 214 101 000 000 000 000
0012 155 036 214 104 000 000 000 000
0013 154 036 214 104 000 000 000 000
0014 156 036 215 106 000 000 000 000
0015 154 038 215 103 000 000 000 000
0016 156 033 214 105 068 224 111 238
0017 162 055 215 104 000 000 000 000
0018 158 056 213 105 000 000 000 000
0019 156 063 214 117 000 000 000 000
0020 161 094 219 146 000 000 000 000
0021 170 143 229 203 000 000 000 000
0022 173 181 232 238 000 000 000 000
0023 179 193 232 239 000 000 000 000
0024 180 197 229 239 000 000 000 000
0025 181 200 232 239 000 000 000 000
0026 182 200 231 238 000 000 000 000
0027 181 200 232 238 000 000 000 000
0028 183 200 232 239 000 000 000 000
