0011 134 198 185 236 000 000 000 000
0012 141 145 192 198 000 000 000 000
0013 152 104 199 166 000 000 000 000
0014 153 100 200 144 000 000 000 000
0015 156 078 202 138 000 000 000 000
0016 154 064 199 132 000 000 000 000
0017 159 068 207 130 000 000 000 000
0018 162 072 209 130 000 000 000 000
0019 157 060 206 123 000 000 000 000
0020 152 063 206 126 000 000 000 000
0021 157 063 202 125 000 000 000 000
0022 152 055 199 125 000 000 000 000
0023 155 074 202 126 000 000 000 000
0024 155 060 201 130 000 000 000 000
0025 152 077 202 125 000 000 000 000
0026 150 060 200 132 000 000 000 000
0027 151 068 202 132 000 000 000 000
0028 157 071 197 139 000 000 000 000
0029 159 076 202 145 000 000 000 000
0030 159 112 207 170 000 000 000 000
0031 170 171 208 217 000 000 000 000
0032 178 206 217 238 000 000 000 000
