0004 147 211 189 239 000 000 000 000
0005 161 176 206 220 000 000 000 000
0006 174 133 219 175 000 000 000 000
0007 181 094 225 144 000 000 000 000
0008 178 070 224 124 000 000 000 000
0009 181 058 222 109 000 000 000 000
0010 176 043 223 108 000 000 000 000
0011 181 046 224 104 000 000 000 000
0012 190 058 226 100 000 000 000 000
0013 191 060 224 104 000 000 000 000
0014 188 046 226 101 000 000 000 000
0015 194 054 227 101 000 000 000 000
0016 194 048 226 100 000 000 000 000
0017 193 045 224 101 000 000 000 000
0018 193 055 228 097 000 000 000 000
0019 194 046 227 099 000 000 000 000
0020 194 049 231 097 000 000 000 000
0021 195 056 227 103 000 000 000 000
0022 194 046 229 104 000 000 000 000
0023 200 068 232 117 000 000 000 000
0024 189 093 231 140 000 000 000 000
0025 174 142 216 186 000 000 000 000
0026 150 191 197 236 046 226 085 239
0027 050 224 089 239 143 221 174 239
0028 051 223 091 239 000 000 000 000
0029 050 226 088 239 000 000 000 000
0030 051 225 093 239 000 000 000 000
