0001 173 217 209 239 000 000 000 000
0002 167 199 223 237 000 000 000 000
0003 186 151 235 202 000 000 000 000
0004 208 110 246 175 000 000 000 000
0005 208 094 247 167 000 000 000 000
0006 185 068 230 153 000 000 000 000
0007 196 060 240 145 000 000 000 000
0008 192 066 231 145 000 000 000 000
0009 173 067 227 151 000 000 000 000
0010 189 062 229 147 000 000 000 000
0011 188 066 232 153 000 000 000 000
0012 176 068 232 153 000 000 000 000
0013 192 063 232 155 000 000 000 000
0014 183 081 230 157 000 000 000 000
0015 180 075 230 157 000 000 000 000
0016 190 070 236 160 000 000 000 000
0017 189 075 232 158 000 000 000 000
0018 194 087 235 163 000 000 000 000
0019 196 121 231 182 000 000 000 000
0020 179 162 220 212 000 000 000 000
0021 171 189 213 232 000 000 000 000
0022 164 210 206 239 000 000 000 000
