0000 043 221 077 239 000 000 000 000
0001 043 221 077 239 000 000 000 000
0002 033 185 077 235 000 000 000 000
0003 033 180 077 234 000 000 000 000
0004 037 178 077 234 000 000 000 000
0005 124 194 174 235 000 000 000 000
0006 134 137 185 184 148 170 171 207
0007 152 073 189 136 034 185 077 236
0008 186 048 218 107 033 186 079 233
0009 191 028 229 092 000 000 000 000
0010 156 027 198 091 000 000 000 000
0011 156 031 190 091 000 000 000 000
0012 172 033 203 088 000 000 000 000
0013 183 029 215 090 000 000 000 000
0014 149 039 187 102 000 000 000 000
0015 153 036 189 097 032 182 074 232
0016 190 043 234 096 000 000 000 000
0017 175 039 216 098 043 222 075 239
0018 149 044 183 105 044 222 075 239
0019 169 035 204 089 000 000 000 000
0020 192 042 231 096 043 222 077 239
0021 170 038 210 097 039 222 077 239
0022 149 041 189 103 000 000 000 000
0023 180 047 219 097 000 000 000 000
0024 176 040 224 097 000 000 000 000
0025 154 043 189 104 000 000 000 000
0026 179 046 214 099 000 000 000 000
0027 188 043 233 097 039 184 070 238
0028 163 045 201 097 032 180 075 235
0029 153 043 189 103 035 179 077 234
0030 178 044 215 097 041 185 072 234
0031 176 041 218 094 040 185 071 233
0032 151 040 188 103 000 000 000 000
0033 180 039 215 091 000 000 000 000
0034 181 040 226 096 034 180 073 236
0035 152 046 185 109 035 183 075 235
0036 151 041 189 098 033 182 077 237
0037 178 041 216 092 032 180 076 237
0038 170 042 210 096 033 181 073 235
0039 147 045 185 110 041 182 084 237
0040 177 041 212 095 038 186 077 233
0041 178 040 216 099 039 182 083 235
0042 149 044 188 103 000 000 000 000
0043 163 042 200 098 038 185 080 234
0044 181 043 217 097 035 182 075 234
0045 187 049 230 103 038 181 079 232
0046 164 047 196 108 000 000 000 000
0047 162 047 193 106 000 000 000 000
0048 163 067 195 118 000 000 000 000
0049 155 108 195 169 038 184 080 234
0050 144 155 184 209 038 186 078 233
0051 131 194 187 237 041 184 072 233
0052 128 205 184 238 041 183 072 234
0053 135 217 182 238 034 180 077 238
0054 138 224 173 239 000 000 000 000
0055 039 185 080 234 139 224 169 239
0056 137 225 172 239 000 000 000 000
