0003 135 194 196 238 000 000 000 000
0004 151 124 199 192 000 000 000 000
0005 162 093 203 167 000 000 000 000
0006 177 063 214 142 000 000 000 000
0007 192 052 228 133 000 000 000 000
0008 209 061 245 142 000 000 000 000
0009 207 081 243 163 000 000 000 000
0010 194 084 231 162 000 000 000 000
0011 174 075 213 151 000 000 000 000
0012 177 064 216 142 000 000 000 000
0013 183 055 221 136 000 000 000 000
0014 202 064 240 140 000 000 000 000
0015 211 076 251 158 000 000 000 000
0016 207 094 243 177 000 000 000 000
0017 196 096 230 173 000 000 000 000
0018 172 086 208 160 000 000 000 000
0019 167 072 206 151 000 000 000 000
0020 182 058 221 141 000 000 000 000
0021 194 060 227 142 000 000 000 000
0022 202 068 240 148 000 000 000 000
0023 208 078 248 164 000 000 000 000
0024 200 082 241 167 000 000 000 000
0025 189 079 227 155 000 000 000 000
0026 187 075 226 153 000 000 000 000
0027 178 095 215 166 000 000 000 000
0028 168 128 212 190 000 000 000 000
0029 163 157 207 219 000 000 000 000
0030 161 210 201 238 000 000 000 000
