0000 190 197 212 234 101 207 131 237
0001 190 198 212 235 101 207 131 237
0002 190 198 212 235 101 208 131 237
0003 189 201 209 234 101 207 131 237
0004 190 198 212 235 101 207 132 237
0005 189 199 209 232 101 206 132 237
0006 188 200 209 234 100 206 132 237
0007 194 196 214 232 105 210 130 239
0008 100 206 131 237 198 188 220 218
0009 101 207 130 237 198 171 220 199
0010 101 207 132 237 188 153 215 180
0011 179 133 211 165 101 207 131 237
0012 170 118 205 157 100 206 131 237
0013 164 118 198 152 100 207 131 237
0014 161 112 200 150 101 207 132 237
0015 159 112 197 144 101 206 131 237
0016 159 111 194 143 101 207 131 237
0017 160 110 199 143 101 207 131 237
0018 160 110 199 143 101 207 131 237
0019 160 111 199 144 101 207 131 237
0020 157 112 197 144 101 208 132 237
0021 161 114 201 150 102 208 132 237
0022 179 140 209 168 102 208 132 237
0023 102 208 132 237 194 162 217 192
0024 202 181 223 216 102 208 132 237
0025 101 208 132 237 204 195 221 226
0026 197 198 216 232 101 208 132 237
0027 192 197 212 234 104 210 129 239
0028 190 196 211 232 105 210 130 239
0029 191 197 212 233 104 208 128 235
