0000 166 176 196 209 088 223 116 239
0001 166 176 196 209 088 223 116 239
0002 166 176 196 209 091 222 118 239
0003 166 176 196 209 088 224 116 239
0004 166 177 195 209 091 222 118 239
0005 165 177 194 210 087 222 117 238
0006 165 177 195 210 087 221 118 238
0007 166 177 194 210 092 221 120 239
0008 166 177 194 210 089 221 118 239
0009 165 177 194 209 087 217 120 238
0010 165 177 194 210 092 215 120 239
0011 096 206 126 239 166 177 194 209
0012 095 189 132 230 164 176 193 205
0013 094 171 138 208 163 175 193 208
0014 096 162 143 193 162 176 192 210
0015 094 142 146 174 163 175 192 208
0016 160 172 195 206 099 126 146 154
0017 162 177 191 209 106 118 146 145
0018 160 174 196 209 106 118 145 139
0019 164 175 191 208 107 118 147 141
0020 163 176 192 210 107 118 147 141
0021 162 174 192 204 106 118 147 142
0022 164 174 192 205 106 119 149 145
0023 107 117 145 139 162 175 191 210
0024 163 176 191 209 107 119 148 143
0025 162 176 191 209 107 119 148 143
0026 162 176 191 209 105 118 148 142
0027 162 176 191 209 105 118 147 142
0028 162 176 191 209 111 116 150 144
0029 162 176 191 209 109 119 145 142
0030 108 118 145 140 162 177 191 210
0031 159 174 196 209 108 119 145 142
0032 159 174 196 209 111 116 150 144
0033 162 176 191 209 111 116 150 144
0034 162 176 191 209 110 116 150 144
0035 162 177 191 209 106 118 147 143
0036 162 176 191 208 109 118 149 139
0037 159 171 196 205 109 118 145 146
0038 162 176 191 208 103 121 145 152
0039 160 172 196 206 102 127 145 159
0040 102 129 146 160 163 175 191 208
0041 159 172 196 206 096 128 146 162
0042 162 177 191 208 096 127 141 160
0043 160 174 196 208 096 126 142 158
0044 160 174 195 208 098 125 144 155
0045 160 174 195 208 099 124 143 153
0046 161 171 196 205 098 125 142 153
0047 164 176 191 208 097 124 142 153
0048 162 176 193 208 095 123 144 155
0049 164 177 193 208 095 123 144 155
0050 164 177 192 208 095 124 142 156
0051 162 176 193 208 095 124 141 156
0052 162 176 193 208 094 125 142 157
0053 162 176 193 208 094 126 142 158
0054 162 176 193 208 097 127 136 155
0055 164 176 192 207 094 123 141 158
0056 163 176 193 209 095 123 142 158
0057 163 176 193 208 093 126 142 156
0058 163 176 193 208 095 126 141 158
0059 163 176 193 209 096 131 144 163
0060 091 151 135 184 163 176 192 207
0061 164 175 195 205 096 171 139 207
0062 098 202 130 238 161 175 196 208
0063 162 176 192 210 099 222 126 239
0064 163 176 192 209 000 000 000 000
0065 166 179 195 209 000 000 000 000
0066 166 180 195 213 084 222 109 239
0067 166 182 194 214 087 224 114 239
0068 166 182 195 215 089 221 120 237
0069 166 183 195 214 091 222 120 239
0070 166 179 196 215 091 223 119 239
0071 166 182 196 215 092 223 119 239
0072 167 182 197 215 089 223 117 239
0073 167 182 197 214 089 223 116 239
0074 167 182 197 214 090 222 116 239
0075 166 182 195 213 091 224 118 239
0076 166 182 195 213 092 224 118 239
0077 166 182 195 213 091 224 118 239
