0000 128 212 158 239 206 223 233 239
0001 129 212 158 239 207 223 233 239
0002 129 210 158 238 206 223 233 239
0003 128 207 158 239 206 222 233 239
0004 123 196 152 234 207 223 233 239
0005 116 183 143 221 208 222 230 239
0006 112 175 138 206 207 222 234 239
0007 107 151 143 175 208 222 235 239
0008 114 134 151 161 208 222 235 239
0009 116 124 158 148 209 219 231 235
0010 118 120 158 145 206 219 234 237
0011 119 120 157 144 208 222 235 239
0012 125 120 161 142 207 221 235 239
0013 124 120 164 143 207 222 235 239
0014 126 118 163 143 208 222 235 239
0015 126 120 164 143 208 222 235 239
0016 122 119 160 145 209 222 234 239
0017 120 119 159 147 208 221 235 239
0018 119 120 158 144 208 215 235 239
0019 123 124 163 146 208 220 235 239
0020 116 126 160 149 207 220 235 239
0021 114 125 159 150 207 215 235 239
0022 113 126 158 149 208 215 235 239
0023 111 124 154 151 208 220 235 239
0024 111 126 154 151 208 220 235 239
0025 111 126 154 150 207 220 235 239
0026 111 124 154 150 207 220 234 239
0027 112 124 155 151 207 221 234 239
0028 116 126 158 150 208 221 231 237
0029 112 125 155 151 207 216 233 237
0030 112 125 155 151 209 219 231 236
0031 113 124 155 149 208 220 234 239
0032 110 124 154 151 207 219 233 239
0033 110 125 153 152 207 218 233 239
0034 111 127 153 153 207 217 233 239
0035 110 125 152 152 207 217 233 239
0036 207 218 233 239 112 126 151 151
0037 207 218 234 239 112 126 152 152
0038 207 219 234 239 112 126 151 149
0039 207 220 233 239 113 125 149 150
0040 115 125 147 153 206 217 233 239
0041 116 127 148 154 207 219 234 239
0042 116 127 151 157 208 220 235 239
0043 116 126 153 156 208 219 235 239
0044 115 125 154 156 208 220 235 239
0045 118 127 157 155 207 220 235 239
0046 114 125 154 153 207 221 235 239
0047 118 127 157 154 207 221 234 239
0048 118 127 157 155 208 219 231 237
0049 117 128 157 156 208 219 231 237
0050 114 126 153 155 208 219 231 236
0051 114 126 153 155 206 215 235 238
0052 114 126 153 155 207 221 235 239
0053 114 126 153 156 205 216 235 238
0054 114 127 153 156 207 221 235 239
0055 113 126 154 156 207 218 235 239
0056 112 126 154 156 207 220 235 239
0057 112 126 155 156 207 220 234 239
0058 112 126 153 157 207 220 234 239
0059 112 127 153 156 207 220 235 239
0060 112 129 154 158 207 220 235 239
0061 113 137 158 167 205 217 235 238
0062 114 151 150 180 206 221 230 237
0063 115 176 140 223 204 219 231 238
0064 119 200 145 238 202 219 229 238
0065 124 214 150 239 201 220 230 239
0066 125 215 147 235 202 220 231 239
0067 203 218 231 239 119 215 146 238
