0000 191 198 212 234 100 208 132 237
0001 190 198 211 233 100 208 132 237
0002 191 198 212 234 100 208 132 237
0003 191 198 212 234 104 210 130 238
0004 191 198 212 234 104 210 131 239
0005 189 198 210 229 100 208 131 238
0006 189 199 210 229 100 208 131 237
0007 189 199 210 231 100 208 131 237
0008 100 208 131 237 190 198 212 234
0009 100 208 131 238 195 197 217 235
0010 100 206 131 237 202 192 222 225
0011 100 206 131 238 207 179 228 206
0012 100 206 131 238 195 156 224 181
0013 177 121 216 159 100 206 131 238
0014 167 116 208 149 100 207 130 237
0015 162 113 207 145 100 207 130 237
0016 162 110 202 141 100 206 130 237
0017 159 110 198 135 100 207 129 237
0018 159 113 199 140 104 208 126 234
0019 160 113 199 140 100 208 129 237
0020 159 113 198 140 101 208 129 237
0021 159 113 198 140 101 208 129 237
0022 160 112 198 139 100 208 130 237
0023 162 112 201 140 101 208 130 237
0024 168 115 209 151 101 208 130 237
0025 188 149 216 175 101 208 130 237
0026 101 208 131 237 202 170 224 195
0027 101 207 130 238 202 181 227 212
0028 102 209 130 238 201 193 225 227
0029 202 199 221 234 100 207 131 237
0030 104 209 127 235 199 200 216 229
0031 191 198 212 234 100 207 131 237
0032 191 196 211 231 100 207 131 237
