0000 085 212 121 239 000 000 000 000
0001 087 212 115 236 160 207 179 234
0002 087 213 117 239 162 201 183 229
0003 085 213 117 239 163 207 185 232
0004 084 210 117 239 169 206 190 233
0005 085 209 117 239 172 207 193 237
0006 086 211 114 239 180 208 201 237
0007 089 204 118 237 184 208 204 237
0008 092 206 119 238 187 207 208 236
0009 097 204 122 239 187 206 214 237
0010 095 201 121 237 187 209 213 238
0011 094 198 120 235 187 211 213 238
0012 096 199 118 230 184 213 209 239
0013 093 201 118 236 182 208 205 239
0014 182 214 207 239 092 200 116 235
0015 181 213 207 239 092 200 115 233
0016 092 201 115 235 178 209 207 239
0017 172 205 202 237 092 200 114 235
0018 155 178 190 209 093 201 115 236
0019 089 198 116 236 143 155 195 185
0020 144 122 189 154 093 201 119 237
0021 143 106 184 137 093 202 118 236
0022 093 203 118 237 141 099 177 131
0023 094 202 119 235 149 099 177 129
0024 095 200 118 235 151 098 175 128
0025 096 201 119 233 145 099 172 126
0026 097 201 119 235 151 102 175 131
0027 096 201 120 235 152 100 177 132
0028 095 201 120 237 148 102 171 130
0029 098 201 121 233 149 103 172 133
0030 150 102 175 133 101 204 120 234
0031 150 103 176 133 100 203 119 235
0032 102 204 123 233 152 102 177 132
0033 150 102 177 133 097 202 120 234
0034 102 203 122 234 150 103 177 132
0035 149 103 176 131 102 203 122 234
0036 097 201 120 235 149 102 176 131
0037 097 203 121 236 150 102 176 132
0038 100 203 121 234 151 101 178 134
0039 099 202 122 234 151 104 177 131
0040 099 202 121 234 151 104 177 131
0041 099 202 121 234 151 104 177 131
0042 099 202 121 234 151 104 177 132
0043 099 200 122 235 151 104 176 132
0044 099 201 121 234 151 104 177 132
0045 099 202 121 235 151 104 176 131
0046 099 201 121 235 150 103 175 132
0047 099 202 121 235 151 104 176 132
0048 099 201 121 235 152 104 175 132
0049 099 200 121 234 148 102 178 135
0050 151 118 200 160 099 200 121 234
0051 152 149 200 182 095 197 122 236
0052 162 187 199 219 094 197 122 236
0053 179 204 208 239 094 197 122 236
0054 094 197 122 236 184 215 214 239
0055 188 212 214 235 095 199 123 236
0056 096 199 123 237 189 212 215 236
