0000 173 207 196 236 090 206 113 238
0001 172 207 201 237 088 205 110 236
0002 172 208 200 237 088 206 110 236
0003 172 207 201 237 088 206 110 237
0004 171 205 202 237 088 207 110 237
0005 171 204 201 237 088 207 110 237
0006 174 208 196 238 087 207 109 237
0007 174 206 197 238 089 206 112 239
0008 172 198 203 232 089 206 111 239
0009 165 186 204 214 088 203 110 239
0010 181 158 209 196 089 204 112 239
0011 176 145 205 171 087 206 109 237
0012 090 204 113 239 165 129 197 153
0013 153 111 195 141 088 207 112 238
0014 088 207 113 239 151 112 192 138
0015 155 112 207 152 089 207 113 238
0016 088 205 110 237 154 112 207 149
0017 089 207 113 239 152 110 203 144
0018 087 206 109 237 150 116 204 150
0019 087 206 109 237 146 112 183 138
0020 085 202 113 236 152 113 200 147
0021 087 206 109 237 152 112 198 147
0022 087 202 110 238 155 110 208 150
0023 089 203 112 236 148 112 180 137
0024 089 207 112 238 151 114 203 153
0025 089 207 112 238 151 113 197 150
0026 089 208 112 239 151 113 199 149
0027 150 112 207 156 088 206 110 237
0028 088 206 110 237 146 118 198 152
0029 088 206 110 237 154 137 196 165
0030 168 157 197 190 088 206 110 237
0031 167 177 198 216 087 207 109 237
0032 174 190 204 232 086 204 109 239
0033 087 203 109 239 180 200 206 237
0034 178 203 208 238 088 206 109 237
0035 090 208 112 239 182 207 202 238
0036 089 206 112 238 178 211 199 239
0037 177 207 200 235 088 205 110 235
