0001 215 223 244 239 025 223 069 239
0002 004 201 046 235 230 203 262 232
0003 241 171 273 196 000 158 032 198
0004 001 116 034 151 241 134 269 164
0005 002 071 037 115 240 087 269 121
0006 223 066 252 101 012 052 047 094
0007 207 044 236 083 023 026 051 063
0008 192 041 223 074 026 024 061 072
0009 188 038 219 072 026 019 065 067
0010 034 017 065 072 173 037 207 070
0011 160 038 197 067 050 001 085 041
0012 149 042 183 068 107 011 143 046
0013 121 028 164 058 148 040 182 072
0014 128 030 163 061 153 044 187 075
0015 122 022 163 055 150 045 189 075
0016 155 047 193 077 118 015 153 045
0017 163 047 199 078 093 011 120 040
0018 171 053 207 082 058 019 083 062
0019 037 025 062 066 176 054 211 085
0020 177 054 214 086 029 030 054 080
0021 029 027 054 077 176 053 216 086
0022 175 056 213 088 030 030 054 074
0023 034 029 059 079 174 052 216 086
0024 040 025 066 074 175 052 213 085
0025 049 021 080 069 174 052 210 083
0026 167 051 206 083 073 017 107 060
0027 160 051 200 081 105 016 146 056
0028 121 031 163 061 154 051 190 081
0029 134 035 180 060 158 053 193 083
0030 135 038 176 064 159 054 192 084
0031 130 036 173 065 157 051 195 083
0032 126 032 172 057 152 052 194 082
0033 157 054 197 085 109 030 149 065
0034 092 026 130 062 160 054 204 087
0035 072 022 108 068 171 060 206 088
0036 054 036 080 080 182 062 212 091
0037 038 055 064 098 185 072 221 106
0038 033 078 056 113 189 080 227 113
0039 206 100 232 135 027 124 056 163
0040 029 176 063 207 217 133 240 165
0041 043 211 077 236 220 175 242 200
0042 204 208 241 236 000 000 000 000
