0000 157 213 182 237 101 210 125 238
0001 155 210 181 239 102 209 126 238
0002 154 210 179 239 102 209 125 238
0003 154 209 180 239 102 209 126 238
0004 155 211 182 239 101 208 125 238
0005 157 213 183 237 102 208 125 238
0006 157 212 183 237 102 209 125 238
0007 157 211 183 237 104 209 126 239
0008 158 211 184 237 101 210 124 239
0009 162 212 183 236 098 212 116 239
0010 091 212 113 239 165 213 186 237
0011 083 212 106 239 170 212 188 234
0012 080 214 096 236 173 214 190 239
0013 064 208 082 234 181 209 207 237
0014 193 197 224 227 042 189 063 219
0015 028 158 056 185 206 181 232 204
0016 024 118 062 148 206 135 234 165
0017 034 078 074 114 198 095 221 131
0018 061 051 089 083 182 063 203 095
0019 164 043 190 077 084 034 108 070
0020 147 035 175 063 104 027 121 062
0021 143 035 171 057 113 025 131 064
0022 139 039 164 062 117 029 137 063
0023 123 029 145 064 138 045 164 067
0024 123 030 142 062 137 046 164 067
0025 138 041 162 066 125 029 144 062
0026 137 041 162 065 122 027 143 064
0027 124 032 143 062 134 046 158 065
0028 123 030 145 064 138 040 162 065
0029 122 028 144 063 131 045 157 067
0030 132 033 157 054 119 024 135 057
0031 149 022 173 044 103 016 119 048
0032 169 015 192 047 080 016 102 049
0033 185 015 204 044 061 020 089 053
0034 043 035 075 062 197 019 222 051
0035 021 055 057 081 209 032 236 067
0036 227 064 256 102 003 095 048 122
0037 233 092 263 125 006 125 052 147
0038 228 139 266 167 014 154 054 180
0039 217 181 248 207 030 187 062 209
0040 054 202 081 232 200 202 229 229
0041 183 210 213 238 070 204 096 239
0042 175 214 197 236 089 208 106 234
0043 166 210 192 238 095 208 118 234
0044 098 211 115 236 165 211 189 236
0045 099 210 115 236 165 211 183 235
0046 093 211 111 237 157 212 183 236
0047 093 212 109 236 157 214 184 237
0048 094 212 111 237 163 212 188 237
0049 160 213 185 236 094 212 115 237
0050 162 214 188 237 099 213 117 237
0051 099 214 117 235 163 213 190 237
0052 099 213 116 238 164 215 189 237
0053 094 211 117 237 165 214 185 235
0054 094 211 117 237 166 213 184 237
0055 166 212 187 235 097 211 118 237
0056 165 215 184 237 095 209 119 237
0057 100 213 118 236 165 215 184 237
