0006 173 222 208 239 117 221 135 239
0007 150 189 192 225 106 196 132 224
0008 142 144 184 177 110 139 131 174
0009 120 073 143 116 138 093 175 121
0010 124 047 150 086 144 061 180 097
0011 129 034 155 072 147 053 180 083
0012 137 022 164 057 147 035 186 070
0013 138 020 165 056 148 032 188 067
0014 143 022 170 053 151 029 196 071
0015 143 024 180 057 000 000 000 000
0016 145 026 180 056 000 000 000 000
0017 147 026 179 059 000 000 000 000
0018 144 025 178 057 000 000 000 000
0019 138 023 164 057 166 033 194 060
0020 126 023 152 057 185 026 217 060
0021 120 022 144 058 199 026 240 061
0022 108 027 131 061 222 034 264 067
0023 239 038 268 066 102 028 124 063
0024 101 028 126 062 237 038 272 067
0025 104 029 127 064 236 037 270 068
0026 104 029 126 065 238 038 266 066
0027 105 028 128 065 233 037 265 065
0028 105 033 128 070 228 041 257 069
0029 104 039 129 077 223 049 256 079
0030 102 059 125 099 203 081 247 112
0031 199 127 242 161 100 094 121 135
0032 199 184 238 223 094 148 116 180
0033 100 195 123 222 201 219 229 239
0034 111 223 145 238 000 000 000 000
