0011 054 222 081 239 152 221 182 239
0012 057 221 082 239 000 000 000 000
0013 054 222 077 239 000 000 000 000
0014 054 223 079 239 000 000 000 000
0015 053 224 079 239 000 000 000 000
0018 136 200 164 237 000 000 000 000
0019 146 171 177 225 000 000 000 000
0020 155 147 190 210 000 000 000 000
0021 156 128 189 195 000 000 000 000
0022 166 116 195 177 000 000 000 000
0023 169 103 201 167 000 000 000 000
0024 171 097 209 157 000 000 000 000
0025 176 094 214 153 000 000 000 000
0026 185 093 217 157 000 000 000 000
0027 176 099 223 153 000 000 000 000
0028 164 092 210 148 000 000 000 000
0029 157 090 203 147 000 000 000 000
0030 157 092 200 145 000 000 000 000
0031 154 092 199 146 000 000 000 000
0032 151 091 199 146 000 000 000 000
0033 152 089 199 149 000 000 000 000
0034 153 091 198 151 000 000 000 000
0035 150 092 196 149 000 000 000 000
0036 155 093 190 157 000 000 000 000
0037 169 095 213 153 000 000 000 000
0038 186 107 229 165 000 000 000 000
0039 196 110 240 168 000 000 000 000
0040 195 103 242 161 000 000 000 000
0041 197 103 240 160 000 000 000 000
0042 196 099 240 158 000 000 000 000
0043 193 097 239 154 000 000 000 000
0044 197 096 234 154 000 000 000 000
0045 196 096 234 157 000 000 000 000
0046 187 099 231 158 000 000 000 000
0047 172 101 209 161 000 000 000 000
0048 158 097 200 154 000 000 000 000
0049 151 094 194 151 000 000 000 000
0050 150 088 191 149 000 000 000 000
0051 148 085 188 149 000 000 000 000
0052 143 085 188 146 000 000 000 000
0053 144 085 183 150 000 000 000 000
0054 146 083 187 147 000 000 000 000
0055 140 085 186 145 000 000 000 000
0056 144 086 185 150 000 000 000 000
0057 141 089 187 149 000 000 000 000
0058 142 088 187 149 000 000 000 000
0059 143 088 187 152 000 000 000 000
0060 144 087 183 151 000 000 000 000
0061 161 089 194 156 000 000 000 000
0062 186 109 230 165 000 000 000 000
0063 201 117 248 173 000 000 000 000
0064 204 123 253 178 000 000 000 000
0065 205 117 250 173 000 000 000 000
0066 204 116 251 175 000 000 000 000
0067 208 116 254 174 000 000 000 000
0068 205 118 253 173 000 000 000 000
0069 200 111 246 168 000 000 000 000
0070 187 110 229 164 000 000 000 000
0071 167 110 201 170 000 000 000 000
0072 141 131 187 189 000 000 000 000
0073 121 175 153 227 000 000 000 000
0074 102 208 151 238 000 000 000 000
0075 104 222 157 239 000 000 000 000
