0000 127 212 161 239 000 000 000 000
0001 127 212 161 239 000 000 000 000
0002 127 212 161 239 000 000 000 000
0003 127 212 161 239 000 000 000 000
0004 124 210 162 239 000 000 000 000
0005 124 210 162 239 000 000 000 000
0006 128 206 160 239 000 000 000 000
0007 130 195 159 236 000 000 000 000
0008 126 179 161 212 000 000 000 000
0009 124 145 160 184 000 000 000 000
0010 122 128 156 171 000 000 000 000
0011 126 109 156 156 000 000 000 000
0012 125 100 152 145 000 000 000 000
0013 122 092 151 137 000 000 000 000
0014 118 091 148 133 000 000 000 000
0015 116 091 151 134 000 000 000 000
0016 119 090 152 129 000 000 000 000
0017 122 092 154 132 000 000 000 000
0018 122 091 155 132 000 000 000 000
0019 121 089 158 130 000 000 000 000
0020 123 092 155 131 000 000 000 000
0021 122 086 152 131 000 000 000 000
0022 121 080 145 127 000 000 000 000
0023 129 093 155 129 000 000 000 000
0024 121 088 156 128 000 000 000 000
0025 118 093 157 127 000 000 000 000
0026 118 094 159 129 000 000 000 000
0027 118 093 160 128 000 000 000 000
0028 115 094 162 130 000 000 000 000
0029 115 095 161 130 000 000 000 000
0030 117 093 161 131 000 000 000 000
0031 129 091 157 130 000 000 000 000
0032 134 083 156 122 000 000 000 000
0033 128 085 156 131 000 000 000 000
0034 131 086 161 130 000 000 000 000
0035 133 091 166 134 000 000 000 000
0036 132 094 176 136 000 000 000 000
0037 132 095 177 137 000 000 000 000
0038 131 095 174 138 000 000 000 000
0039 132 094 171 135 000 000 000 000
0040 136 091 166 132 000 000 000 000
0041 138 085 163 131 000 000 000 000
0042 142 084 164 125 000 000 000 000
0043 144 086 164 127 000 000 000 000
0044 136 088 166 125 000 000 000 000
0045 128 089 168 126 000 000 000 000
0046 127 092 165 125 000 000 000 000
0047 126 092 169 125 000 000 000 000
0048 128 092 168 129 000 000 000 000
0049 131 094 170 131 000 000 000 000
0050 131 095 170 131 000 000 000 000
0051 130 095 169 130 000 000 000 000
0052 137 099 169 135 000 000 000 000
0053 140 103 170 138 000 000 000 000
0054 139 112 170 152 000 000 000 000
0055 136 135 165 173 000 000 000 000
0056 139 164 164 195 000 000 000 000
0057 129 185 162 216 000 000 000 000
0058 124 193 163 226 000 000 000 000
0059 130 205 160 239 000 000 000 000
0060 129 211 160 239 000 000 000 000
0061 129 211 160 239 000 000 000 000
0062 130 212 160 239 000 000 000 000
