0018 165 217 195 239 000 000 000 000
0026 066 223 091 239 000 000 000 000
0040 127 215 161 235 000 000 000 000
0041 137 202 164 235 000 000 000 000
0042 149 170 186 224 000 000 000 000
0043 158 131 189 198 000 000 000 000
0044 163 113 189 174 000 000 000 000
0045 166 102 194 161 000 000 000 000
0046 171 095 196 152 000 000 000 000
0047 171 090 205 145 000 000 000 000
0048 172 086 215 142 000 000 000 000
0049 173 081 213 137 000 000 000 000
0050 171 077 205 135 000 000 000 000
0051 174 080 213 138 000 000 000 000
0052 176 081 213 137 000 000 000 000
0053 182 078 211 136 000 000 000 000
0054 189 087 225 146 000 000 000 000
0055 186 087 221 142 000 000 000 000
0056 182 092 220 148 000 000 000 000
0057 182 092 220 148 000 000 000 000
0058 183 090 216 150 000 000 000 000
0059 183 092 217 144 000 000 000 000
0060 182 094 223 150 000 000 000 000
0061 186 094 219 146 000 000 000 000
0062 180 085 217 144 000 000 000 000
0063 170 084 206 144 000 000 000 000
0064 164 087 200 142 000 000 000 000
0065 158 077 193 136 000 000 000 000
0066 157 076 191 135 000 000 000 000
0067 155 080 196 138 000 000 000 000
0068 157 077 191 135 000 000 000 000
0069 157 077 190 135 000 000 000 000
0070 154 078 195 135 000 000 000 000
0071 155 081 194 141 000 000 000 000
0072 157 079 193 142 000 000 000 000
0073 172 088 211 145 000 000 000 000
0074 174 093 218 153 000 000 000 000
0075 176 092 216 151 000 000 000 000
0076 174 092 216 150 000 000 000 000
0077 175 089 216 149 000 000 000 000
0078 175 090 213 148 000 000 000 000
0079 177 088 215 148 000 000 000 000
0080 174 090 211 150 000 000 000 000
0081 172 091 209 155 000 000 000 000
0082 167 095 206 155 000 000 000 000
0083 156 113 191 171 000 000 000 000
0084 138 149 184 206 000 000 000 000
0085 121 199 154 237 000 000 000 000
0086 103 219 146 239 000 000 000 000
