0000 196 223 228 239 135 222 168 239
0004 133 220 165 239 000 000 000 000
0005 131 212 176 237 000 000 000 000
0006 132 182 171 224 000 000 000 000
0007 131 149 174 189 000 000 000 000
0008 129 090 162 147 000 000 000 000
0009 100 071 149 114 000 000 000 000
0010 094 067 146 108 000 000 000 000
0011 105 053 148 100 000 000 000 000
0012 127 068 169 110 000 000 000 000
0013 127 073 182 118 000 000 000 000
0014 130 060 164 111 000 000 000 000
0015 109 066 156 114 000 000 000 000
0016 102 073 152 119 000 000 000 000
0017 114 062 162 116 000 000 000 000
0018 128 076 167 122 000 000 000 000
0019 125 082 177 127 000 000 000 000
0020 123 075 168 123 000 000 000 000
0021 113 072 156 127 000 000 000 000
0022 112 090 159 146 000 000 000 000
0023 122 104 153 163 000 000 000 000
0024 129 163 170 205 000 000 000 000
0025 134 205 173 238 000 000 000 000
0026 137 216 176 239 000 000 000 000
