0000 182 207 208 237 095 195 117 228
0001 182 207 208 237 095 198 115 226
0002 182 207 208 237 094 195 114 224
0003 179 206 203 239 094 193 116 227
0004 181 208 206 238 094 194 116 225
0005 179 208 204 237 094 194 116 225
0006 178 206 204 239 094 194 114 224
0007 179 197 204 234 096 195 117 223
0008 094 195 115 227 192 162 214 192
0009 195 126 223 158 093 196 114 223
0010 181 099 228 136 093 197 112 226
0011 169 102 207 148 092 196 114 226
0012 156 118 186 164 095 197 114 225
0013 148 131 179 177 097 199 116 226
0014 146 139 171 182 097 196 117 225
0015 139 148 166 197 097 197 118 229
0016 135 157 159 201 098 195 118 228
0017 126 164 151 210 096 195 117 226
0018 119 172 145 209 096 194 117 227
0019 103 170 139 213 098 197 120 224
0020 091 172 137 208 096 194 121 227
0021 080 167 130 192 094 190 121 223
0022 081 162 122 190 099 193 119 222
0023 095 195 119 224 081 159 127 182
0024 079 156 127 179 095 194 118 226
0025 087 152 142 182 094 191 118 222
0026 107 150 151 182 097 196 116 222
0027 136 160 165 187 095 193 117 225
0028 155 160 183 189 096 194 117 226
0029 096 193 117 227 178 146 214 179
0030 189 129 226 165 094 192 117 226
0031 206 086 233 124 093 195 116 228
0032 173 068 221 099 097 196 117 226
0033 154 070 197 113 095 195 117 229
0034 146 088 175 134 096 195 119 228
0035 138 107 164 149 161 091 214 123
0036 100 195 120 226 131 122 161 163
0037 123 137 150 178 099 195 120 226
0038 124 138 149 181 097 196 119 226
0039 118 146 143 189 096 195 119 226
0040 109 150 141 191 097 193 119 228
0041 095 194 119 224 104 155 140 190
0042 094 194 118 224 094 154 134 190
0043 093 194 119 224 085 157 134 189
0044 077 153 126 182 094 192 119 225
0045 071 158 123 180 095 194 119 227
0046 070 154 118 175 096 195 119 226
0047 063 151 123 174 096 195 119 226
0048 065 146 120 171 095 194 119 225
0049 066 145 127 169 095 194 118 226
0050 072 141 128 165 095 194 118 226
0051 077 141 127 166 098 199 119 227
0052 078 139 125 167 095 195 116 225
0053 087 138 131 163 092 192 115 224
0054 094 142 140 170 092 191 113 223
0055 102 148 156 180 092 194 114 224
0056 128 165 168 193 093 192 115 223
0057 141 183 172 216 091 193 114 224
0058 159 199 193 236 094 194 117 226
0059 176 210 202 238 095 193 117 225
0060 095 195 117 226 191 209 215 237
0061 095 194 117 226 193 208 218 237
0062 191 207 215 237 097 194 116 222
0063 190 207 212 237 097 196 116 224
0064 185 205 214 236 098 199 117 226
0065 186 209 209 237 099 194 121 229
0066 188 209 211 238 100 195 119 227
0067 188 209 211 237 099 195 118 224
