0000 104 213 129 238 198 224 221 239
0001 104 213 129 237 198 224 223 239
0002 104 213 129 238 197 224 221 239
0003 103 212 129 237 196 221 222 239
0004 102 213 127 238 196 221 222 239
0005 101 215 126 239 198 224 223 239
0006 098 208 121 239 198 224 223 239
0007 098 207 119 239 198 223 223 239
0008 092 206 116 239 198 224 223 239
0009 090 200 112 238 197 224 222 239
0010 086 190 111 237 198 224 221 239
0011 083 177 106 224 197 224 221 239
0012 081 164 105 211 197 223 221 239
0013 079 149 106 195 197 221 222 239
0014 084 133 112 176 196 223 222 239
0015 087 123 112 162 197 222 221 239
0016 092 115 120 153 198 222 221 239
0017 095 114 121 151 197 222 221 239
0018 097 118 125 161 198 222 221 239
0019 097 125 125 169 198 223 222 239
0020 097 131 123 177 198 223 223 239
0021 099 143 125 189 200 223 224 239
0022 100 156 126 202 202 222 226 239
0023 105 170 132 217 203 223 227 239
0024 111 182 143 230 204 223 229 239
0025 117 202 158 233 201 219 228 239
0026 122 203 162 233 206 221 227 239
0027 130 204 167 230 202 223 227 239
0028 132 202 171 229 201 222 225 239
0029 135 193 174 222 202 222 226 239
0030 148 187 176 217 202 223 225 239
0031 147 182 177 212 202 222 228 238
0032 138 176 177 214 202 222 225 239
0033 142 176 179 210 202 223 225 239
0034 143 174 178 206 202 223 225 239
0035 144 180 177 201 202 223 226 239
0036 137 174 178 206 201 223 224 239
0037 138 176 168 209 204 224 226 239
0038 128 175 161 209 201 223 224 239
0039 116 167 154 209 201 223 224 239
0040 112 161 150 206 197 221 224 237
0041 109 152 141 201 199 224 223 239
0042 104 146 142 193 201 219 223 236
0043 105 145 134 192 195 221 222 237
0044 104 145 134 194 199 223 222 239
0045 103 151 133 198 199 222 222 239
0046 105 161 134 211 199 223 222 239
0047 106 174 136 226 199 223 223 239
0048 109 186 141 237 199 223 223 239
0049 116 204 147 239 201 222 224 239
0050 119 208 158 238 201 223 224 239
0051 123 213 163 239 199 223 223 239
0052 126 209 166 237 198 222 222 239
0053 130 209 169 234 198 222 223 239
0054 132 203 170 229 198 222 221 239
0055 131 196 170 226 198 222 219 239
0056 129 193 169 224 196 222 216 239
0057 133 196 168 223 196 223 216 239
0058 135 202 163 230 196 223 216 239
0059 135 207 165 234 196 222 216 239
0060 136 208 161 235 196 224 221 239
0061 128 214 160 239 196 223 222 239
0062 119 213 154 238 196 223 222 239
