0007 211 179 245 211 000 000 000 000
0008 211 156 248 180 000 000 000 000
0009 208 121 244 147 000 000 000 000
0010 200 113 235 141 000 000 000 000
0011 193 117 228 148 000 000 000 000
0012 192 128 223 165 000 000 000 000
0013 184 148 216 195 000 000 000 000
0014 182 160 211 209 000 000 000 000
0015 175 180 206 229 000 000 000 000
0016 169 182 207 232 000 000 000 000
0017 167 189 198 228 000 000 000 000
0018 159 187 196 222 000 000 000 000
0019 157 182 193 216 000 000 000 000
0020 159 163 191 202 000 000 000 000
0021 162 143 193 184 000 000 000 000
0022 167 118 202 174 000 000 000 000
0023 174 115 205 167 000 000 000 000
0024 176 112 212 165 000 000 000 000
0025 180 110 210 160 000 000 000 000
0026 181 109 209 161 000 000 000 000
0027 180 111 209 163 000 000 000 000
0028 179 116 206 167 000 000 000 000
0029 172 155 205 190 000 000 000 000
0030 172 188 209 226 000 000 000 000
0031 182 209 217 239 000 000 000 000
0032 193 222 221 239 000 000 000 000
