0000 026 220 062 239 000 000 000 000
0001 025 220 061 239 000 000 000 000
0002 027 219 059 239 000 000 000 000
0003 023 212 064 237 109 224 137 239
0004 102 176 135 224 045 183 093 232
0005 068 158 120 202 091 131 139 170
0006 092 108 147 157 000 000 000 000
0007 099 102 149 142 000 000 000 000
0008 097 100 153 138 000 000 000 000
0009 094 097 154 137 000 000 000 000
0010 094 095 150 132 000 000 000 000
0011 096 098 151 136 000 000 000 000
0012 093 097 145 132 000 000 000 000
0013 096 095 155 132 000 000 000 000
0014 094 097 146 135 000 000 000 000
0015 093 096 145 135 000 000 000 000
0016 096 095 151 138 000 000 000 000
0017 093 097 146 136 000 000 000 000
0018 090 098 144 138 000 000 000 000
0019 119 113 163 152 071 119 132 159
0020 049 152 105 198 121 151 167 203
0021 029 202 072 239 112 203 151 238
0022 114 222 145 238 000 000 000 000
