0000 096 194 115 225 288 160 309 223
0001 188 194 210 227 288 160 309 225
0002 099 191 124 224 179 196 203 227
0003 102 190 126 224 288 158 309 225
0004 105 189 132 223 157 181 187 212
0005 110 185 140 222 288 158 310 224
0006 116 173 148 207 138 156 179 178
0007 122 165 152 193 134 145 177 170
0008 133 134 174 154 123 149 158 170
0009 126 132 169 158 097 138 132 163
0010 131 126 174 151 093 135 129 161
0011 126 119 173 148 283 157 319 225
0012 129 110 172 144 288 155 309 223
0013 130 106 170 144 289 160 309 223
0014 133 106 169 145 288 157 308 223
0015 133 104 164 147 288 154 308 223
0016 133 110 165 151 288 162 309 228
0017 136 113 165 153 288 155 309 222
0018 131 116 162 146 139 128 173 156
0019 144 123 181 152 289 156 312 223
0020 129 122 174 148 289 156 313 219
0021 132 118 177 144 289 158 311 219
0022 133 118 177 140 289 156 312 219
0023 136 116 179 138 286 159 309 224
0024 138 111 181 132 289 160 311 224
0025 136 108 179 134 286 158 309 225
0026 137 103 177 142 286 157 310 221
0027 138 105 176 149 286 159 309 224
0028 139 107 179 155 288 160 312 219
0029 138 115 181 156 286 153 309 221
0030 140 126 182 154 286 160 309 221
0031 131 118 173 143 288 160 309 222
0032 126 120 178 144 289 160 310 222
0033 288 157 312 224 133 120 183 144
0034 289 161 311 224 133 114 188 133
0035 130 113 182 137 288 161 310 223
0036 139 107 186 136 288 161 310 222
0037 144 108 181 142 284 159 309 220
0038 141 105 180 145 287 160 309 221
0039 138 104 177 151 288 161 307 225
0040 140 113 176 157 288 159 307 222
0041 140 128 177 156 137 110 170 140
0042 142 117 181 146 098 131 136 161
0043 287 160 310 223 132 118 186 141
0044 129 115 183 140 093 125 141 158
0045 132 119 175 141 150 110 183 132
0046 136 116 177 136 150 109 182 127
0047 134 112 177 133 096 124 135 158
0048 130 113 173 135 286 159 311 223
0049 147 098 185 129 131 113 164 131
0050 141 101 183 136 283 158 316 223
0051 135 104 176 146 287 155 312 217
0052 139 104 175 154 287 155 312 212
0053 142 133 184 169 131 101 167 138
0054 128 111 162 147 145 144 185 180
0055 118 128 157 163 167 178 196 208
0056 120 143 151 179 289 161 313 223
0057 119 159 147 193 187 188 209 227
0058 120 176 145 208 187 188 205 224
0059 114 191 139 222 288 161 309 224
0060 112 197 135 231 182 195 201 219
0061 107 201 129 233 289 154 311 226
0062 105 202 126 234 288 161 310 226
0063 103 198 125 235 180 194 203 226
0064 100 200 130 236 180 195 203 228
0065 104 201 125 234 180 195 202 228
0066 105 201 129 235 288 156 311 226
0067 105 200 129 236 181 196 203 228
0068 104 200 126 233 181 193 203 227
0069 104 201 127 235 180 196 203 228
0070 104 202 127 235 181 195 203 227
0071 105 201 127 234 181 196 203 228
0072 106 201 127 234 180 196 202 228
0073 106 201 126 234 182 195 202 228
