0000 086 193 106 221 176 199 193 228
0001 087 194 106 220 177 195 196 228
0002 085 189 103 220 178 194 196 228
0003 086 187 106 217 175 194 194 228
0004 166 191 190 227 090 179 114 211
0005 154 186 184 221 098 169 126 200
0006 105 153 135 182 137 178 167 213
0007 124 155 169 191 115 135 145 164
0008 124 153 153 183 115 133 146 161
0009 116 130 146 158 000 000 000 000
0010 118 117 156 147 091 122 120 149
0011 119 112 159 138 088 116 121 145
0012 085 112 124 142 124 105 161 129
0013 124 098 163 121 152 096 200 130
0014 123 090 163 116 000 000 000 000
0015 126 084 162 111 000 000 000 000
0016 127 080 158 107 000 000 000 000
0017 128 079 157 107 000 000 000 000
0018 127 079 157 113 000 000 000 000
0019 125 080 160 123 000 000 000 000
0020 123 087 158 128 000 000 000 000
0021 122 090 156 128 124 069 154 095
0022 122 073 152 107 117 086 160 129
0023 117 080 148 113 123 103 162 131
0024 122 111 159 129 111 080 147 110
0025 112 086 154 115 153 099 204 135
0026 114 089 151 116 140 093 212 124
0027 147 089 209 122 116 094 153 118
0028 114 092 151 115 146 085 208 117
0029 117 092 158 115 000 000 000 000
0030 119 087 162 113 152 088 205 122
0031 117 085 162 114 153 083 209 125
0032 120 082 162 112 090 104 123 140
0033 119 080 158 112 000 000 000 000
0034 120 076 157 107 000 000 000 000
0035 126 076 161 116 000 000 000 000
0036 119 081 157 118 000 000 000 000
0037 122 085 154 126 000 000 000 000
0038 121 086 155 129 000 000 000 000
0039 121 097 158 135 117 082 152 109
0040 113 082 152 108 123 103 156 136
0041 122 107 164 136 117 081 152 111
0042 115 085 153 114 122 106 165 126
0043 112 092 154 117 143 097 210 129
0044 118 094 156 118 147 091 213 122
0045 119 096 157 117 148 089 212 118
0046 117 095 162 117 148 088 208 120
0047 121 094 160 115 150 087 205 124
0048 123 091 163 114 150 087 203 131
0049 123 087 162 113 000 000 000 000
0050 122 084 158 113 000 000 000 000
0051 122 084 153 114 000 000 000 000
0052 125 082 160 120 000 000 000 000
0053 121 086 152 125 000 000 000 000
0054 119 085 156 128 000 000 000 000
0055 115 088 149 129 121 105 162 148
0056 116 094 146 128 127 118 168 157
0057 127 135 171 168 112 102 139 138
0058 106 117 134 150 142 155 181 189
0059 099 130 129 161 154 172 185 206
0060 162 183 191 219 095 148 120 178
0061 168 191 194 231 091 154 115 189
0062 089 169 114 203 175 196 195 229
0063 089 179 110 211 179 195 196 226
0064 087 181 108 209 175 196 196 229
0065 173 194 195 228 088 190 107 220
0066 171 195 194 229 088 190 106 225
0067 090 189 109 223 170 195 193 233
0068 168 195 193 229 090 190 110 223
0069 170 195 193 229 089 190 109 223
0070 170 195 193 229 088 190 109 223
0071 169 195 194 231 088 190 109 223
0072 170 195 194 231 088 190 109 223
0073 170 195 193 229 088 189 109 223
