0005 064 222 093 239 000 000 000 000
0006 059 203 096 238 000 000 000 000
0007 058 190 099 235 088 205 142 236
0008 058 180 108 227 091 155 140 190
0009 066 169 117 210 078 126 134 161
0010 067 160 119 201 076 117 138 151
0011 076 140 127 178 066 112 124 145
0012 063 121 141 158 000 000 000 000
0013 063 136 126 184 081 111 128 142
0014 066 142 126 189 081 106 128 142
0015 061 143 127 183 079 106 128 143
0016 069 105 126 144 067 142 131 181
0017 069 107 121 142 072 134 141 173
0018 060 114 112 156 105 119 150 150
0019 062 123 114 163 088 102 151 134
0020 069 127 116 165 072 102 145 128
0021 066 127 119 164 064 105 138 136
0022 063 109 137 144 074 126 119 164
0023 067 107 133 159 000 000 000 000
0024 068 105 133 159 000 000 000 000
0025 068 102 135 161 000 000 000 000
0026 067 107 134 170 000 000 000 000
0027 065 129 132 183 070 100 120 137
0028 073 142 135 188 061 097 115 138
0029 080 131 134 174 057 105 105 143
0030 050 113 094 152 085 121 139 161
0031 048 118 096 159 089 100 148 139
0032 047 124 103 163 084 094 142 134
0033 061 125 110 164 073 094 133 129
0034 065 100 130 137 066 128 110 159
0035 062 101 133 156 000 000 000 000
0036 059 101 132 173 000 000 000 000
0037 066 107 133 175 000 000 000 000
0038 063 118 138 189 060 115 109 149
0039 064 147 139 209 058 130 104 165
0040 070 171 138 223 057 149 095 184
0041 078 187 137 238 053 168 102 206
0042 053 201 095 236 098 214 140 236
0043 058 224 096 239 000 000 000 000
