0000 089 215 126 239 025 223 068 239
0001 087 217 125 239 000 000 000 000
0002 088 217 125 239 000 000 000 000
0003 088 218 125 239 000 000 000 000
0004 085 219 125 239 000 000 000 000
0005 087 207 131 238 023 215 065 239
0006 068 162 123 204 041 187 082 232
0007 064 140 116 192 000 000 000 000
0008 072 120 130 165 000 000 000 000
0009 079 106 138 150 000 000 000 000
0010 088 076 139 134 000 000 000 000
0011 095 074 142 131 000 000 000 000
0012 091 070 134 134 000 000 000 000
0013 089 081 137 142 000 000 000 000
0014 085 098 137 148 000 000 000 000
0015 084 104 138 152 000 000 000 000
0016 082 105 140 149 000 000 000 000
0017 078 101 140 142 000 000 000 000
0018 083 086 138 138 000 000 000 000
0019 094 079 137 138 080 086 110 134
0020 081 081 131 139 000 000 000 000
0021 081 086 125 147 000 000 000 000
0022 074 104 124 157 000 000 000 000
0023 077 117 129 166 000 000 000 000
0024 073 120 128 168 000 000 000 000
0025 067 121 129 166 000 000 000 000
0026 074 124 126 170 000 000 000 000
0027 073 132 124 185 000 000 000 000
0028 053 147 101 190 089 170 127 217
0029 086 192 132 234 045 171 089 215
0030 028 202 074 236 087 206 126 237
0031 087 215 121 239 000 000 000 000
0032 085 216 122 239 000 000 000 000
0033 082 214 120 238 000 000 000 000
0034 086 219 121 239 000 000 000 000
0035 084 216 122 239 000 000 000 000
0036 090 210 131 238 000 000 000 000
0037 104 185 143 233 000 000 000 000
