0000 186 196 209 230 108 187 128 218
0001 186 196 208 229 109 187 128 217
0002 108 187 128 216 186 196 209 229
0003 186 196 210 229 108 187 128 216
0004 186 196 209 229 108 187 128 219
0005 185 196 209 228 109 185 130 218
0006 182 195 207 228 111 184 132 215
0007 115 178 137 208 172 187 206 223
0008 168 184 197 218 122 167 145 196
0009 157 172 186 204 125 156 151 184
0010 128 146 159 175 152 152 182 185
0011 128 136 160 163 158 129 190 153
0012 129 130 166 155 143 118 179 143
0013 132 119 170 145 147 112 179 132
0014 131 116 170 139 144 106 180 127
0015 130 109 182 137 140 101 185 121
0016 132 107 184 132 104 120 136 149
0017 132 106 187 130 104 113 144 146
0018 132 105 186 128 103 111 144 143
0019 132 101 190 130 103 109 141 139
0020 139 098 188 125 102 109 147 141
0021 141 098 188 127 106 110 151 140
0022 143 092 184 129 104 109 150 141
0023 140 094 181 129 109 110 154 141
0024 139 100 179 139 112 109 147 141
0025 138 101 178 141 104 109 144 144
0026 134 102 177 139 000 000 000 000
0027 136 099 180 141 105 103 144 138
0028 137 101 179 135 099 106 143 141
0029 134 102 172 124 140 113 183 135
0030 134 103 173 124 162 107 219 141
0031 133 103 171 121 170 107 229 141
0032 136 103 176 122 173 100 231 135
0033 133 106 171 126 171 098 233 132
0034 135 105 177 127 176 094 231 131
0035 101 109 141 139 137 105 177 127
0036 103 111 143 139 138 099 190 127
0037 143 098 185 122 104 110 144 140
0038 104 111 148 141 139 093 189 119
0039 142 095 189 119 105 110 147 141
0040 142 092 187 120 103 110 148 143
0041 144 091 186 124 112 108 154 140
0042 143 090 184 129 112 109 151 142
0043 145 096 181 138 112 111 153 144
0044 141 102 179 141 111 109 147 144
0045 141 103 176 142 138 090 174 117
0046 139 105 178 141 143 092 173 120
0047 105 113 142 147 138 098 173 122
0048 134 100 171 121 144 120 187 139
0049 134 106 167 127 161 107 224 144
0050 133 107 172 128 173 105 233 140
0051 132 109 174 129 182 103 233 142
0052 136 100 191 125 099 111 140 144
0053 104 109 145 140 135 109 174 128
0054 139 105 174 125 105 108 144 145
0055 140 097 192 125 106 112 149 145
0056 106 114 143 147 141 100 186 127
0057 136 098 187 134 112 117 143 147
0058 144 109 188 149 136 105 163 138
0059 152 133 181 165 134 109 161 137
0060 130 116 159 148 156 154 196 193
0061 130 125 159 158 168 174 203 210
0062 127 139 152 171 175 187 206 223
0063 183 194 209 233 123 157 150 190
0064 191 198 211 233 116 168 145 201
0065 192 196 212 230 113 178 138 211
0066 192 196 212 229 114 186 135 210
0067 191 195 212 229 111 187 133 218
0068 190 200 211 232 110 187 131 220
0069 187 194 211 229 109 187 129 220
0070 187 199 210 233 109 188 129 219
0071 186 195 209 230 109 187 130 220
0072 188 200 211 231 109 186 129 219
0073 186 195 209 230 109 185 129 220
0074 188 194 211 230 109 188 129 222
0075 188 195 210 230 108 187 129 223
0076 188 194 210 230 108 188 129 224
0077 188 195 210 229 110 189 128 222
0078 188 195 210 229 110 189 128 221
0079 188 195 210 229 110 189 128 222
0080 188 195 210 229 109 187 129 223
0081 188 195 210 229 109 188 129 222
0082 188 195 210 229 109 187 128 222
0083 189 195 210 229 109 189 128 222
0084 189 196 210 230 109 188 129 222
0085 188 194 210 230 109 187 129 222
0086 188 196 210 230 109 188 129 223
0087 189 196 210 230 109 187 129 222
0088 189 196 210 230 109 189 129 223
0089 188 194 210 230 109 187 129 224
0090 188 195 210 230 110 188 128 221
0091 188 194 210 230 110 188 128 222
0092 188 194 210 230 109 187 128 222
0093 188 196 209 230 109 187 128 222
0094 187 195 209 231 109 189 128 223
0095 187 196 208 231 109 187 128 223
0096 187 196 209 231 108 189 128 224
0097 187 196 209 231 108 189 129 223
0098 188 195 210 230 109 189 129 222
