0000 020 209 059 238 000 000 000 000
0001 021 209 063 237 000 000 000 000
0002 022 206 063 239 000 000 000 000
0003 022 207 067 239 125 214 161 236
0004 021 207 070 239 125 210 165 238
0005 130 208 169 238 029 207 083 239
0006 129 186 170 234 064 203 115 236
0007 126 159 175 208 079 186 136 232
0008 117 148 165 187 096 177 158 213
0009 113 141 169 184 068 160 129 198
0010 114 141 169 181 072 147 124 190
0011 108 133 170 182 000 000 000 000
0012 106 131 169 186 000 000 000 000
0013 109 133 157 186 000 000 000 000
0014 110 138 160 193 000 000 000 000
0015 103 143 168 187 000 000 000 000
0016 107 135 160 193 000 000 000 000
0017 103 137 168 187 000 000 000 000
0018 105 142 167 193 000 000 000 000
0019 107 145 167 196 000 000 000 000
0020 105 145 170 199 075 145 135 192
0021 101 148 168 194 067 147 129 189
0022 102 144 163 195 000 000 000 000
0023 091 152 158 195 000 000 000 000
0024 083 169 139 213 115 182 167 228
0025 126 205 164 237 069 193 121 234
0026 024 202 077 234 000 000 000 000
0027 023 206 060 236 134 222 164 239
0028 021 206 062 236 000 000 000 000
0029 023 206 060 236 000 000 000 000
0030 021 207 060 236 136 220 161 239
0031 017 209 061 236 000 000 000 000
0032 018 212 060 236 136 220 161 239
