0000 117 179 140 213 193 176 213 211
0001 118 179 140 213 194 175 213 210
0002 119 179 141 212 193 175 211 208
0003 119 180 142 214 194 176 213 211
0004 120 179 142 212 193 175 211 207
0005 120 180 142 213 192 175 210 207
0006 120 178 142 211 194 176 213 210
0007 121 176 142 210 197 173 215 207
0008 122 171 146 204 204 162 225 189
0009 124 151 145 179 210 139 231 160
0010 119 118 140 145 219 097 236 131
0011 213 072 233 104 121 083 144 118
0012 125 054 149 091 206 050 227 090
0013 200 041 223 082 126 046 146 081
0014 133 038 151 075 195 040 220 078
0015 132 038 151 073 194 038 217 072
0016 133 038 153 071 187 042 220 078
0017 133 037 153 072 188 039 214 071
0018 193 037 220 074 132 036 152 071
0019 202 028 226 068 131 032 148 069
0020 202 028 227 068 128 023 151 066
0021 127 022 151 065 202 028 227 068
0022 202 028 228 068 128 022 152 064
0023 128 022 151 063 196 026 234 069
0024 127 022 151 065 204 028 228 068
0025 127 022 151 064 204 028 228 069
0026 127 022 151 065 204 028 229 069
0027 127 022 151 065 204 028 229 069
0028 202 031 225 069 128 022 148 064
0029 123 045 146 081 197 054 222 087
0030 193 079 222 112 123 061 146 094
0031 195 092 221 124 124 074 149 109
0032 123 104 148 129 199 119 218 145
0033 124 131 148 156 203 148 223 174
0034 122 155 144 180 204 161 223 191
0035 119 168 143 199 201 169 220 202
0036 119 176 141 211 198 175 217 210
0037 119 180 140 211 197 175 217 209
0038 120 180 140 210 201 175 219 210
0039 120 180 139 210 201 177 219 209
0040 119 180 139 210 201 177 219 209
0041 121 180 140 211 200 176 217 205
0042 121 179 142 210 197 175 218 209
