0004 174 218 198 239 074 218 090 239
0005 059 179 083 205 176 173 197 208
0006 061 112 085 148 173 110 197 144
0007 068 069 095 108 170 059 194 107
0008 076 046 101 083 169 041 192 086
0009 082 032 108 071 164 028 187 070
0010 086 027 113 062 168 025 190 065
0011 087 019 113 058 168 018 191 062
0012 089 016 114 053 168 013 191 058
0013 092 016 118 053 166 012 190 055
0014 165 014 189 056 093 016 120 053
0015 165 013 189 056 093 016 120 053
0016 166 014 189 057 093 015 119 054
0017 166 014 190 057 093 015 119 054
0018 093 017 118 054 166 014 189 057
0019 092 017 117 054 166 015 189 057
0020 092 016 118 055 166 015 190 059
0021 091 021 118 061 164 017 190 062
0022 167 031 196 076 087 034 114 074
0023 081 060 108 097 172 052 204 103
0024 074 092 099 133 172 096 208 136
0025 174 144 203 181 070 143 092 179
0026 172 185 199 229 070 188 100 215
0027 073 207 096 236 175 213 197 239
0028 171 223 192 239 069 218 099 239
0029 169 224 191 239 000 000 000 000
0031 170 225 196 239 000 000 000 000
