0000 180 200 196 234 112 199 132 235
0001 181 199 197 234 114 199 134 234
0002 181 201 198 234 114 199 134 233
0003 182 205 201 236 112 196 132 234
0004 115 198 134 232 189 204 212 236
0005 115 199 134 232 197 185 219 223
0006 198 156 233 189 116 198 134 229
0007 205 107 238 150 113 197 134 232
0008 203 060 231 097 114 199 135 234
0009 193 042 225 086 115 199 135 234
0010 188 040 216 081 113 200 134 235
0011 183 040 210 080 114 200 134 231
0012 114 199 135 231 184 043 208 080
0013 114 196 134 231 184 044 208 081
0014 113 196 134 232 185 043 208 079
0015 116 199 135 233 179 039 203 074
0016 114 197 133 230 185 041 208 079
0017 179 038 205 076 113 194 132 227
0018 184 040 211 082 116 197 135 232
0019 117 194 137 234 183 040 208 075
0020 114 195 135 231 179 038 204 070
0021 114 195 135 230 186 042 209 077
0022 187 042 215 085 114 196 135 232
0023 196 054 223 103 112 201 131 236
0024 109 201 126 231 205 120 240 164
0025 106 199 125 233 212 190 232 222
0026 186 207 215 237 108 203 126 235
0027 173 206 196 239 000 000 000 000
0028 107 199 133 235 179 200 198 232
0029 180 199 200 231 000 000 000 000
0030 181 201 200 232 109 204 133 234
0031 181 201 199 231 111 201 133 235
0032 181 201 199 231 000 000 000 000
0033 180 201 199 231 000 000 000 000
