0003 090 215 142 239 000 000 000 000
0004 098 120 166 231 000 000 000 000
0005 102 075 167 204 000 000 000 000
0006 101 063 166 193 000 000 000 000
0007 101 062 166 189 000 000 000 000
0008 101 057 167 188 000 000 000 000
0009 101 058 167 192 000 000 000 000
0010 099 060 170 193 049 100 091 148
0011 104 063 172 196 000 000 000 000
0012 102 062 172 195 000 000 000 000
0013 103 062 173 192 000 000 000 000
0014 103 062 172 194 000 000 000 000
0015 100 063 172 186 000 000 000 000
0016 105 078 168 189 000 000 000 000
0017 086 160 164 237 000 000 000 000
