0013 150 211 208 239 000 000 000 000
0014 159 164 223 221 000 000 000 000
0015 165 126 233 187 000 000 000 000
0016 171 099 233 171 000 000 000 000
0017 173 086 233 159 000 000 000 000
0018 175 078 233 150 000 000 000 000
0019 174 069 232 142 000 000 000 000
0020 175 062 237 138 000 000 000 000
0021 172 062 229 136 000 000 000 000
0022 171 060 227 132 000 000 000 000
0023 171 057 228 132 000 000 000 000
0024 173 059 229 129 000 000 000 000
0025 168 057 227 134 000 000 000 000
0026 168 058 227 134 000 000 000 000
0027 168 060 227 134 000 000 000 000
0028 167 059 227 134 000 000 000 000
0029 167 057 226 134 000 000 000 000
0030 167 057 226 134 000 000 000 000
0031 167 058 225 135 000 000 000 000
0032 167 060 223 133 000 000 000 000
0033 167 060 224 135 000 000 000 000
0034 167 062 223 137 000 000 000 000
0035 165 066 222 141 000 000 000 000
0036 167 072 221 146 000 000 000 000
0037 162 079 222 154 000 000 000 000
0038 159 104 220 167 000 000 000 000
0039 149 143 207 194 000 000 000 000
0040 139 182 190 239 000 000 000 000
0041 117 205 161 237 000 000 000 000
