0006 118 212 159 239 000 000 000 000
0007 141 172 204 227 000 000 000 000
0008 172 117 230 173 000 000 000 000
0009 182 070 237 135 000 000 000 000
0010 179 044 236 116 000 000 000 000
0011 183 029 236 100 000 000 000 000
0012 183 029 235 100 000 000 000 000
0013 183 028 233 099 000 000 000 000
0014 180 028 233 097 000 000 000 000
0015 178 027 234 097 000 000 000 000
0016 177 026 234 098 000 000 000 000
0017 174 023 230 100 000 000 000 000
0018 172 028 231 099 000 000 000 000
0019 174 025 229 098 000 000 000 000
0020 172 025 230 100 000 000 000 000
0021 173 026 230 099 000 000 000 000
0022 173 028 230 101 000 000 000 000
0023 173 026 230 101 000 000 000 000
0024 174 029 231 102 000 000 000 000
0025 174 027 231 102 000 000 000 000
0026 174 027 231 102 000 000 000 000
0027 174 029 231 103 000 000 000 000
0028 175 030 231 103 000 000 000 000
0029 175 029 232 102 000 000 000 000
0030 176 031 231 102 000 000 000 000
0031 178 035 235 104 000 000 000 000
0032 176 047 232 114 000 000 000 000
0033 171 089 227 146 000 000 000 000
0034 159 166 199 235 000 000 000 000
0035 120 203 162 235 000 000 000 000
