0003 196 215 218 239 000 000 000 000
0004 220 137 251 170 000 000 000 000
0005 212 076 240 114 000 000 000 000
0006 194 057 221 102 000 000 000 000
0007 187 054 216 098 000 000 000 000
0008 186 052 216 098 000 000 000 000
0009 185 054 214 098 000 000 000 000
0010 185 053 214 098 000 000 000 000
0011 184 053 214 097 000 000 000 000
0012 186 053 215 098 000 000 000 000
0013 184 052 215 099 000 000 000 000
0014 184 051 215 098 000 000 000 000
0015 182 049 212 097 000 000 000 000
0016 182 049 213 097 000 000 000 000
0017 181 047 218 098 000 000 000 000
0018 181 048 219 098 000 000 000 000
0019 180 048 220 099 000 000 000 000
0020 187 049 218 098 000 000 000 000
0021 187 049 218 098 000 000 000 000
0022 187 049 218 098 000 000 000 000
0023 183 048 214 098 000 000 000 000
0024 183 054 214 102 000 000 000 000
0025 190 104 223 132 000 000 000 000
0026 192 163 223 204 000 000 000 000
0027 182 219 204 239 000 000 000 000
0029 176 224 194 239 000 000 000 000
0030 173 221 196 239 000 000 000 000
