0001 200 198 238 226 000 000 000 000
0002 195 129 243 180 000 000 000 000
0003 201 072 233 130 000 000 000 000
0004 198 057 228 106 000 000 000 000
0005 197 056 227 106 000 000 000 000
0006 198 057 229 109 000 000 000 000
0007 199 059 229 106 000 000 000 000
0008 198 058 228 109 000 000 000 000
0009 199 059 228 110 000 000 000 000
0010 198 059 228 106 000 000 000 000
0011 195 055 225 109 000 000 000 000
0012 197 061 228 114 000 000 000 000
0013 202 083 233 137 000 000 000 000
0014 195 139 241 191 000 000 000 000
