0000 098 176 115 201 164 175 179 204
0001 098 175 115 201 164 176 179 204
0002 098 175 115 201 164 176 179 204
0003 098 173 116 197 164 176 179 204
0004 099 175 115 200 164 176 179 204
0005 099 175 116 201 163 176 179 205
0006 097 180 116 197 164 176 180 209
0007 098 175 115 201 165 165 181 196
0008 167 130 188 156 097 176 115 202
0009 168 095 191 135 096 171 115 198
0010 168 048 192 086 097 176 115 202
0011 169 038 194 077 097 176 115 202
0012 168 031 192 070 097 173 115 197
0013 167 031 190 068 098 177 115 201
0014 165 030 189 068 097 176 115 202
0015 164 028 190 069 099 173 115 197
0016 165 027 191 069 097 176 115 202
0017 165 027 190 068 096 174 115 198
0018 166 028 190 069 097 177 115 202
0019 167 028 192 069 097 176 115 202
0020 169 030 192 068 097 176 115 203
0021 168 033 193 076 096 173 114 198
0022 168 054 193 094 097 175 116 202
0023 097 172 116 197 169 107 190 132
0024 170 126 188 157 098 172 115 197
0025 169 160 187 196 099 177 116 201
0026 169 172 188 205 099 175 116 200
0027 098 174 114 200 169 175 187 208
0028 100 177 115 199 168 179 184 209
0029 099 172 116 197 170 176 186 206
0030 099 172 116 197 170 175 185 206
0031 099 172 116 197 170 175 185 207
0032 169 177 186 204 098 174 116 200
