0000 096 194 115 226 182 184 206 223
0001 097 195 115 226 280 163 309 226
0002 097 196 115 226 182 184 206 220
0003 097 195 115 226 183 187 204 224
0004 188 190 226 226 098 195 116 223
0005 098 195 115 224 284 159 309 230
0006 097 195 115 224 285 161 308 229
0007 211 101 250 130 096 195 114 225
0008 285 162 311 230 096 195 114 225
0009 208 042 233 083 285 161 310 231
0010 199 030 226 072 285 162 310 231
0011 191 023 220 066 095 195 113 224
0012 187 019 216 061 096 194 113 223
0013 186 018 215 062 096 194 113 223
0014 187 017 215 061 096 194 113 223
0015 187 019 215 061 099 195 115 224
0016 187 019 216 062 096 195 113 223
0017 188 021 217 065 096 195 116 223
0018 188 022 216 062 284 162 315 230
0019 189 021 216 061 098 195 115 224
0020 190 021 215 063 095 195 112 223
0021 190 022 217 066 095 195 112 224
0022 188 022 218 066 095 195 113 223
0023 189 022 218 068 098 194 115 224
0024 188 023 218 068 098 193 118 226
0025 188 021 218 067 098 195 115 224
0026 188 022 217 068 099 194 115 224
0027 190 021 221 068 099 194 115 223
0028 193 020 222 069 096 194 113 219
0029 191 027 222 074 096 193 113 223
0030 189 044 214 081 097 194 114 223
0031 173 075 204 107 097 192 114 224
0032 169 104 195 129 099 195 116 224
0033 162 135 196 168 100 193 117 224
0034 173 164 202 199 099 194 117 224
0035 099 193 116 223 180 181 204 215
0036 097 193 115 224 184 190 204 223
0037 096 194 115 225 184 191 201 224
0038 096 194 114 225 182 190 203 224
0039 096 195 114 226 183 189 204 226
