0000 202 214 222 237 113 205 134 235
0001 199 214 225 239 113 205 139 237
0002 202 215 222 238 111 204 138 237
0003 200 217 222 239 111 206 137 237
0004 200 217 222 239 112 206 137 237
0005 200 217 222 239 111 205 137 237
0006 202 214 221 237 111 206 137 237
0007 199 213 226 239 111 205 137 237
0008 202 215 225 239 110 205 137 237
0009 202 207 224 237 110 205 137 237
0010 207 188 229 232 111 204 138 237
0011 204 144 228 177 111 206 138 237
0012 202 090 226 134 109 206 135 237
0013 194 078 221 117 109 207 134 237
0014 187 076 215 113 109 206 136 238
0015 188 075 216 111 112 208 133 238
0016 189 075 216 110 107 207 134 237
0017 184 074 220 111 108 203 136 236
0018 184 073 220 111 108 204 136 237
0019 188 074 214 106 106 205 134 236
0020 188 074 214 107 106 204 134 236
0021 188 074 214 107 106 204 134 235
0022 189 077 213 113 106 205 134 236
0023 194 085 219 132 110 206 138 238
0024 195 175 221 227 113 208 133 236
0025 192 207 217 239 111 209 132 236
0026 194 210 216 235 111 208 131 237
