0000 165 177 181 199 096 172 119 199
0001 165 178 181 200 094 172 117 199
0002 166 175 182 205 101 175 117 196
0003 166 175 182 205 102 176 118 197
0004 164 178 182 200 100 177 116 195
0005 166 175 182 200 100 173 116 199
0006 163 166 180 198 100 179 116 197
0007 169 124 191 148 100 179 116 198
0008 174 085 200 120 100 179 116 197
0009 175 051 201 094 100 179 116 196
0010 174 041 201 082 100 179 116 196
0011 171 035 195 070 100 176 116 198
0012 169 034 195 070 095 172 117 199
0013 168 034 196 068 095 172 117 199
0014 168 034 196 068 100 177 116 201
0015 168 034 195 068 101 174 118 193
0016 169 034 196 070 101 174 118 193
0017 170 033 197 075 101 174 117 194
0018 169 040 194 083 095 174 117 200
0019 171 073 195 107 100 173 116 199
0020 171 119 192 146 094 173 117 200
0021 172 150 190 184 095 173 117 200
0022 172 168 191 203 101 177 117 198
0023 172 176 189 207 100 177 116 202
0024 173 176 188 206 100 172 116 198
0025 172 179 187 203 100 172 116 199
