0000 071 151 125 195 154 176 200 227
0001 071 151 125 195 155 174 200 227
0002 072 151 124 196 155 175 200 226
0003 073 152 124 196 161 170 198 225
0004 072 151 124 196 163 171 205 219
0005 072 151 124 196 165 161 203 201
0006 072 152 124 196 172 141 210 189
0007 071 150 124 195 178 115 216 174
0008 072 151 124 196 183 097 222 164
0009 072 151 125 196 188 080 229 150
0010 072 151 124 196 189 073 228 142
0011 072 151 124 197 195 070 234 131
0012 072 151 124 197 192 061 240 126
0013 072 152 124 196 197 061 235 127
0014 199 057 246 123 072 151 124 195
0015 200 055 246 120 072 153 123 196
0016 201 055 246 119 072 151 124 197
0017 202 057 244 120 072 151 124 196
0018 200 054 248 120 069 151 124 196
0019 067 151 123 196 201 056 241 119
0020 202 055 242 118 071 153 123 198
0021 201 055 242 120 072 152 124 195
0022 203 052 242 116 073 152 124 196
0023 203 052 242 114 073 152 125 195
0024 199 054 247 119 072 152 124 198
0025 199 054 247 118 072 152 125 200
0026 198 056 245 120 072 152 124 200
0027 198 057 236 121 072 152 125 200
0028 185 074 227 135 073 152 125 200
0029 072 152 125 200 175 095 214 154
0030 072 153 124 200 150 131 204 172
0031 072 153 124 200 145 156 199 204
0032 071 153 124 200 147 172 195 225
0033 072 153 125 200 150 177 193 228
0034 071 153 125 200 148 173 198 225
0035 072 153 125 200 152 175 196 230
0036 071 153 125 200 152 175 196 230
0037 071 152 125 200 152 175 197 231
