0000 094 209 124 235 184 201 217 233
0001 183 201 217 233 098 213 123 236
0002 183 196 211 232 098 213 121 236
0003 179 189 205 221 099 212 121 236
0004 154 155 196 187 099 213 121 236
0005 137 109 175 133 098 212 121 236
0006 135 094 168 117 097 212 122 236
0007 139 087 167 113 097 212 122 237
0008 139 087 167 114 094 210 119 236
0009 139 087 165 112 093 209 117 235
0010 139 086 172 112 093 210 118 236
0011 161 082 195 108 094 210 119 236
0012 183 079 210 106 092 206 123 236
0013 183 081 210 108 089 206 124 238
0014 182 082 210 108 091 207 124 238
0015 184 080 207 109 093 211 119 236
0016 182 085 207 110 091 208 125 238
0017 184 081 207 109 092 209 125 238
0018 181 082 208 113 092 209 125 238
0019 187 091 216 123 095 210 124 235
0020 196 131 222 165 093 212 119 236
0021 196 178 221 207 097 213 123 239
0022 190 192 215 228 097 214 123 239
0023 183 196 219 233 096 214 123 239
0024 187 199 211 232 092 212 119 237
0025 181 201 212 233 093 212 120 237
0026 187 199 213 232 093 211 120 237
0027 185 202 211 235 093 211 119 237
0028 183 200 209 234 093 211 120 237
0029 184 201 210 234 094 212 120 237
