0000 131 150 157 172 193 218 215 239
0001 130 150 156 171 193 218 215 239
0002 133 151 156 175 195 220 218 239
0003 130 149 156 171 195 219 218 239
0004 130 149 156 171 195 219 218 239
0005 133 151 157 175 195 219 218 239
0006 131 149 156 172 195 219 218 239
0007 131 149 155 171 194 212 217 237
0008 174 184 206 232 127 149 153 173
0009 125 152 149 172 154 130 204 155
0010 127 150 152 173 143 103 187 122
0011 133 093 183 115 130 150 155 173
0012 134 150 155 174 139 093 176 113
0013 131 150 155 172 150 093 187 111
0014 130 149 153 171 152 087 197 112
0015 126 149 151 172 167 088 209 108
0016 171 090 210 107 127 148 152 172
0017 126 147 153 172 168 097 213 118
0018 129 145 153 169 171 112 214 138
0019 176 146 213 189 127 144 151 168
0020 130 145 154 168 193 189 224 237
0021 131 147 153 170 187 204 219 237
0022 130 148 156 170 187 209 217 239
0023 131 148 154 170 192 216 215 239
