0000 107 162 138 185 150 198 173 230
0001 102 178 128 212 151 198 173 230
0002 093 194 118 230 150 196 173 229
0003 085 201 107 236 152 195 174 227
0004 077 201 100 236 151 196 174 230
0005 078 196 101 232 153 196 176 230
0006 076 196 100 232 153 196 176 230
0007 073 198 096 232 153 197 176 231
0008 072 197 096 234 153 197 177 230
0009 075 199 097 236 154 200 173 228
0010 079 201 100 235 151 197 175 232
0011 151 201 176 235 078 203 100 236
0012 146 194 172 227 082 198 103 234
0013 080 200 103 238 133 170 173 203
0014 120 148 170 179 079 199 102 235
0015 078 200 100 236 123 119 165 145
0016 118 100 164 128 078 201 101 238
0017 117 099 161 123 077 199 100 237
0018 118 096 160 123 079 199 099 234
0019 117 096 160 123 079 196 101 232
0020 118 100 162 123 078 200 099 234
0021 076 199 098 234 128 091 181 118
0022 076 202 099 238 160 091 195 117
0023 074 200 096 234 000 000 000 000
0024 070 199 093 235 217 102 237 139
0025 067 199 092 236 215 108 238 146
0026 066 201 088 233 000 000 000 000
0027 068 198 093 235 215 122 241 149
0028 072 199 094 232 000 000 000 000
0029 074 199 096 234 000 000 000 000
0030 077 197 097 232 000 000 000 000
0031 080 198 100 234 209 167 228 197
0032 081 197 100 230 193 191 209 222
0033 080 198 100 232 167 200 187 229
0034 077 197 099 235 000 000 000 000
0035 078 198 101 236 156 194 177 228
0036 152 196 176 230 078 199 101 237
0037 153 196 178 231 079 199 102 235
0038 080 198 101 234 152 196 177 231
0039 081 197 102 231 151 196 177 232
0040 086 194 107 228 152 198 175 232
0041 092 187 115 224 150 199 174 231
0042 099 185 121 217 151 199 174 233
0043 151 197 175 230 101 174 124 204
0044 105 165 131 195 153 200 175 228
