0000 096 217 113 238 156 223 177 239
0001 156 220 178 239 095 213 118 239
0002 154 223 177 239 094 213 118 239
0003 154 222 177 238 094 213 118 239
0004 155 221 178 238 094 219 112 237
0005 155 221 179 239 094 218 111 236
0006 155 217 178 235 094 218 111 237
0007 151 214 177 238 095 218 112 238
0008 141 207 171 235 096 216 113 238
0009 126 176 161 205 095 218 112 236
0010 109 132 132 154 095 219 112 239
0011 102 113 136 131 094 214 113 238
0012 115 111 145 128 092 215 112 237
0013 121 110 159 127 090 215 112 239
0014 138 111 176 131 089 215 110 239
0015 159 109 190 129 088 214 107 236
0016 155 108 188 129 087 213 106 235
0017 120 109 156 128 086 214 105 235
0018 116 112 153 135 084 214 107 239
0019 118 106 154 126 083 210 111 238
0020 085 211 112 239 140 111 176 133
0021 091 213 111 239 155 112 185 133
0022 159 118 184 142 089 219 109 239
0023 147 126 175 156 090 219 110 239
0024 139 164 172 196 090 215 109 239
0025 148 204 177 239 091 217 110 239
0026 155 210 181 239 094 221 113 239
0027 157 218 182 239 093 217 113 237
0028 093 221 112 239 161 218 183 238
0029 161 220 183 239 093 222 112 239
