0003 164 194 190 239 000 000 000 000
0004 110 106 166 138 000 000 000 000
0005 094 087 151 112 000 000 000 000
0006 093 087 145 112 000 000 000 000
0007 092 087 143 110 000 000 000 000
0008 093 086 143 111 000 000 000 000
0009 087 087 142 113 000 000 000 000
0010 091 087 143 111 000 000 000 000
0011 090 085 142 111 000 000 000 000
0012 093 084 142 110 000 000 000 000
0013 092 084 143 110 000 000 000 000
0014 090 084 140 110 000 000 000 000
0015 090 084 141 109 000 000 000 000
0016 093 085 141 110 000 000 000 000
0017 090 096 146 119 000 000 000 000
0018 096 131 154 181 000 000 000 000
0019 124 209 159 238 000 000 000 000
