0000 117 165 143 199 187 223 211 239
0001 117 165 143 199 187 223 211 239
0002 117 165 143 198 188 221 211 238
0003 117 165 143 198 187 223 211 239
0004 117 164 143 198 189 223 212 239
0005 117 164 144 198 188 223 212 239
0006 187 214 212 239 117 164 143 198
0007 163 182 200 227 118 165 144 198
0008 118 165 145 197 142 141 181 162
0009 119 164 146 197 150 115 199 152
0010 119 164 145 196 138 098 175 115
0011 119 164 145 197 150 097 194 119
0012 172 093 210 114 118 164 144 196
0013 171 096 210 113 118 164 143 196
0014 115 161 140 192 169 099 208 121
0015 118 163 143 192 157 107 208 138
0016 164 141 205 176 118 159 145 192
0017 182 196 212 235 118 159 145 191
0018 118 159 144 189 186 214 206 239
0019 119 159 144 190 184 217 209 239
0020 118 159 144 190 189 216 211 239
