0005 125 207 170 239 000 000 000 000
0006 146 152 202 206 000 000 000 000
0007 152 129 213 188 000 000 000 000
0008 160 095 221 154 000 000 000 000
0009 166 075 226 135 000 000 000 000
0010 171 060 229 122 000 000 000 000
0011 172 054 232 114 000 000 000 000
0012 177 049 234 111 000 000 000 000
0013 180 048 241 109 000 000 000 000
0014 180 045 238 110 000 000 000 000
0015 178 045 239 108 000 000 000 000
0016 179 049 238 112 000 000 000 000
0017 178 051 237 114 000 000 000 000
0018 178 048 236 111 000 000 000 000
0019 178 049 235 112 000 000 000 000
0020 178 049 235 111 000 000 000 000
0021 180 049 237 115 000 000 000 000
0022 178 052 233 115 000 000 000 000
0023 171 058 220 118 000 000 000 000
0024 157 073 204 131 000 000 000 000
0025 142 105 185 158 000 000 000 000
0026 130 141 173 192 000 000 000 000
0027 117 181 158 233 000 000 000 000
0028 106 224 136 239 000 000 000 000
