0004 183 224 221 239 000 000 000 000
0005 162 205 220 239 000 000 000 000
0006 157 190 214 232 000 000 000 000
0007 150 171 210 216 000 000 000 000
0008 143 153 205 195 000 000 000 000
0009 138 142 201 182 000 000 000 000
0010 135 135 201 176 000 000 000 000
0011 136 134 196 175 000 000 000 000
0012 137 134 200 176 000 000 000 000
0013 138 136 200 176 000 000 000 000
0014 138 137 200 176 000 000 000 000
0015 136 136 200 176 000 000 000 000
0016 134 136 200 175 000 000 000 000
0017 136 136 201 175 000 000 000 000
0018 135 136 201 175 000 000 000 000
0019 135 136 200 175 000 000 000 000
0020 137 136 201 177 000 000 000 000
0021 137 137 200 175 000 000 000 000
0022 137 136 201 177 000 000 000 000
0023 134 137 199 175 000 000 000 000
0024 135 135 201 177 000 000 000 000
0025 134 136 200 177 000 000 000 000
0026 132 136 199 175 000 000 000 000
0027 132 136 199 175 000 000 000 000
0028 132 136 199 175 000 000 000 000
0029 132 136 199 175 000 000 000 000
0030 133 136 202 177 000 000 000 000
0031 134 137 202 178 000 000 000 000
0032 133 137 201 177 000 000 000 000
0033 135 137 200 177 000 000 000 000
0034 134 137 200 177 000 000 000 000
0035 130 139 201 179 000 000 000 000
0036 137 151 200 196 000 000 000 000
0037 145 176 207 227 000 000 000 000
0038 155 197 210 238 000 000 000 000
0039 188 224 217 239 000 000 000 000
