0046 116 203 177 238 000 000 000 000
0047 112 156 174 212 000 000 000 000
0048 111 116 165 176 000 000 000 000
0049 107 104 162 163 000 000 000 000
0050 106 099 164 161 000 000 000 000
0051 103 097 160 156 000 000 000 000
0052 100 099 161 152 000 000 000 000
0053 099 093 159 149 000 000 000 000
0054 097 096 163 150 000 000 000 000
0055 098 099 163 149 000 000 000 000
0056 099 099 161 148 000 000 000 000
0057 096 096 161 145 000 000 000 000
0058 095 101 164 147 000 000 000 000
0059 097 102 163 146 000 000 000 000
0060 095 099 157 145 000 000 000 000
0061 095 102 165 144 000 000 000 000
0062 092 100 162 143 000 000 000 000
0063 094 100 164 142 000 000 000 000
0064 093 102 163 145 000 000 000 000
0065 089 103 163 143 000 000 000 000
0066 096 099 163 142 000 000 000 000
0067 095 100 162 144 000 000 000 000
0068 095 093 159 146 000 000 000 000
0069 096 093 157 145 000 000 000 000
0070 098 100 162 144 000 000 000 000
0071 098 100 163 145 000 000 000 000
0072 095 092 157 146 000 000 000 000
0073 095 091 157 146 000 000 000 000
0074 098 100 163 144 000 000 000 000
0075 094 094 156 147 000 000 000 000
0076 095 094 157 145 000 000 000 000
0077 095 102 164 144 000 000 000 000
0078 095 102 164 143 000 000 000 000
0079 095 105 165 142 200 024 222 049
0080 094 105 163 143 000 000 000 000
0081 090 103 162 142 000 000 000 000
0082 094 105 163 142 000 000 000 000
0083 088 103 160 144 000 000 000 000
0084 090 105 163 144 000 000 000 000
0085 089 105 163 145 000 000 000 000
0086 087 106 162 145 000 000 000 000
0087 094 104 163 145 000 000 000 000
0088 087 107 163 146 000 000 000 000
0089 088 107 163 145 000 000 000 000
0090 089 106 162 145 000 000 000 000
0091 094 107 161 145 000 000 000 000
0092 093 108 162 146 000 000 000 000
0093 093 108 162 146 000 000 000 000
0094 093 108 162 146 000 000 000 000
0095 092 108 162 146 000 000 000 000
0096 092 108 162 146 000 000 000 000
0097 089 105 162 146 000 000 000 000
0098 090 108 162 147 000 000 000 000
0099 091 104 161 149 000 000 000 000
0100 091 103 161 148 000 000 000 000
0101 091 104 161 149 000 000 000 000
0102 092 105 160 148 000 000 000 000
0103 094 106 164 145 000 000 000 000
0104 103 115 171 155 000 000 000 000
0105 114 138 175 184 000 000 000 000
0106 120 168 181 221 000 000 000 000
0107 135 209 190 239 000 000 000 000
0108 168 200 208 235 000 000 000 000
