0002 128 218 178 239 000 000 000 000
0003 124 180 189 236 000 000 000 000
0004 136 129 198 183 000 000 000 000
0005 140 105 197 156 000 000 000 000
0006 138 067 191 125 000 000 000 000
0007 136 061 200 115 000 000 000 000
0008 137 054 195 109 000 000 000 000
0009 141 052 196 108 000 000 000 000
0010 142 050 197 107 000 000 000 000
0011 142 049 198 108 000 000 000 000
0012 140 049 196 110 000 000 000 000
0013 141 049 196 109 000 000 000 000
0014 141 050 197 109 000 000 000 000
0015 142 051 196 109 000 000 000 000
0016 142 051 197 106 000 000 000 000
0017 142 051 196 106 000 000 000 000
0018 141 056 199 111 000 000 000 000
0019 141 068 189 121 000 000 000 000
0020 131 098 186 154 000 000 000 000
0021 124 131 174 184 000 000 000 000
0022 112 185 163 234 000 000 000 000
0023 108 216 156 236 000 000 000 000
