0000 078 203 121 237 143 208 190 238
0001 078 202 121 236 142 208 190 239
0002 078 202 121 236 144 208 189 238
0003 078 202 122 236 144 208 190 238
0004 078 202 122 236 142 210 189 239
0005 078 202 122 236 143 210 189 239
0006 078 202 122 236 144 207 189 238
0007 078 202 122 236 144 208 190 238
0008 078 202 122 236 145 208 189 237
0009 078 202 122 236 142 208 192 237
0010 140 197 190 239 078 202 122 236
0011 137 186 191 236 078 202 121 236
0012 135 172 190 228 079 203 121 236
0013 134 163 191 217 080 202 121 236
0014 128 153 192 200 080 203 120 236
0015 127 138 190 184 079 201 120 236
0016 125 131 187 176 079 201 120 236
0017 131 124 184 168 079 202 120 236
0018 079 201 121 236 134 118 184 164
0019 079 201 120 236 130 115 179 161
0020 079 201 120 236 129 113 179 160
0021 128 114 179 163 079 203 120 237
0022 125 114 181 162 079 203 120 237
0023 125 115 180 163 079 203 120 237
0024 125 116 182 164 079 203 120 236
0025 123 120 181 164 079 204 120 237
0026 123 122 181 163 078 202 121 236
0027 123 120 181 163 078 202 121 236
0028 123 119 182 166 078 202 121 236
0029 124 117 182 166 078 202 121 236
0030 124 117 183 167 078 201 121 236
0031 125 116 183 167 078 201 121 236
0032 125 115 182 166 078 202 122 236
0033 125 114 184 166 078 202 121 236
0034 126 113 182 164 079 202 121 236
0035 124 112 182 165 078 202 121 236
0036 124 111 182 162 078 202 121 236
0037 125 112 182 162 079 202 121 236
0038 126 111 181 164 079 202 121 236
0039 126 107 181 162 079 202 121 236
0040 126 106 181 161 079 202 121 236
0041 126 105 181 161 079 202 121 236
0042 125 106 181 160 079 202 120 236
0043 125 106 180 159 079 203 121 236
0044 124 104 180 159 079 203 121 236
0045 125 104 181 158 079 203 121 236
0046 124 104 181 159 079 203 121 236
0047 124 105 181 158 079 203 121 236
0048 124 105 181 159 079 203 121 236
0049 079 203 120 236 122 106 180 159
0050 079 203 121 236 122 106 180 159
0051 126 106 180 159 079 203 120 236
0052 123 105 179 158 079 203 121 236
0053 123 104 179 158 079 203 121 236
0054 124 103 179 158 079 203 121 236
0055 125 103 179 159 079 203 120 236
0056 125 101 179 158 079 203 121 236
0057 125 101 179 159 079 203 121 236
0058 124 100 178 157 079 203 121 236
0059 124 099 178 157 079 203 121 236
0060 124 097 178 157 079 203 121 236
0061 126 098 178 156 078 202 120 236
0062 124 099 179 156 078 201 121 236
0063 127 100 179 156 079 203 120 237
0064 124 099 181 158 079 203 120 237
0065 124 100 180 158 078 202 121 236
0066 078 202 121 236 124 102 180 158
0067 124 102 181 158 078 201 121 236
0068 124 102 181 158 078 201 121 236
0069 124 103 182 158 078 201 121 236
0070 125 104 181 159 078 203 120 237
0071 126 107 179 164 078 203 120 237
0072 126 127 183 173 078 203 120 236
0073 079 202 122 236 119 152 186 200
0074 132 196 184 237 079 202 120 237
0075 079 202 122 237 151 213 194 239
0076 079 203 121 237 151 211 190 239
0077 079 203 122 237 154 214 186 239
0078 079 203 121 237 151 213 190 238
0079 079 203 121 236 151 214 189 237
0080 079 203 122 237 151 214 190 238
0081 079 203 122 237 151 214 190 238
0082 080 203 122 237 151 212 190 239
0083 080 203 121 237 151 214 190 238
0084 080 203 121 237 151 214 190 238
