0009 176 201 230 238 000 000 000 000
0010 189 173 248 219 000 000 000 000
0011 206 127 259 181 000 000 000 000
0012 215 101 266 158 000 000 000 000
0013 219 085 270 143 000 000 000 000
0014 221 078 272 143 000 000 000 000
0015 222 093 272 144 000 000 000 000
0016 228 105 276 146 000 000 000 000
0017 219 119 273 157 000 000 000 000
0018 212 127 265 174 000 000 000 000
0019 211 131 261 194 000 000 000 000
0020 214 127 259 192 000 000 000 000
0021 217 126 266 169 000 000 000 000
0022 217 126 274 162 000 000 000 000
0023 227 111 281 156 222 111 245 152
0024 228 104 281 153 000 000 000 000
0025 234 094 287 148 000 000 000 000
0026 229 100 284 151 000 000 000 000
0027 232 101 283 151 000 000 000 000
0028 230 119 287 155 000 000 000 000
0029 225 124 279 163 000 000 000 000
0030 226 135 266 189 000 000 000 000
0031 221 132 266 197 000 000 000 000
0032 221 133 267 194 000 000 000 000
0033 221 128 271 176 000 000 000 000
0034 225 125 278 162 000 000 000 000
0035 222 113 278 153 000 000 000 000
0036 229 101 282 153 000 000 000 000
0037 231 087 284 145 000 000 000 000
0038 234 079 285 139 000 000 000 000
0039 232 083 285 141 000 000 000 000
0040 232 088 283 144 000 000 000 000
0041 224 112 282 150 000 000 000 000
0042 225 120 278 158 000 000 000 000
0043 222 124 272 164 000 000 000 000
0044 220 130 269 172 000 000 000 000
0045 207 140 259 188 000 000 000 000
0046 190 157 244 213 000 000 000 000
0047 176 183 227 234 000 000 000 000
0048 174 222 214 239 000 000 000 000
