0007 156 214 191 237 000 000 000 000
0008 149 201 178 231 000 000 000 000
0009 143 157 168 198 000 000 000 000
0010 140 110 165 164 000 000 000 000
0011 133 073 158 132 000 000 000 000
0012 123 060 159 111 000 000 000 000
0013 095 060 155 091 000 000 000 000
0014 090 064 146 095 000 000 000 000
0015 083 068 134 110 000 000 000 000
0016 085 080 125 124 108 081 179 124
0017 083 094 118 143 090 095 196 130
0018 080 110 108 165 000 000 000 000
0019 083 119 119 178 000 000 000 000
0020 087 128 117 174 000 000 000 000
0021 087 125 119 180 000 000 000 000
0022 087 124 119 177 000 000 000 000
0023 086 124 125 178 000 000 000 000
0024 094 146 140 183 000 000 000 000
0025 103 173 150 230 000 000 000 000
0026 134 220 166 239 000 000 000 000
