0000 117 178 136 213 185 176 204 209
0001 116 178 136 213 186 176 204 209
0002 116 177 136 212 185 176 204 209
0003 116 178 136 213 185 176 204 210
0004 116 178 136 213 186 176 204 210
0005 117 178 136 212 186 176 204 210
0006 117 178 136 212 185 175 204 210
0007 115 177 133 209 187 176 205 211
0008 117 178 136 212 188 174 207 207
0009 117 178 136 212 185 170 222 194
0010 117 178 136 213 190 164 223 189
0011 116 178 136 213 187 159 220 183
0012 117 178 136 212 190 150 225 177
0013 117 178 136 212 189 145 227 172
0014 184 141 222 171 116 179 137 213
0015 194 137 224 166 117 179 137 214
0016 199 117 227 151 117 179 138 213
0017 200 099 227 138 117 178 137 214
0018 201 089 229 126 117 178 138 214
0019 203 079 227 113 117 179 137 214
0020 204 074 230 102 117 179 137 214
0021 202 073 228 100 116 179 137 213
0022 201 066 230 098 116 179 136 213
0023 117 179 136 213 205 071 233 099
0024 117 179 136 214 205 088 231 112
0025 116 179 136 213 207 099 233 128
0026 116 179 135 214 207 107 232 139
0027 116 179 136 214 207 116 235 158
0028 115 179 136 214 207 123 234 163
0029 207 132 235 179 116 179 136 214
0030 116 179 136 214 207 138 235 179
0031 116 179 135 213 208 145 233 181
0032 116 179 135 213 207 143 233 184
0033 116 179 135 213 208 144 234 183
0034 208 144 234 184 116 179 136 213
0035 208 144 235 184 115 180 133 211
0036 117 180 136 213 207 145 232 184
0037 207 145 232 184 117 180 135 214
0038 207 149 231 188 117 180 137 215
0039 204 154 229 196 117 181 136 215
0040 117 179 137 215 201 162 223 202
0041 118 181 136 215 196 170 215 209
0042 191 176 212 211 117 181 137 216
0043 118 180 138 217 189 176 207 210
0044 188 177 209 212 118 180 138 216
0045 187 176 207 211 118 178 139 216
0046 118 180 139 217 188 176 207 211
0047 118 180 139 217 189 180 209 212
0048 188 177 208 212 118 181 136 212
0049 189 177 207 212 119 180 136 215
0050 120 179 137 211 188 178 208 211
