0000 089 199 128 235 168 189 209 231
0001 091 193 131 235 166 188 205 225
0002 153 182 199 222 089 178 128 234
0003 087 174 127 234 141 171 190 217
0004 128 159 185 210 082 168 125 226
0005 117 157 181 206 086 158 126 221
0006 112 157 173 207 078 160 121 216
0007 109 157 174 207 077 152 126 209
0008 084 150 126 212 109 157 170 211
0009 084 144 127 213 108 157 170 209
0010 103 154 170 207 071 145 125 203
0011 073 140 123 203 107 159 172 210
0012 085 142 126 202 110 162 175 212
0013 110 155 170 207 082 147 127 206
0014 113 154 174 208 082 141 126 203
0015 076 143 124 199 113 160 173 211
0016 113 155 169 208 085 148 126 205
0017 113 155 177 207 085 142 127 206
0018 109 160 177 210 087 143 125 204
0019 091 144 125 205 110 157 173 208
0020 087 146 128 203 112 157 175 208
0021 117 161 182 207 091 147 121 207
0022 131 162 189 206 084 151 122 212
0023 145 158 198 202 090 161 127 211
0024 087 166 129 213 153 158 199 200
0025 090 168 134 212 157 156 205 197
0026 085 164 133 211 161 152 216 196
0027 083 164 137 209 174 148 220 190
0028 083 161 132 208 174 144 221 186
0029 084 161 132 207 175 138 224 181
0030 173 138 223 181 085 160 135 207
0031 087 163 143 204 173 136 218 181
0032 177 138 222 180 087 163 139 204
0033 176 139 219 182 085 167 147 208
0034 173 139 223 182 085 165 142 205
0035 163 149 214 190 088 169 140 207
0036 165 154 224 194 084 168 144 198
0037 160 164 210 200 076 169 140 198
0038 167 158 217 201 077 171 141 201
0039 165 158 228 203 072 173 143 202
0040 165 158 229 200 091 172 141 203
0041 166 157 225 198 073 171 140 201
0042 165 163 225 204 074 172 140 203
0043 164 161 227 204 086 175 143 203
0044 164 165 228 204 068 176 142 204
0045 166 167 228 202 071 177 136 213
0046 168 169 221 220 074 184 136 229
0047 079 192 128 238 162 182 212 238
0048 165 190 213 237 075 199 126 238
0049 167 200 211 238 077 205 121 237
0050 169 208 212 239 072 211 122 237
0051 073 215 112 239 170 223 212 239
0052 072 217 115 238 000 000 000 000
0054 073 218 112 236 000 000 000 000
