0000 134 214 191 239 000 000 000 000
0001 132 210 190 239 067 221 107 237
0002 138 200 190 238 068 217 111 239
0003 127 186 189 234 064 208 112 238
0004 117 174 183 220 061 187 112 239
0005 062 156 102 228 108 162 177 202
0006 060 136 098 211 090 152 174 189
0007 060 126 094 195 083 147 149 184
0008 057 123 092 193 077 144 160 181
0009 057 118 095 183 073 139 144 181
0010 057 113 093 181 075 139 143 179
0011 057 111 091 180 072 140 159 182
0012 060 109 099 181 073 142 160 182
0013 061 109 097 186 068 136 143 183
0014 061 108 093 184 077 137 157 179
0015 058 102 094 187 079 142 160 184
0016 059 102 094 191 074 133 137 182
0017 058 107 086 184 080 130 146 170
0018 086 138 148 171 048 123 088 183
0019 032 144 085 189 087 149 155 183
0020 092 159 160 194 019 156 081 195
0021 097 168 167 213 006 163 079 207
0022 112 176 182 225 001 176 074 228
0023 143 179 200 236 002 180 052 237
0024 149 183 220 238 001 175 046 233
0025 175 185 259 238 001 179 039 228
0026 214 175 271 232 000 177 032 222
0027 216 163 265 217 244 175 296 226
0028 232 159 310 210 194 121 255 167
0029 243 139 297 181 195 117 258 159
0030 253 130 315 175 199 110 262 157
0031 256 123 318 165 196 107 254 151
0032 258 118 318 156 200 104 253 142
0033 263 113 306 147 000 000 000 000
0034 259 109 312 144 000 000 000 000
0035 246 112 294 145 000 000 000 000
0036 205 117 269 161 233 125 310 169
0037 001 143 036 193 212 132 268 186
0038 001 164 059 225 197 167 262 212
0039 170 181 236 234 018 181 088 235
0040 041 194 098 238 158 185 217 235
0041 139 199 199 236 050 195 113 238
