0000 168 221 200 239 000 000 000 000
0001 162 214 203 239 000 000 000 000
0002 160 208 203 238 004 213 029 237
0003 163 199 203 236 001 205 037 239
0004 160 185 202 230 018 186 064 226
0005 154 170 202 218 034 173 089 221
0006 150 159 202 207 054 167 106 229
0007 149 151 198 198 070 174 118 230
0008 146 147 197 194 081 155 126 222
0009 139 145 192 186 085 150 125 213
0010 130 146 188 185 086 142 116 201
0011 119 144 180 185 086 137 118 201
0012 115 147 173 181 084 131 118 197
0013 108 142 172 180 085 126 124 189
0014 110 142 183 183 081 123 122 183
0015 118 143 178 185 078 116 119 183
0016 108 147 181 184 081 117 120 185
0017 103 145 175 185 080 121 115 186
0018 105 144 171 186 083 119 122 189
0019 111 144 177 188 081 119 110 176
0020 115 149 174 188 079 114 117 180
0021 110 146 172 188 080 118 111 176
0022 109 145 168 189 083 122 114 184
0023 113 147 176 188 082 113 122 187
0024 116 146 170 189 081 113 117 186
0025 107 145 171 188 082 112 115 183
0026 108 141 167 185 083 111 112 179
0027 082 115 119 186 114 140 172 185
0028 121 136 177 180 076 119 114 185
0029 115 139 176 179 066 131 115 181
0030 118 153 176 189 049 149 113 185
0031 117 162 175 195 040 153 107 191
0032 120 165 192 202 037 157 105 196
0033 022 163 095 207 132 169 204 209
0034 139 169 214 214 011 163 088 211
0035 160 174 229 217 003 169 075 215
0036 001 167 050 218 179 173 256 214
0037 001 166 050 220 186 173 264 208
0038 214 164 294 202 000 169 033 207
0039 238 150 294 189 205 127 263 174
0040 254 142 309 178 203 123 262 165
0041 267 136 313 171 214 118 263 159
0042 206 114 267 157 275 133 311 162
0043 283 123 318 147 207 106 259 147
0047 286 103 316 123 000 000 000 000
0048 267 124 312 166 214 110 266 153
0049 217 124 275 162 268 145 311 194
0050 001 168 031 208 213 132 263 179
0051 000 179 059 237 229 190 269 235
0052 010 184 072 239 188 190 239 239
0053 005 190 058 239 172 196 216 238
0054 002 196 041 235 157 208 202 237
0055 151 213 194 239 003 206 033 239
0056 147 212 195 239 000 000 000 000
0057 156 213 194 235 000 000 000 000
0058 153 215 193 239 000 000 000 000
0059 151 221 196 238 000 000 000 000
0060 153 215 194 239 000 000 000 000
0061 158 209 192 236 000 000 000 000
0062 155 206 197 238 000 000 000 000
0063 158 208 193 236 000 000 000 000
