0002 161 209 206 239 087 215 129 239
0003 141 173 194 218 084 193 124 235
0004 118 148 181 185 076 180 116 215
0005 104 140 170 174 078 164 121 204
0006 078 152 125 190 102 145 159 177
0007 087 149 157 183 000 000 000 000
0008 088 153 152 185 071 148 117 175
0009 074 148 122 183 100 140 153 178
0010 074 139 121 176 100 140 150 175
0011 077 136 125 171 099 135 157 175
0012 074 141 123 175 098 137 160 180
0013 080 132 124 171 099 130 160 166
0014 082 094 120 158 120 100 170 139
0015 145 080 188 126 085 091 117 138
0016 084 097 126 139 158 083 196 126
0017 156 113 200 158 091 122 135 174
0018 075 168 129 227 153 175 211 217
0019 068 191 131 238 150 195 228 232
0020 068 192 128 239 146 193 223 229
0021 066 195 125 239 140 192 220 229
0022 074 196 126 239 141 189 215 224
0023 145 187 207 231 080 202 135 239
0024 152 191 201 238 096 212 137 239
0025 156 216 197 239 000 000 000 000
