0000 069 212 129 239 000 000 000 000
0001 071 213 126 239 000 000 000 000
0002 067 212 129 239 000 000 000 000
0003 066 213 125 239 000 000 000 000
0004 059 209 127 239 027 199 055 236
0005 072 181 139 226 036 181 074 225
0006 077 161 140 202 052 154 084 197
0007 089 151 141 191 058 142 102 184
0008 059 131 108 176 101 145 148 189
0009 063 121 116 167 106 140 152 185
0010 068 121 116 164 104 141 149 184
0011 068 119 119 160 102 138 150 180
0012 111 137 155 183 069 120 120 164
0013 069 120 119 162 101 144 150 183
0014 070 120 118 163 109 139 153 182
0015 072 124 114 166 112 136 153 181
0016 074 121 119 164 106 135 149 179
0017 111 137 151 179 072 120 124 163
0018 075 120 124 165 106 133 148 177
0019 071 118 123 161 104 135 145 175
0020 076 120 120 162 111 132 150 177
0021 077 112 113 161 102 130 144 173
0022 109 110 150 157 082 103 112 151
0023 084 099 113 141 120 099 161 147
0024 095 104 137 155 139 095 177 158
0025 139 119 189 173 094 127 142 176
0026 141 117 190 172 094 130 146 180
0027 141 120 190 175 096 130 146 177
0028 141 119 190 174 095 129 142 178
0029 142 119 192 173 094 124 143 176
0030 142 119 193 170 093 124 144 175
0031 141 119 194 172 093 124 144 173
0032 139 120 189 172 095 124 141 174
0033 087 131 138 176 140 128 183 173
0034 135 141 174 186 082 146 131 189
0035 128 163 169 211 069 172 115 220
0036 125 182 173 236 049 192 101 239
0037 125 210 170 239 027 195 059 234
0038 024 198 054 239 000 000 000 000
