0000 054 212 083 235 000 000 000 000
0001 057 210 085 239 000 000 000 000
0002 054 211 083 236 000 000 000 000
0003 057 210 084 239 000 000 000 000
0004 054 212 082 236 000 000 000 000
0005 055 212 082 236 000 000 000 000
0006 052 210 094 239 000 000 000 000
0007 055 197 092 237 183 211 214 239
0008 060 188 090 231 179 209 215 239
0009 063 192 104 235 162 203 213 239
0010 060 195 110 239 124 210 176 238
0011 066 200 119 237 112 184 172 222
0012 075 201 124 237 106 184 165 218
0013 078 199 129 236 107 188 169 221
0014 077 194 125 235 112 194 163 226
0015 105 191 160 227 071 201 120 237
0016 109 189 165 226 073 198 122 236
0017 110 194 165 230 073 197 120 237
0018 105 193 158 229 072 194 120 235
0019 071 197 114 236 110 190 163 228
0020 108 196 165 232 075 198 120 238
0021 105 192 157 229 069 197 116 235
0022 106 193 159 227 071 194 117 237
0023 111 199 163 233 071 199 115 237
0024 102 193 161 228 077 200 120 236
0025 108 197 160 229 073 199 115 237
0026 103 193 159 228 076 201 119 237
0027 103 199 154 228 075 197 112 236
0028 083 198 114 235 109 193 160 225
0029 082 193 114 231 119 176 167 218
0030 131 160 171 204 163 186 211 233
0031 138 153 176 198 072 151 108 195
0032 069 150 107 198 143 155 182 202
0033 148 186 208 235 054 178 110 220
0034 146 190 207 233 049 186 111 227
0035 056 182 113 229 140 187 203 233
0036 057 181 116 227 140 189 202 235
0037 055 179 115 226 146 186 196 228
0038 057 179 114 224 140 185 195 226
0039 057 176 115 221 141 186 203 229
0040 058 175 116 220 144 183 192 226
0041 060 178 113 225 143 183 191 222
0042 138 179 193 219 056 176 117 221
0043 140 179 193 220 059 177 113 223
0044 143 181 192 223 057 177 114 226
0045 141 181 194 220 061 176 113 220
0046 074 163 117 199 146 161 187 203
0047 144 162 184 205 082 154 123 194
0048 080 164 125 200 140 167 179 207
0049 076 184 118 222 138 185 181 229
0050 057 198 114 237 146 215 187 239
0051 173 202 217 238 059 218 103 238
0052 180 207 213 237 072 222 103 239
0053 180 208 212 239 000 000 000 000
0054 180 209 212 239 000 000 000 000
0055 178 206 213 239 000 000 000 000
0056 180 210 213 239 000 000 000 000
0057 178 207 213 239 000 000 000 000
