0000 193 205 219 239 096 213 124 239
0001 190 204 220 236 096 213 124 239
0002 193 205 218 239 097 213 124 239
0003 194 205 219 239 097 213 126 239
0004 201 205 229 239 099 212 125 239
0005 209 196 241 237 099 211 125 239
0006 216 176 260 219 099 213 125 239
0007 224 161 271 196 096 209 123 239
0008 218 148 274 171 099 214 127 239
0009 225 142 275 164 099 214 127 239
0010 221 127 273 152 099 213 127 239
0011 224 119 272 147 095 208 127 239
0012 226 119 272 144 099 212 127 239
0013 226 115 271 145 099 212 127 239
0014 224 111 269 140 099 212 126 239
0015 225 112 269 141 099 212 127 239
0016 223 120 270 146 099 212 127 239
0017 224 128 271 152 099 212 125 239
0018 221 141 274 163 099 211 125 239
0019 226 147 272 166 099 212 126 239
0020 222 145 273 164 095 210 123 239
0021 222 137 273 161 097 212 125 239
0022 224 137 275 156 099 212 125 239
0023 225 137 274 157 096 209 128 239
0024 224 144 272 164 097 209 128 239
0025 097 209 129 239 223 149 276 171
0026 225 151 273 174 097 209 128 239
0027 226 150 276 170 100 211 127 239
0028 225 144 277 164 099 213 126 239
0029 223 144 272 164 099 212 125 239
0030 097 208 129 239 222 147 273 168
0031 223 154 272 176 098 208 129 239
0032 221 153 272 176 099 213 126 239
0033 224 151 272 172 096 208 129 238
0034 223 151 272 172 096 210 123 239
0035 098 213 126 239 220 158 271 177
0036 097 210 126 239 222 162 265 183
0037 221 158 269 181 097 212 126 239
0038 224 159 270 178 096 212 126 239
0039 221 156 272 176 096 213 125 239
0040 096 212 126 239 224 166 270 188
0041 222 174 270 200 092 209 121 237
0042 220 182 269 215 096 211 126 239
0043 216 198 259 231 097 210 125 238
0044 213 204 255 239 096 208 124 238
0045 206 206 250 239 092 206 121 238
0046 207 207 242 239 094 206 124 239
0047 094 207 124 239 204 207 238 237
0048 201 214 227 239 089 204 123 239
0049 094 208 121 239 200 209 225 239
0050 093 208 121 239 190 208 218 237
0051 189 209 213 239 094 207 121 239
0052 189 208 211 239 098 210 125 239
