0001 162 216 182 236 000 000 000 000
0002 170 217 192 239 000 000 000 000
0003 194 210 219 239 000 000 000 000
0004 214 196 241 221 000 000 000 000
0005 227 171 255 196 000 000 000 000
0006 235 148 289 176 000 000 000 000
0007 240 139 286 162 000 000 000 000
0008 241 118 290 139 000 000 000 000
0009 240 114 289 133 000 000 000 000
0010 239 107 288 128 000 000 000 000
0011 240 102 286 124 000 000 000 000
0012 239 100 287 120 000 000 000 000
0013 239 097 287 119 000 000 000 000
0014 240 099 285 117 000 000 000 000
0015 242 095 285 117 000 000 000 000
0016 243 101 287 122 000 000 000 000
0017 239 114 286 136 000 000 000 000
0018 237 126 287 151 000 000 000 000
0019 238 142 281 163 000 000 000 000
0020 237 158 279 178 000 000 000 000
0021 232 168 276 189 000 000 000 000
0022 227 181 268 201 000 000 000 000
0023 224 179 267 204 000 000 000 000
0024 224 181 267 208 000 000 000 000
0025 224 177 267 205 000 000 000 000
0026 231 169 270 193 000 000 000 000
0027 233 157 275 179 000 000 000 000
0028 238 143 282 165 000 000 000 000
0029 239 133 286 154 000 000 000 000
0030 238 120 286 144 000 000 000 000
0031 240 115 286 135 000 000 000 000
0032 240 110 287 133 000 000 000 000
0033 243 105 287 127 000 000 000 000
0034 241 101 283 125 000 000 000 000
0035 239 104 280 125 000 000 000 000
0036 238 108 286 131 000 000 000 000
0037 243 122 284 149 000 000 000 000
0038 240 137 279 171 000 000 000 000
0039 242 152 274 186 000 000 000 000
0040 228 190 252 223 000 000 000 000
0041 218 200 240 235 000 000 000 000
0042 192 215 212 239 000 000 000 000
0043 171 213 197 237 000 000 000 000
0044 164 222 187 239 000 000 000 000
0045 163 223 182 239 000 000 000 000
0046 158 221 180 239 000 000 000 000
0047 157 222 180 239 000 000 000 000
0048 156 221 179 239 000 000 000 000
