0000 121 186 141 223 208 196 228 229
0001 121 185 142 222 208 195 228 229
0002 122 184 143 221 209 192 228 227
0003 122 187 142 222 221 189 242 220
0004 121 187 141 220 235 186 255 211
0005 121 187 139 220 240 175 263 196
0006 214 144 242 174 119 187 138 220
0007 170 115 208 145 118 188 136 219
0008 145 111 175 133 120 187 136 218
0009 135 104 177 130 121 186 138 217
0010 136 101 218 134 120 185 137 216
0011 137 107 214 138 123 184 140 216
0012 140 109 213 138 123 184 140 216
0013 138 110 215 140 122 186 140 218
0014 135 107 217 140 123 184 139 215
0015 138 109 214 141 122 182 140 218
0016 135 109 214 142 123 185 139 218
0017 138 109 212 142 122 186 138 220
0018 137 109 211 141 123 184 139 218
0019 135 108 209 141 123 185 139 219
0020 134 108 208 140 122 183 138 217
0021 131 105 210 140 121 185 139 218
0022 129 105 209 141 121 186 138 220
0023 129 104 209 140 121 186 138 219
0024 129 104 209 140 121 186 138 219
0025 129 105 208 140 121 186 138 219
0026 133 106 204 138 121 186 138 219
0027 121 187 139 220 129 108 206 140
0028 147 108 219 144 139 107 173 130
0029 157 110 197 136 118 184 136 216
0030 115 182 134 216 263 150 303 182
0031 275 169 301 192 111 180 133 218
0032 109 184 131 222 264 157 296 185
0033 111 184 133 222 261 157 292 184
0034 114 182 141 225 258 160 286 183
0035 120 184 148 224 253 161 283 184
0036 127 187 161 222 252 159 283 186
0037 128 188 160 225 254 161 280 187
0038 126 188 158 225 250 159 280 187
0039 121 187 148 225 252 166 279 190
0040 118 188 146 226 000 000 000 000
0041 118 189 145 226 248 171 278 200
0042 121 190 146 225 242 177 268 203
0043 120 188 146 225 235 186 258 210
0044 123 191 145 223 234 184 255 215
0045 122 190 146 222 227 187 247 215
0046 124 188 147 224 221 193 240 221
0047 124 188 147 222 213 192 233 220
0048 124 187 145 223 208 191 229 218
0049 121 186 145 222 213 192 231 223
0050 122 186 142 220 215 197 231 223
0051 120 186 142 220 214 194 233 225
0052 120 187 141 220 212 195 230 228
0053 120 186 139 218 209 199 228 227
0054 119 186 139 219 208 194 229 228
0055 119 188 138 220 207 195 229 230
0056 207 197 229 230 120 187 138 218
0057 206 198 229 232 120 187 138 217
0058 205 198 229 232 122 185 140 216
0059 204 198 227 233 123 186 141 216
0060 202 198 227 232 122 186 140 217
0061 202 199 227 233 122 185 141 217
0062 203 199 227 232 122 187 141 219
