0000 088 190 107 223 176 195 194 228
0001 087 192 108 222 177 197 194 228
0002 086 193 108 225 177 195 195 225
0003 086 191 111 222 175 196 196 231
0004 173 193 194 228 085 188 114 217
0005 090 168 126 203 169 190 189 227
0006 110 135 150 169 162 181 185 217
0007 121 119 157 152 157 173 181 210
0008 076 092 139 127 128 100 171 129
0009 140 089 182 117 083 087 144 121
0010 148 081 187 110 091 081 154 113
0011 155 119 182 153 097 077 160 109
0012 152 113 178 151 152 073 191 098
0013 155 072 194 097 151 110 177 145
0014 151 106 177 144 155 068 192 091
0015 154 068 196 093 151 106 177 140
0016 154 069 195 093 157 098 181 130
0017 156 070 195 093 171 101 189 129
0018 170 107 192 133 156 070 196 093
0019 157 098 178 133 154 071 195 094
0020 154 074 198 095 157 101 183 138
0021 170 101 195 132 156 071 195 092
0022 165 110 186 140 155 073 195 094
0023 158 073 197 094 159 107 179 138
0024 156 074 197 095 163 106 183 144
0025 156 074 195 096 171 105 196 135
0026 162 109 186 145 155 073 195 095
0027 157 074 195 096 156 106 185 145
0028 164 107 191 149 157 072 194 094
0029 166 109 195 153 157 072 194 094
0030 158 103 181 136 157 074 195 094
0031 156 072 195 094 162 111 185 146
0032 157 073 195 094 170 108 196 146
0033 164 110 189 150 157 072 195 094
0034 157 072 195 093 155 110 179 140
0035 156 071 196 094 164 106 189 146
0036 157 070 194 093 175 106 200 145
0037 160 110 184 148 151 071 191 091
0038 152 072 191 091 157 106 182 144
0039 152 072 191 091 170 108 193 143
0040 165 110 190 151 159 072 194 093
0041 157 073 194 095 158 108 180 139
0042 157 074 195 096 163 107 189 149
0043 168 107 197 152 156 073 195 097
0044 160 108 185 145 155 074 194 097
0045 154 074 195 098 160 104 185 143
0046 168 108 194 150 156 073 196 098
0047 154 074 194 099 164 108 187 151
0048 150 079 189 100 156 108 182 151
0049 146 075 185 100 163 101 188 139
0050 137 077 180 102 165 105 191 150
0051 127 085 174 112 167 122 195 163
0052 113 102 161 137 171 153 194 178
0053 109 116 150 149 172 168 194 195
0054 094 139 132 179 176 178 195 210
0055 087 165 115 200 175 194 195 225
0056 080 179 102 212 178 194 197 227
0057 080 187 103 223 177 194 195 225
0058 079 191 099 222 178 193 196 225
0059 082 193 099 223 174 195 194 228
0060 082 193 099 221 173 195 192 228
0061 081 191 099 222 173 196 191 228
