0000 098 216 143 239 052 223 091 239
0001 099 216 143 239 053 224 090 239
0002 100 215 144 239 051 222 091 239
0003 102 214 145 239 047 214 091 239
0004 042 200 094 239 103 214 145 239
0005 039 173 092 224 102 207 143 239
0006 045 138 107 176 099 191 137 236
0007 091 150 132 207 060 106 119 139
0008 064 089 127 122 086 123 127 176
0009 071 083 134 110 094 103 125 157
0010 096 103 127 157 073 081 133 109
0011 076 076 132 105 094 106 126 166
0012 087 111 124 169 073 077 133 102
0013 088 110 122 166 072 076 132 102
0014 090 103 124 161 072 077 130 103
0015 090 106 124 165 072 080 131 104
0016 082 121 126 171 073 079 132 107
0017 084 118 122 168 075 080 131 105
0018 087 105 122 164 071 081 133 111
0019 087 108 124 167 074 083 134 108
0020 085 110 129 170 072 085 133 110
0021 087 111 126 166 070 085 131 111
0022 073 097 129 125 089 125 125 175
0023 072 122 120 155 090 136 128 191
0024 054 169 106 220 102 175 138 219
0025 102 202 144 239 045 210 091 239
0026 102 214 145 239 000 000 000 000
0027 101 217 143 238 000 000 000 000
