0000 113 191 163 238 075 200 101 227
0001 108 164 161 205 075 200 102 226
0002 077 198 105 230 114 120 151 157
0003 121 097 147 136 077 198 106 227
0004 075 200 103 225 125 092 152 128
0005 123 089 151 126 075 199 102 225
0006 074 199 102 226 122 087 149 126
0007 075 198 102 225 122 087 149 127
0008 076 197 106 230 123 088 150 127
0009 074 200 103 226 124 089 151 126
0010 075 200 103 226 122 087 147 127
0011 076 195 106 230 124 088 151 126
0012 075 201 103 227 119 088 147 126
0013 075 198 103 224 123 086 151 125
0014 075 198 102 224 123 089 151 127
0015 076 196 106 229 124 091 151 128
0016 076 195 105 229 124 091 151 128
0017 076 198 103 224 125 091 151 127
0018 076 198 103 224 125 090 151 127
0019 077 199 104 225 123 089 147 126
0020 118 100 147 140 077 199 104 224
0021 076 197 103 225 111 126 151 164
0022 076 200 103 226 119 182 156 212
0023 117 196 155 237 077 195 106 228
0024 123 203 159 238 076 195 103 224
0025 122 204 156 237 076 198 104 224
0026 121 206 158 238 077 198 106 227
0027 121 207 156 238 077 200 105 224
0028 122 206 158 238 077 198 107 228
0029 122 206 158 238 076 200 103 225
0030 122 207 157 238 076 200 103 225
0031 122 207 157 237 077 198 106 227
0032 122 207 157 237 077 198 106 227
0033 122 207 157 237 077 197 106 227
0034 122 207 157 237 078 200 105 226
