0018 107 225 149 239 000 000 000 000
0019 102 220 145 239 000 000 000 000
0020 094 205 131 239 000 000 000 000
0021 091 195 132 237 000 000 000 000
0022 089 163 130 214 000 000 000 000
0023 088 151 131 201 000 000 000 000
0024 084 134 125 182 000 000 000 000
0025 081 120 118 171 000 000 000 000
0026 082 113 116 159 000 000 000 000
0027 079 106 115 159 000 000 000 000
0028 084 107 117 156 000 000 000 000
0029 079 104 116 156 000 000 000 000
0030 079 108 113 154 000 000 000 000
0031 080 112 110 155 000 000 000 000
0032 076 104 112 154 000 000 000 000
0033 078 105 111 157 000 000 000 000
0034 077 103 109 155 000 000 000 000
0035 076 100 110 153 000 000 000 000
0036 077 101 110 152 000 000 000 000
0037 077 100 110 152 000 000 000 000
0038 077 100 110 151 000 000 000 000
0039 076 099 110 152 000 000 000 000
0040 077 097 110 151 000 000 000 000
0041 078 098 110 150 000 000 000 000
0042 078 097 109 153 000 000 000 000
0043 077 098 110 151 000 000 000 000
0044 078 099 110 151 000 000 000 000
0045 078 100 110 152 000 000 000 000
0046 078 098 111 151 000 000 000 000
0047 078 097 111 151 000 000 000 000
0048 077 096 112 152 000 000 000 000
0049 078 100 112 155 000 000 000 000
0050 081 107 117 162 000 000 000 000
0051 082 130 123 182 000 000 000 000
0052 087 169 139 214 000 000 000 000
0053 091 207 144 239 000 000 000 000
0054 108 217 159 239 000 000 000 000
