0003 139 216 191 239 000 000 000 000
0004 120 193 175 239 164 189 221 234
0005 113 142 168 187 000 000 000 000
0006 104 119 164 158 000 000 000 000
0007 105 102 165 142 000 000 000 000
0008 103 091 159 127 000 000 000 000
0009 100 082 154 121 000 000 000 000
0010 099 083 156 120 000 000 000 000
0011 099 077 152 115 000 000 000 000
0012 099 076 153 114 000 000 000 000
0013 099 083 153 119 000 000 000 000
0014 097 083 152 120 000 000 000 000
0015 098 085 150 119 000 000 000 000
0016 096 083 147 119 000 000 000 000
0017 096 083 147 118 000 000 000 000
0018 095 085 152 119 000 000 000 000
0019 099 083 151 117 000 000 000 000
0020 099 082 151 119 000 000 000 000
0021 099 080 151 117 000 000 000 000
0022 096 078 155 114 000 000 000 000
0023 101 080 153 114 000 000 000 000
0024 099 078 151 114 000 000 000 000
0025 097 080 147 117 000 000 000 000
0026 096 077 151 115 000 000 000 000
0027 095 078 150 116 000 000 000 000
0028 096 078 150 115 000 000 000 000
0029 097 077 150 115 000 000 000 000
0030 099 080 151 115 000 000 000 000
0031 100 080 149 113 000 000 000 000
0032 097 076 146 113 000 000 000 000
0033 098 074 149 113 000 000 000 000
0034 096 077 147 115 000 000 000 000
0035 095 077 146 115 000 000 000 000
0036 095 078 145 116 000 000 000 000
0037 096 078 147 116 000 000 000 000
0038 096 078 148 116 000 000 000 000
0039 097 077 149 116 000 000 000 000
0040 098 076 147 115 000 000 000 000
0041 098 076 148 117 000 000 000 000
0042 098 076 149 118 000 000 000 000
0043 099 076 148 117 000 000 000 000
0044 099 078 148 117 000 000 000 000
0045 099 078 148 117 000 000 000 000
0046 098 080 149 118 000 000 000 000
0047 097 080 148 118 000 000 000 000
0048 097 079 145 118 000 000 000 000
0049 096 079 145 118 000 000 000 000
0050 096 079 145 118 000 000 000 000
