0015 191 211 241 239 000 000 000 000
0016 198 158 253 221 000 000 000 000
0017 204 104 246 150 000 000 000 000
0018 186 060 240 112 000 000 000 000
0019 178 041 217 081 000 000 000 000
0020 175 035 215 076 000 000 000 000
0021 168 034 209 074 000 000 000 000
0022 162 034 201 074 000 000 000 000
0023 161 034 199 074 000 000 000 000
0024 157 035 195 073 000 000 000 000
0025 156 035 196 073 000 000 000 000
0026 157 036 197 075 000 000 000 000
0027 158 037 196 074 000 000 000 000
0028 157 037 196 074 000 000 000 000
0029 158 038 196 074 000 000 000 000
0030 158 038 196 075 000 000 000 000
0031 158 037 196 075 000 000 000 000
0032 158 038 196 075 000 000 000 000
0033 159 038 197 076 000 000 000 000
0034 161 040 200 079 000 000 000 000
0035 160 051 204 094 000 000 000 000
0036 161 062 207 109 000 000 000 000
0037 158 099 208 151 000 000 000 000
0038 158 159 203 221 000 000 000 000
0039 151 209 195 238 000 000 000 000
