0000 077 204 108 233 130 212 160 235
0001 078 203 108 233 131 213 162 239
0002 078 203 108 232 128 210 164 239
0003 135 209 166 239 078 204 108 233
0004 142 203 171 237 078 203 108 233
0005 142 188 177 223 078 202 108 233
0006 078 202 108 233 153 166 178 197
0007 158 136 185 174 078 202 108 233
0008 078 202 108 233 158 111 186 146
0009 078 202 108 233 167 103 191 139
0010 078 202 108 233 168 087 193 118
0011 078 202 107 233 165 073 190 100
0012 075 202 106 232 161 061 192 091
0013 075 202 104 233 161 056 190 086
0014 075 202 104 233 159 052 190 080
0015 078 205 106 234 156 047 186 074
0016 155 044 185 072 078 204 106 233
0017 078 204 106 233 152 040 188 069
0018 154 041 184 068 078 204 106 233
0019 151 035 189 068 078 205 106 233
0020 152 036 181 067 078 204 106 233
0021 156 036 183 062 078 204 106 233
0022 078 204 106 233 157 034 183 063
0023 078 204 106 232 157 040 183 062
0024 157 034 184 062 078 205 107 234
0025 158 030 184 061 078 205 107 234
0026 159 031 184 060 076 203 104 233
0027 160 032 184 060 078 205 107 234
0028 158 030 183 059 078 205 108 234
0029 159 032 183 061 076 202 105 234
0030 159 032 183 061 078 204 108 234
0031 159 032 184 061 078 205 107 234
0032 078 204 108 234 159 032 184 060
0033 159 031 184 059 076 202 104 234
0034 159 031 184 060 078 204 107 234
0035 161 031 186 061 078 205 108 234
0036 077 206 107 234 161 031 184 061
0037 075 203 104 234 160 032 185 060
0038 078 204 107 229 161 032 184 061
0039 159 031 183 060 077 205 106 233
0040 078 205 107 234 161 032 185 061
0041 078 205 107 234 160 030 184 055
0042 078 205 107 234 161 032 185 060
0043 078 204 108 229 160 032 185 062
0044 078 205 107 234 157 035 183 058
0045 078 205 107 234 158 030 184 061
0046 078 205 108 234 160 034 186 064
0047 078 205 108 234 161 042 186 071
0048 077 204 108 234 154 049 182 082
0049 077 205 107 234 155 070 183 100
0050 156 096 180 132 077 204 107 233
0051 075 202 104 234 144 122 174 155
0052 077 204 106 234 140 151 173 191
0053 077 205 107 233 134 185 165 216
0054 127 201 159 230 078 204 108 233
0055 126 209 160 237 077 205 107 234
0056 077 204 106 233 125 209 160 237
0057 124 210 161 239 077 205 107 233
0058 126 211 160 237 077 203 107 232
0059 126 212 160 238 077 205 104 229
0060 126 210 160 237 077 203 106 233
