0001 124 224 163 239 000 000 000 000
0002 110 205 171 239 000 000 000 000
0003 122 172 176 220 000 000 000 000
0004 130 139 187 184 000 000 000 000
0005 144 100 193 155 000 000 000 000
0006 146 081 193 130 000 000 000 000
0007 150 064 194 112 000 000 000 000
0008 151 062 194 111 000 000 000 000
0009 151 058 197 104 000 000 000 000
0010 152 054 194 102 000 000 000 000
0011 151 055 196 104 000 000 000 000
0012 152 057 194 104 000 000 000 000
0013 152 058 194 105 000 000 000 000
0014 152 058 195 105 000 000 000 000
0015 152 058 195 105 000 000 000 000
0016 151 059 195 105 000 000 000 000
0017 150 062 195 109 000 000 000 000
0018 151 066 192 115 000 000 000 000
0019 144 078 186 130 000 000 000 000
0020 136 105 187 162 000 000 000 000
0021 121 152 178 200 000 000 000 000
0022 108 171 176 222 000 000 000 000
0023 092 209 162 239 000 000 000 000
0024 109 223 153 239 000 000 000 000
