0004 113 200 170 239 000 000 000 000
0005 119 168 171 221 000 000 000 000
0006 125 106 168 163 000 000 000 000
0007 127 081 169 136 000 000 000 000
0008 124 062 167 116 000 000 000 000
0009 123 047 165 093 000 000 000 000
0010 124 041 164 085 000 000 000 000
0011 123 040 164 083 000 000 000 000
0012 121 039 163 084 000 000 000 000
0013 121 039 163 083 000 000 000 000
0014 121 041 163 086 000 000 000 000
0015 120 042 162 086 000 000 000 000
0016 120 042 162 086 000 000 000 000
0017 119 040 161 084 000 000 000 000
0018 119 040 161 084 000 000 000 000
0019 120 042 163 087 000 000 000 000
0020 121 047 162 088 000 000 000 000
0021 124 059 159 110 000 000 000 000
0022 116 094 155 139 000 000 000 000
0023 111 116 166 167 000 000 000 000
0024 103 152 162 200 000 000 000 000
0025 100 190 156 234 000 000 000 000
0026 105 217 154 236 000 000 000 000
