0006 185 198 217 238 000 000 000 000
0007 188 185 224 227 000 000 000 000
0008 189 146 223 184 000 000 000 000
0009 180 117 220 152 000 000 000 000
0010 171 098 210 133 200 119 239 179
0011 171 096 208 132 196 104 239 174
0012 165 094 208 124 195 110 237 172
0013 166 091 212 125 197 111 240 173
0014 167 092 210 125 198 118 234 175
0015 167 092 209 126 198 110 238 174
0016 167 093 208 126 195 117 234 175
0017 167 093 209 126 197 119 234 174
0018 168 093 209 127 196 118 236 177
0019 169 095 210 132 000 000 000 000
0020 172 099 206 135 195 121 237 182
0021 178 137 213 178 000 000 000 000
0022 173 177 220 225 000 000 000 000
0023 170 206 209 235 000 000 000 000
0024 175 209 200 239 000 000 000 000
