0000 070 208 108 236 143 208 190 238
0001 144 208 191 238 070 207 107 236
0002 072 209 108 238 145 207 191 238
0003 142 207 190 239 071 210 107 239
0004 073 210 108 238 144 210 190 239
0005 143 202 189 237 073 211 108 238
0006 136 192 185 237 073 211 108 238
0007 133 182 185 226 073 210 108 238
0008 131 167 184 212 070 209 107 239
0009 130 153 187 196 073 211 108 238
0010 132 136 183 178 073 210 108 237
0011 129 123 185 168 073 208 109 239
0012 130 113 179 157 073 207 110 239
0013 129 112 178 155 073 208 109 239
0014 130 113 178 156 073 208 109 239
0015 128 114 180 158 074 211 107 237
0016 127 113 183 155 071 209 107 236
0017 128 113 183 156 071 209 107 236
0018 128 113 183 156 071 209 106 236
0019 128 113 183 156 071 209 106 236
0020 129 117 183 161 071 210 106 236
0021 129 117 182 161 071 209 106 236
0022 128 117 183 161 070 209 106 236
0023 128 117 183 161 071 209 107 236
0024 129 117 183 160 070 208 106 236
0025 129 117 183 160 070 208 106 236
0026 129 113 184 156 070 209 106 236
0027 129 117 179 160 072 210 107 238
0028 128 128 182 171 072 209 107 238
0029 133 143 182 188 070 209 107 239
0030 132 170 186 221 073 208 107 238
0031 134 187 185 238 073 210 109 237
0032 073 211 108 237 141 204 187 236
0033 143 207 192 239 073 210 108 238
0034 143 208 190 239 073 209 109 237
0035 143 209 192 239 073 210 109 237
0036 144 208 192 239 073 210 108 237
0037 073 210 109 238 144 207 192 238
0038 073 210 109 238 144 207 191 237
