0000 075 202 105 232 126 211 163 239
0001 076 202 106 231 128 213 165 237
0002 131 215 162 239 078 204 109 234
0003 078 203 106 233 131 215 162 239
0004 078 203 106 233 131 215 162 239
0005 079 204 109 234 131 215 162 239
0006 078 202 106 232 133 210 165 239
0007 138 200 169 230 078 202 106 231
0008 078 203 106 232 148 177 175 213
0009 078 203 106 232 161 149 184 182
0010 077 202 107 231 162 118 191 153
0011 172 094 196 128 078 203 106 232
0012 078 203 108 234 169 078 199 109
0013 078 203 108 234 170 062 201 089
0014 078 202 107 233 167 053 197 082
0015 078 202 107 233 166 048 197 078
0016 163 047 192 073 078 202 107 232
0017 078 203 107 233 162 040 190 068
0018 078 202 107 233 160 044 189 067
0019 078 202 107 232 160 041 190 067
0020 160 041 190 068 078 202 107 232
0021 078 203 107 232 161 041 192 067
0022 078 201 107 232 161 042 189 066
0023 162 040 190 066 074 201 103 234
0024 077 204 108 235 159 038 188 067
0025 160 039 188 065 077 204 108 235
0026 161 039 191 067 077 203 106 233
0027 159 037 195 065 077 204 108 233
0028 163 038 192 065 077 204 107 233
0029 166 038 196 067 077 205 108 234
0030 166 038 196 068 078 203 108 233
0031 168 039 197 065 078 204 108 233
0032 078 203 108 233 164 048 193 070
0033 163 060 191 087 078 204 108 233
0034 078 204 108 233 156 078 183 106
0035 078 203 108 232 149 102 172 133
0036 140 131 169 166 076 201 106 234
0037 077 202 108 234 131 172 162 203
0038 125 207 165 237 078 203 105 233
0039 129 219 162 239 077 203 108 234
0040 077 202 106 233 128 216 163 239
0041 077 202 106 233 129 217 163 239
