0003 126 208 178 238 000 000 000 000
0004 135 174 189 227 000 000 000 000
0005 142 139 194 188 000 000 000 000
0006 141 121 194 167 000 000 000 000
0007 144 094 181 141 000 000 000 000
0008 133 082 193 123 000 000 000 000
0009 131 073 188 110 000 000 000 000
0010 132 065 189 104 000 000 000 000
0011 129 062 186 100 000 000 000 000
0012 129 060 187 098 000 000 000 000
0013 128 056 185 093 000 000 000 000
0014 128 054 186 091 000 000 000 000
0015 127 056 182 091 000 000 000 000
0016 127 056 186 093 000 000 000 000
0017 126 054 184 089 000 000 000 000
0018 125 054 184 093 000 000 000 000
0019 124 055 185 093 000 000 000 000
0020 125 055 184 091 000 000 000 000
0021 128 056 185 093 000 000 000 000
0022 129 057 185 095 000 000 000 000
0023 130 063 183 106 000 000 000 000
0024 138 081 181 125 000 000 000 000
0025 140 094 186 145 000 000 000 000
0026 138 129 181 181 000 000 000 000
0027 137 162 175 219 000 000 000 000
0028 124 194 168 238 000 000 000 000
0029 118 224 160 239 000 000 000 000
