0003 057 223 082 239 187 223 208 239
0014 193 221 216 239 000 000 000 000
0015 199 206 225 234 000 000 000 000
0016 215 173 237 206 000 000 000 000
0017 217 151 246 183 000 000 000 000
0018 215 116 256 157 000 000 000 000
0019 208 092 250 130 000 000 000 000
0020 193 073 247 106 000 000 000 000
0021 163 073 229 103 000 000 000 000
0022 150 084 202 136 000 000 000 000
0023 143 100 184 159 175 085 237 121
0024 130 132 179 200 168 099 240 151
0025 126 167 168 231 177 127 231 186
0026 151 164 217 221 123 208 162 237
0027 142 180 202 232 000 000 000 000
0028 135 189 186 234 000 000 000 000
0029 116 186 172 237 097 208 120 236
0030 096 179 158 225 028 214 087 238
0031 018 162 064 201 097 161 154 203
0032 020 116 070 166 098 146 155 188
0033 034 074 073 129 092 128 153 177
0034 058 045 098 100 091 223 109 239
0035 093 029 119 085 119 095 168 156
0036 134 076 179 159 121 024 164 080
0037 146 046 178 102 079 213 113 239
0038 168 061 195 115 086 223 109 239
0039 184 068 217 133 081 216 114 239
0040 184 087 230 142 000 000 000 000
0041 190 095 237 143 000 000 000 000
0042 179 110 239 145 000 000 000 000
0043 175 131 233 173 000 000 000 000
0044 181 155 226 207 000 000 000 000
0045 185 185 227 235 000 000 000 000
0046 183 217 219 239 215 155 267 214
0047 192 185 250 238 000 000 000 000
0048 184 203 221 239 000 000 000 000
0049 162 209 204 238 000 000 000 000
0050 143 210 186 238 000 000 000 000
0051 127 206 174 239 000 000 000 000
0052 114 200 166 237 000 000 000 000
0053 030 213 088 239 000 000 000 000
0054 026 166 080 203 000 000 000 000
0055 102 154 171 195 000 000 000 000
0056 060 079 105 129 000 000 000 000
0057 085 053 122 104 093 223 115 239
0058 110 049 147 103 092 218 117 239
0059 134 058 164 104 089 217 117 236
0060 145 057 184 113 088 218 114 239
0061 163 072 204 125 088 218 113 239
0062 175 088 227 135 086 215 116 237
0063 197 104 258 158 090 220 114 239
0064 214 120 264 163 087 215 119 235
0065 221 137 266 176 088 216 121 237
0066 220 155 261 196 090 218 116 239
0067 209 165 259 213 091 223 117 239
0068 202 181 250 231 000 000 000 000
0069 200 208 240 239 224 160 265 211
0071 196 188 246 234 000 000 000 000
0073 172 208 208 239 000 000 000 000
0074 155 203 199 239 000 000 000 000
0075 137 203 189 239 000 000 000 000
0077 022 185 090 226 000 000 000 000
0078 131 163 172 203 097 221 122 239
0079 056 117 102 156 091 220 119 239
0080 070 072 119 124 090 215 119 235
0081 090 217 116 239 085 046 130 108
0082 106 035 147 093 089 218 114 239
0083 091 215 113 238 134 036 174 093
0084 085 214 114 237 151 053 178 110
0085 156 069 188 123 090 214 113 235
0086 157 091 201 149 089 214 113 236
0087 155 119 209 169 089 214 112 236
0088 164 140 220 187 085 211 115 236
0089 181 151 231 193 089 214 113 239
0090 196 162 245 203 092 217 117 239
0091 209 162 256 205 092 215 117 239
0092 224 149 266 198 088 213 119 239
0093 237 128 277 178 000 000 000 000
0094 225 104 270 150 000 000 000 000
0095 199 096 253 136 227 102 270 151
0096 167 107 225 154 210 105 273 144
0097 156 133 205 194 195 115 258 155
0098 146 171 193 231 000 000 000 000
0099 132 217 166 235 161 167 226 225
0100 143 192 211 239 095 194 120 233
0101 127 196 185 239 000 000 000 000
0102 116 193 173 238 000 000 000 000
0103 105 186 164 235 000 000 000 000
0104 024 193 070 224 102 177 160 219
0105 016 155 077 197 000 000 000 000
0106 037 131 076 174 000 000 000 000
0107 048 113 086 160 092 217 113 236
0108 052 079 096 136 000 000 000 000
0109 074 073 120 131 000 000 000 000
0110 100 076 135 128 092 223 113 239
0111 123 099 154 144 088 217 116 236
0112 126 114 171 163 088 216 116 237
0113 136 137 183 189 088 217 120 236
0114 143 169 191 216 000 000 000 000
0115 157 206 206 239 087 212 120 239
0119 252 186 278 221 092 212 116 236
0120 229 138 280 182 000 000 000 000
0121 196 114 253 153 094 209 115 234
0122 158 116 225 152 000 000 000 000
0123 133 140 197 178 096 220 119 239
0124 122 171 178 226 000 000 000 000
0125 120 210 163 239 160 164 219 219
0126 148 182 198 229 000 000 000 000
0127 115 192 174 236 000 000 000 000
0128 093 181 158 228 034 212 085 239
0129 020 168 074 205 095 169 158 208
0131 034 098 076 151 093 221 114 239
0132 057 070 107 130 092 220 119 238
0133 089 070 131 128 000 000 000 000
0134 115 091 150 139 000 000 000 000
0135 121 114 171 163 000 000 000 000
0136 131 141 183 189 086 216 116 236
0137 151 169 197 213 093 222 113 239
0138 167 199 212 238 000 000 000 000
0144 089 224 111 239 000 000 000 000
0151 088 222 109 239 000 000 000 000
