0000 120 179 140 211 194 175 214 210
0001 119 177 139 209 194 175 214 210
0002 113 174 136 206 195 176 214 209
0003 099 168 125 197 196 175 214 210
0004 081 163 106 189 196 175 215 209
0005 067 153 090 176 196 176 215 210
0006 054 142 078 167 195 176 214 210
0007 041 134 065 155 196 176 215 212
0008 035 118 070 146 196 176 215 210
0009 033 112 063 133 199 174 216 208
0010 030 107 060 127 199 176 217 209
0011 033 108 057 126 198 176 217 209
0012 028 107 054 125 199 177 217 204
0013 028 105 053 121 200 179 218 209
0014 028 100 054 121 198 176 217 210
0015 029 101 054 120 198 175 217 211
0016 028 102 056 121 198 175 217 210
0017 028 103 054 122 198 174 217 211
0018 027 105 056 124 201 175 219 207
0019 027 106 057 125 200 175 219 209
0020 029 103 056 123 196 170 219 209
0021 176 155 203 190 029 104 056 122
0022 028 105 057 123 156 133 192 155
0023 028 103 055 121 148 115 188 138
0024 029 102 056 120 150 085 178 114
0025 027 100 050 119 155 084 180 112
0026 034 105 058 123 161 089 184 120
0027 180 117 206 143 033 105 058 123
0028 028 101 056 120 193 138 217 160
0029 028 102 057 121 211 146 230 173
0030 223 154 254 180 028 102 055 121
0031 028 102 054 121 238 148 275 176
0032 243 142 283 167 028 102 054 122
0033 246 121 288 140 028 103 054 122
0034 027 102 057 122 245 104 275 127
0035 027 103 056 122 233 091 257 114
0036 028 101 053 122 217 087 241 116
0037 026 102 053 120 207 101 229 124
0038 026 101 056 123 190 121 218 140
0039 026 102 055 121 180 129 210 151
0040 026 102 055 121 169 139 197 164
0041 027 102 056 121 156 140 192 170
0042 143 141 181 168 027 103 054 121
0043 027 103 055 122 139 138 172 161
0044 026 103 056 122 127 127 165 150
0045 026 103 055 122 130 111 163 130
0046 026 101 055 119 137 091 166 113
0047 027 104 054 124 148 085 177 112
0048 025 101 053 120 154 086 179 113
0049 026 102 054 120 169 089 190 114
0050 026 106 054 123 177 096 200 130
0051 027 105 055 124 183 118 208 142
0052 028 106 055 124 188 133 209 153
0053 027 106 055 124 194 143 217 171
0054 026 105 056 124 195 146 221 174
0055 025 106 057 124 208 151 229 182
0056 025 105 057 124 213 154 234 180
0057 026 102 052 121 221 152 251 179
0058 027 104 056 122 234 145 270 167
0059 026 103 055 123 236 138 278 162
0060 026 103 055 122 239 127 279 148
0061 026 103 056 123 239 108 273 132
0062 226 091 257 125 028 103 053 124
0063 221 087 246 121 027 103 053 123
0064 027 101 053 122 215 091 235 124
0065 028 102 055 122 204 110 228 135
0066 028 101 055 122 194 117 229 143
0067 186 129 212 150 029 102 057 122
0068 024 101 059 121 175 131 207 158
0069 029 102 054 121 171 141 198 163
0070 163 140 198 167 028 103 053 122
0071 156 141 191 169 030 106 058 125
0072 154 139 185 164 028 106 054 127
0073 144 127 183 150 029 105 056 124
0074 144 118 185 138 030 107 057 125
0075 153 098 186 130 029 107 058 125
0076 154 094 189 124 031 105 059 124
0077 166 088 191 120 030 105 059 125
0078 172 094 194 122 029 107 057 126
0079 178 107 203 139 031 108 059 126
0080 030 107 062 127 181 117 206 144
0081 031 112 062 132 189 130 210 157
0082 028 116 061 136 191 144 211 165
0083 033 119 062 140 192 148 211 173
0084 039 126 069 147 192 150 213 179
0085 042 137 072 158 194 156 213 185
0086 052 145 082 172 196 162 216 191
0087 056 155 088 184 196 164 214 193
0088 071 167 096 192 197 170 215 201
0089 083 169 105 199 198 170 215 202
0090 089 175 112 208 199 172 217 205
0091 098 179 122 209 198 175 217 208
0092 106 181 130 212 199 176 217 210
0093 112 180 136 214 202 175 219 204
0094 119 179 140 211 199 176 216 210
0095 124 178 146 210 197 176 215 210
0096 127 179 147 211 196 176 215 210
0097 127 179 148 212 195 177 213 210
0098 125 182 142 210 196 177 215 207
0099 122 182 143 214 196 176 214 210
