0000 106 214 125 239 172 223 192 239
0001 107 214 125 236 172 223 192 239
0002 106 214 124 239 172 223 192 239
0003 105 209 127 237 172 223 193 239
0004 105 209 127 237 173 220 195 239
0005 104 210 126 237 173 221 196 239
0006 102 218 121 239 171 223 196 239
0007 101 217 118 236 173 220 195 239
0008 087 218 107 239 173 223 193 239
0009 065 208 089 231 173 223 195 239
0010 042 194 066 216 172 221 197 238
0011 017 168 054 193 176 221 196 237
0012 011 146 038 171 176 223 195 239
0013 006 119 038 144 176 223 198 239
0014 004 105 037 128 176 222 198 239
0015 001 098 036 123 176 222 198 239
0016 005 088 041 116 175 223 196 239
0017 004 082 037 108 176 224 194 239
0018 004 077 042 108 175 223 195 239
0019 002 075 037 108 178 223 196 239
0020 002 075 036 107 175 222 196 239
0021 004 081 038 107 175 223 196 239
0022 003 081 036 109 172 220 198 239
0023 004 079 037 108 173 222 197 239
0024 002 078 040 111 177 223 202 239
0025 001 081 036 111 189 223 210 239
0026 001 077 038 110 209 214 235 238
0027 000 081 036 110 231 186 265 222
0028 001 081 036 109 241 136 278 166
0029 002 082 035 112 224 095 258 126
0030 000 081 037 110 205 081 238 117
0031 001 086 036 114 176 092 205 127
0032 007 082 036 114 148 139 174 164
0033 002 085 038 113 125 171 154 196
0034 000 085 036 118 099 181 132 208
0035 003 086 036 115 081 169 116 193
0036 002 087 035 115 068 141 106 166
0037 001 083 036 112 080 102 108 127
0038 001 085 035 114 083 083 115 106
0039 001 081 035 109 096 059 130 091
0040 001 083 035 111 112 052 139 087
0041 001 084 036 112 121 050 148 089
0042 001 084 035 112 125 066 148 095
0043 001 085 033 113 127 095 158 127
0044 000 086 033 114 131 130 154 158
0045 000 086 033 114 139 162 165 191
0046 000 087 033 114 173 190 197 221
0047 001 086 033 115 180 187 204 222
0048 001 087 034 113 214 176 250 212
0049 002 087 035 114 229 154 274 189
0050 002 087 035 114 235 127 279 156
0051 238 093 272 123 002 087 036 114
0052 002 086 036 115 221 061 250 097
0053 004 087 035 115 190 047 216 078
0054 006 086 039 114 172 041 201 082
0055 002 084 036 113 148 069 178 104
0056 003 085 041 119 141 104 169 129
0057 005 084 042 118 123 139 157 170
0058 006 087 043 117 101 155 140 188
0059 009 087 041 116 087 148 127 176
0060 009 086 042 116 090 120 116 142
0061 006 087 045 118 104 080 134 108
0062 008 089 044 120 117 067 145 101
0063 009 093 041 118 117 068 146 103
0064 006 092 042 121 128 115 159 144
0065 005 092 041 122 145 157 181 186
0066 005 091 041 122 188 168 209 198
0067 006 092 040 122 205 142 235 176
0068 005 093 038 123 204 107 245 143
0069 004 095 039 126 193 082 223 119
0070 007 098 043 125 165 088 190 126
0071 008 099 046 126 147 108 182 142
0072 010 099 044 126 132 148 161 176
0073 014 099 047 127 118 152 153 188
0074 009 098 045 127 101 144 139 169
0075 009 097 045 128 109 119 136 140
0076 117 093 147 132 011 099 045 129
0077 011 100 046 130 133 115 171 149
0078 012 102 045 129 144 137 187 163
0079 012 102 043 131 186 141 211 167
0080 009 104 049 127 204 125 238 154
0081 009 099 043 128 206 122 242 151
0082 015 099 046 125 204 136 239 165
0083 028 105 058 133 202 168 231 192
0084 038 117 074 148 196 203 225 232
0085 047 145 084 171 184 220 204 238
0086 069 177 092 202 177 218 197 239
0087 074 184 097 209 177 220 199 239
0088 085 202 105 229 178 216 203 239
0089 096 212 114 234 176 217 207 239
0090 102 210 119 234 174 217 208 239
0091 102 212 122 236 177 221 200 239
0092 102 213 121 239 176 220 197 239
0093 101 217 121 239 171 221 195 239
0094 101 215 120 236 168 222 190 238
0095 103 217 121 239 170 222 192 238
