0007 151 212 189 237 000 000 000 000
0008 154 203 196 237 000 000 000 000
0009 150 197 204 239 084 209 123 238
0010 152 187 213 238 081 206 108 239
0011 152 187 209 235 077 206 111 238
0012 150 176 205 237 078 201 107 239
0013 061 176 111 238 134 142 188 233
0014 126 109 189 183 045 141 097 204
0015 127 047 181 115 017 083 068 141
0016 136 014 189 071 007 047 054 110
0017 166 000 208 053 008 047 039 099
0018 182 001 214 057 005 056 039 111
0019 178 009 213 076 002 068 041 134
0020 162 042 204 107 013 105 058 167
0021 152 095 205 169 047 161 095 223
0022 138 131 200 210 068 184 114 236
0023 131 129 190 202 065 161 111 217
0024 118 083 184 139 049 095 097 158
0025 116 039 180 089 042 047 089 104
0026 126 010 190 056 043 014 078 071
0027 160 000 206 033 033 013 057 062
0028 190 000 218 055 018 031 042 075
0029 193 001 222 058 019 029 052 085
0030 019 022 050 085 185 001 216 065
0031 180 009 213 077 030 015 057 085
0032 032 014 075 080 173 016 208 089
0033 044 026 084 076 157 033 197 102
0034 041 033 094 086 152 054 190 119
0035 044 033 095 085 150 063 184 134
0036 042 039 093 086 145 101 200 151
0037 041 040 095 088 152 113 221 157
0038 044 042 097 086 158 114 239 152
0039 045 043 094 084 158 117 242 153
0040 042 039 091 082 159 123 238 159
0041 042 025 090 070 163 121 240 156
0042 043 021 099 062 163 122 243 160
0043 166 125 244 162 045 029 102 061
0044 053 027 125 068 171 124 252 161
0045 174 128 254 165 074 041 145 084
0046 094 047 158 099 184 128 260 164
0047 108 068 174 120 186 132 263 162
0048 186 130 261 169 131 083 198 141
0049 194 130 257 169 147 098 216 146
0050 170 106 218 151 196 129 260 157
0051 176 110 235 156 209 121 261 165
0052 189 115 256 159 168 143 229 174
0053 197 114 272 155 158 146 231 175
0054 209 108 279 153 151 144 211 176
0055 215 102 281 150 148 147 205 179
0056 216 104 280 151 000 000 000 000
0057 216 104 280 148 000 000 000 000
0058 217 108 266 155 000 000 000 000
0059 217 112 263 160 000 000 000 000
0060 210 113 258 164 000 000 000 000
0061 210 115 259 161 000 000 000 000
0062 212 111 260 157 000 000 000 000
0063 211 110 258 157 000 000 000 000
0064 211 111 258 157 000 000 000 000
0065 212 113 257 159 000 000 000 000
0066 212 113 257 158 000 000 000 000
0067 209 112 258 157 000 000 000 000
0068 210 112 257 158 000 000 000 000
0069 208 109 253 157 000 000 000 000
0070 204 101 251 148 000 000 000 000
0071 194 087 243 135 000 000 000 000
0072 166 076 220 129 155 127 198 180
0073 140 092 193 154 162 098 214 185
0074 171 127 220 192 113 122 171 183
0075 170 169 225 221 080 180 133 229
0076 072 207 119 239 169 198 217 234
0077 171 213 216 239 073 221 109 239
0083 091 224 134 239 000 000 000 000
0096 107 091 147 122 000 000 000 000
0097 108 092 145 123 000 000 000 000
0108 106 091 146 121 000 000 000 000
0109 106 091 146 122 000 000 000 000
0110 106 091 146 122 000 000 000 000
