0005 096 224 129 239 000 000 000 000
0006 085 219 140 238 000 000 000 000
0007 086 201 133 239 187 204 226 237
0008 175 148 216 228 093 155 121 222
0009 165 065 195 125 095 079 129 141
0010 148 040 194 097 093 044 133 103
0011 151 041 197 094 085 050 120 104
0012 159 062 212 113 080 064 120 126
0013 165 079 225 142 077 087 126 144
0014 178 131 237 199 081 111 132 182
0015 209 204 256 239 080 152 134 214
0016 071 162 126 224 195 196 253 239
0017 075 119 128 179 178 128 217 200
0018 081 051 129 111 147 047 185 112
0019 137 038 183 086 081 047 121 102
0020 075 057 120 109 141 054 187 093
0021 142 071 193 113 080 073 123 123
0022 094 100 139 146 146 099 195 140
0023 144 117 189 157 106 125 152 162
0024 121 131 176 171 000 000 000 000
0025 117 140 169 185 000 000 000 000
0026 097 145 156 190 000 000 000 000
0027 084 141 155 179 000 000 000 000
0028 073 126 127 166 115 129 158 166
0029 069 111 117 157 111 148 154 167
0030 059 102 114 143 108 140 142 158
0031 057 104 104 148 000 000 000 000
0032 054 121 103 166 000 000 000 000
0033 056 133 105 177 000 000 000 000
0034 059 133 111 177 104 131 138 175
0035 059 129 110 174 103 134 136 171
0036 061 127 112 170 102 128 136 168
0037 062 120 114 161 000 000 000 000
0038 073 111 121 158 000 000 000 000
0039 093 111 142 161 120 144 158 191
0040 120 159 153 211 137 135 174 188
0041 155 195 197 239 105 201 150 236
0042 163 220 200 239 098 222 137 239
