0001 187 223 227 239 000 000 000 000
0002 201 202 242 239 103 217 162 239
0003 114 192 182 233 206 179 242 236
0004 115 137 182 188 204 124 230 178
0005 111 102 172 158 195 094 225 145
0006 182 075 217 124 099 087 157 144
0007 064 080 102 130 161 060 210 106
0008 165 058 214 107 060 076 096 131
0009 172 057 220 108 063 075 102 136
0010 080 087 129 149 186 067 229 120
0011 093 115 151 162 200 088 232 143
0012 196 089 232 145 097 119 165 166
0013 099 103 162 148 191 074 230 131
0014 164 055 215 108 080 072 130 125
0015 055 087 091 131 169 060 215 107
0016 057 073 093 134 171 057 212 107
0017 060 077 098 131 169 060 215 109
0018 067 073 108 131 165 061 213 106
0019 155 064 209 111 081 067 126 134
0020 151 070 206 117 104 094 151 144
0021 125 099 176 156 147 088 202 133
0022 131 108 179 158 000 000 000 000
0023 132 116 179 163 000 000 000 000
0024 130 126 185 165 000 000 000 000
0025 132 124 188 167 169 115 230 160
0026 128 106 177 158 229 109 318 150
0027 128 113 182 159 264 099 319 136
0028 128 113 181 161 271 100 309 143
0029 127 111 182 161 250 100 308 145
0030 128 113 184 162 251 102 309 150
0031 128 114 183 162 254 105 309 148
0032 128 114 183 164 253 103 304 148
0033 128 115 182 164 251 101 304 148
0034 129 114 184 163 265 106 307 148
0035 126 116 183 165 253 105 300 149
0036 120 124 179 177 243 117 290 163
0037 118 159 172 219 225 145 266 191
0038 198 193 239 236 000 000 000 000
