0000 166 198 215 238 124 192 166 239
0001 166 195 216 239 121 185 167 239
0002 164 188 216 239 119 174 160 234
0003 164 183 216 239 120 172 168 235
0004 166 173 219 234 121 165 167 223
0005 118 159 170 216 167 166 219 228
0006 120 157 160 211 169 158 221 212
0007 170 147 225 195 119 147 159 195
0008 171 137 223 183 119 142 161 185
0009 174 131 223 172 118 135 162 174
0010 173 125 223 165 119 127 161 163
0011 121 125 163 158 174 118 227 153
0012 121 117 163 149 174 113 220 145
0013 118 114 159 145 176 106 224 142
0014 178 105 226 137 113 106 165 138
0015 182 100 224 133 115 100 164 131
0016 115 098 163 129 183 096 225 127
0017 180 097 231 136 115 099 163 131
0018 182 099 230 136 115 099 162 132
0019 182 098 226 132 110 105 160 135
0020 114 106 163 139 183 099 226 134
0021 112 104 162 140 177 100 222 137
0022 117 109 166 146 178 103 226 138
0023 112 116 166 147 180 110 229 144
0024 109 122 162 156 178 116 226 149
0025 108 128 163 162 176 122 228 156
0026 106 133 163 168 179 131 224 164
0027 106 139 165 181 179 136 227 171
0028 107 147 164 191 179 141 225 178
0029 113 152 164 198 178 144 226 181
0030 113 159 160 203 179 148 227 187
0031 109 162 163 219 175 154 230 195
0032 111 167 162 221 176 160 227 206
0033 115 169 161 227 177 166 229 212
0034 112 170 163 230 176 170 225 220
0035 111 174 162 234 176 174 227 223
0036 111 176 162 236 178 176 225 228
0037 110 177 163 235 178 177 228 227
0038 110 177 163 236 177 178 227 229
0039 109 175 164 236 178 174 225 228
0040 113 175 162 234 178 176 226 229
0041 178 174 225 224 115 171 163 230
0042 112 172 161 226 177 170 227 222
0043 116 165 162 221 178 169 228 218
0044 117 162 164 213 177 165 229 212
0045 117 161 161 214 178 165 229 209
0046 113 156 161 203 175 158 228 200
0047 176 145 227 184 113 145 159 181
0048 177 137 228 171 109 140 158 174
0049 112 133 162 163 175 127 225 162
0050 108 130 159 157 177 120 220 154
0051 177 118 227 154 115 123 160 151
0052 110 120 163 148 174 114 225 150
0053 171 114 222 147 112 114 162 146
0054 116 113 163 144 169 114 227 149
0055 113 110 161 144 179 112 228 147
0056 113 112 162 146 174 111 228 144
0057 177 107 228 144 113 112 163 145
0058 179 108 228 144 114 112 163 146
0059 178 111 227 146 110 115 162 148
0060 180 113 226 146 112 116 162 148
0061 180 113 229 152 111 118 164 151
0062 110 123 164 156 181 117 226 153
0063 107 127 163 161 179 122 227 157
0064 180 129 227 161 101 135 161 164
0065 179 133 228 166 107 141 164 171
0066 103 146 163 179 177 139 227 173
0067 105 152 163 187 178 146 228 182
0068 107 159 161 194 176 154 228 188
0069 176 160 229 199 105 163 163 204
0070 109 170 160 211 179 169 234 208
0071 177 175 233 218 109 178 160 230
0072 104 181 160 239 176 179 232 227
0073 105 184 160 239 175 184 231 234
0074 174 189 231 237 110 192 161 239
0075 175 194 228 239 113 197 159 239
0076 176 196 229 239 117 202 163 238
0077 176 198 227 239 117 204 162 238
0078 172 200 227 239 117 203 164 238
0079 172 201 226 239 117 202 161 236
0080 171 202 229 237 118 202 163 236
0081 176 203 228 239 120 203 164 236
0082 175 205 227 239 121 204 166 236
0083 177 205 229 239 124 201 168 236
0084 124 199 163 235 181 205 233 239
0085 122 197 157 235 186 202 232 238
0086 189 203 234 239 118 194 157 234
0087 198 194 245 238 113 189 162 236
0088 199 186 247 235 117 187 171 227
0089 109 177 169 214 200 179 253 226
0090 104 167 164 202 206 161 256 213
0091 195 132 247 185 097 149 160 189
0092 098 106 168 157 190 098 242 154
0093 099 079 155 139 184 080 246 136
0094 195 067 249 124 089 070 141 132
0095 213 076 257 122 085 079 130 130
0096 083 072 133 130 212 075 260 125
0097 086 070 139 136 208 070 260 128
0098 092 074 146 137 207 066 260 131
0099 203 072 258 135 094 082 150 149
0100 098 093 152 151 202 084 258 141
0101 095 095 153 152 207 087 255 138
0102 097 090 151 147 207 086 253 138
0103 094 071 147 136 199 070 257 131
0104 089 082 137 134 207 072 259 125
0105 213 073 262 125 088 079 135 131
0106 086 080 136 136 212 074 262 124
0107 088 077 139 142 210 074 262 129
0108 090 078 139 144 209 075 259 132
0109 094 081 145 149 209 074 261 131
0110 093 086 145 155 209 080 258 139
0111 098 091 151 160 205 085 259 146
0112 208 085 258 145 098 096 149 165
0113 207 091 257 148 099 098 151 165
0114 202 090 256 149 103 097 156 164
0115 102 099 157 165 201 091 255 150
0116 099 099 156 164 200 092 254 148
0117 105 098 157 163 193 091 251 150
0118 104 101 164 164 191 091 246 150
0119 112 111 167 167 189 096 245 155
0120 115 129 180 169 183 104 245 155
0121 123 145 185 188 175 114 240 164
0122 158 126 224 167 130 158 194 205
0123 125 159 199 207 147 132 215 169
0124 130 153 195 204 143 134 218 174
0125 134 156 201 200 144 136 217 179
0126 135 157 199 194 138 136 215 175
0127 138 136 205 184 000 000 000 000
0128 134 138 204 180 000 000 000 000
0129 136 139 205 182 000 000 000 000
0130 133 143 212 184 000 000 000 000
0131 133 146 216 185 000 000 000 000
0132 133 149 220 185 000 000 000 000
0133 153 148 227 187 129 141 186 183
0134 121 145 187 185 167 147 228 185
0135 120 139 188 184 176 134 236 176
0136 121 140 187 182 176 129 237 172
0137 114 137 187 180 178 116 231 163
0138 114 143 189 181 174 114 229 163
0139 117 139 187 184 180 111 230 158
0140 118 138 184 183 178 110 229 158
0141 116 142 180 185 180 113 231 163
0142 120 148 183 185 186 130 235 178
0143 117 147 178 189 188 174 240 218
0144 116 149 178 191 188 183 243 227
0145 117 147 178 192 189 187 245 231
0146 118 147 178 191 190 182 240 229
0147 117 149 177 192 188 182 240 228
0148 116 148 178 192 192 185 243 229
0149 114 149 177 192 192 183 243 230
0150 115 149 176 192 189 184 243 228
0151 113 154 178 197 189 185 239 233
0152 115 159 175 202 191 192 238 235
0153 115 167 177 208 191 192 238 237
0154 116 174 173 212 190 196 239 238
0155 116 176 171 214 185 200 232 239
0156 118 178 171 220 183 202 237 238
0157 120 183 170 222 184 203 236 239
0158 114 184 170 225 183 205 238 238
0159 117 187 167 231 182 203 239 236
