0000 161 221 193 237 000 000 000 000
0001 166 223 196 239 000 000 000 000
0002 166 223 196 239 000 000 000 000
0003 165 221 198 237 000 000 000 000
0004 162 222 196 239 000 000 000 000
0005 163 220 195 239 000 000 000 000
0006 101 215 140 239 162 218 204 239
0007 187 206 213 236 087 197 122 237
0008 198 189 239 236 076 180 102 217
0009 065 117 096 168 202 137 242 178
0010 183 080 222 137 073 081 106 138
0011 170 078 214 126 086 075 124 127
0012 174 095 218 144 088 085 128 137
0013 083 094 121 145 179 122 223 174
0014 078 099 110 151 189 142 227 178
0015 086 077 118 131 181 102 213 143
0016 168 067 213 124 095 067 132 119
0017 097 079 138 120 171 089 211 124
0018 098 088 136 137 169 092 214 134
0019 169 102 208 148 099 108 130 158
0020 094 131 125 176 165 120 201 165
0021 146 124 188 163 088 143 123 183
0022 091 144 131 181 133 129 179 163
0023 122 133 177 167 097 139 130 170
0024 122 132 173 167 098 135 139 171
0025 124 128 169 166 097 134 140 171
0026 123 128 168 164 096 137 131 172
0027 115 127 170 165 097 127 133 164
0028 101 119 148 163 000 000 000 000
0029 112 125 154 165 101 123 129 155
0030 118 123 155 164 105 116 132 151
0031 114 123 168 161 106 119 135 154
0032 115 122 164 170 000 000 000 000
0033 105 123 145 171 122 117 165 159
0034 104 128 148 173 115 113 156 151
0035 111 116 151 166 000 000 000 000
0036 109 114 157 167 000 000 000 000
0037 113 114 158 168 000 000 000 000
0038 120 119 161 163 000 000 000 000
0039 132 139 176 182 110 140 138 182
0040 135 160 180 205 108 147 145 191
0041 146 195 189 238 109 161 147 197
0042 153 213 197 238 104 159 129 194
0043 106 173 145 213 157 222 197 239
0044 098 172 134 214 000 000 000 000
0045 098 176 131 214 000 000 000 000
0046 099 182 130 217 000 000 000 000
0047 102 187 133 222 000 000 000 000
0048 103 190 138 225 000 000 000 000
0049 110 206 140 234 000 000 000 000
0050 108 213 144 239 000 000 000 000
0051 110 221 141 239 000 000 000 000
0052 114 216 146 234 000 000 000 000
0053 111 222 138 239 000 000 000 000
0054 111 222 140 239 000 000 000 000
0055 113 222 142 239 000 000 000 000
0056 112 222 141 239 000 000 000 000
0057 112 221 143 239 000 000 000 000
0058 111 221 142 239 000 000 000 000
0059 109 219 140 239 000 000 000 000
0060 104 216 142 237 000 000 000 000
0061 108 220 139 239 000 000 000 000
0062 104 218 143 239 000 000 000 000
0063 107 220 143 239 000 000 000 000
0064 110 223 142 239 000 000 000 000
0065 110 223 141 239 000 000 000 000
0066 104 220 145 239 000 000 000 000
0067 109 221 144 239 000 000 000 000
0068 109 221 142 239 000 000 000 000
0069 109 222 141 239 000 000 000 000
0070 104 221 145 239 000 000 000 000
0071 110 221 144 239 000 000 000 000
0072 109 222 141 239 000 000 000 000
0073 109 222 141 239 000 000 000 000
0074 109 222 141 239 000 000 000 000
0075 109 223 141 239 000 000 000 000
0076 109 222 142 239 000 000 000 000
0077 109 222 142 239 000 000 000 000
0078 109 222 142 239 000 000 000 000
0079 109 221 142 239 000 000 000 000
0080 107 219 144 239 000 000 000 000
0081 106 218 147 239 000 000 000 000
0082 105 219 147 239 000 000 000 000
0083 108 218 144 239 000 000 000 000
0084 106 215 146 239 000 000 000 000
0085 105 217 134 239 000 000 000 000
0086 109 213 138 239 000 000 000 000
0087 105 215 135 239 000 000 000 000
0088 104 214 134 235 000 000 000 000
0089 104 214 133 235 000 000 000 000
0090 104 214 133 235 000 000 000 000
0091 104 214 133 235 000 000 000 000
0092 107 214 134 238 000 000 000 000
0093 105 216 144 239 000 000 000 000
0094 108 214 142 238 000 000 000 000
0095 108 214 141 238 000 000 000 000
0096 108 214 141 238 000 000 000 000
0097 107 216 142 238 000 000 000 000
0098 107 213 139 237 000 000 000 000
0099 106 214 134 239 000 000 000 000
0100 108 214 136 239 000 000 000 000
0101 108 215 136 239 000 000 000 000
0102 108 215 136 239 000 000 000 000
0103 108 214 137 239 000 000 000 000
0104 108 215 136 239 000 000 000 000
0105 105 214 132 235 000 000 000 000
0106 105 213 132 235 000 000 000 000
0107 106 214 136 235 000 000 000 000
0108 107 215 140 238 000 000 000 000
