0000 089 195 109 231 000 000 000 000
0005 181 225 210 239 000 000 000 000
0006 188 210 217 239 096 214 125 239
0007 093 182 131 239 177 176 208 232
0008 096 115 131 177 161 097 192 164
0009 095 074 129 123 137 045 185 106
0010 143 040 194 101 089 059 128 116
0011 156 065 212 127 089 072 137 136
0012 095 104 141 172 164 106 225 179
0013 105 157 155 212 196 202 250 239
0014 098 184 152 234 190 201 252 239
0015 186 171 253 239 100 173 150 229
0016 098 114 148 164 169 094 217 155
0017 150 038 193 108 092 060 143 123
0018 084 059 129 118 144 043 193 104
0019 140 069 193 119 082 078 124 130
0020 133 099 190 145 089 108 131 150
0021 128 125 179 170 102 141 141 175
0022 111 142 165 184 000 000 000 000
0023 111 143 164 185 000 000 000 000
0024 103 137 157 180 000 000 000 000
0025 090 137 152 176 000 000 000 000
0026 079 135 149 174 000 000 000 000
0027 080 140 139 187 000 000 000 000
0028 078 147 128 200 118 144 155 183
0029 073 165 127 214 114 152 153 192
0030 074 169 129 218 114 155 152 195
0031 078 166 130 216 114 156 149 193
0032 080 161 134 214 114 157 152 197
0033 082 157 134 204 000 000 000 000
0034 097 149 155 193 000 000 000 000
0035 112 154 158 206 000 000 000 000
0036 127 158 183 202 112 174 160 225
0037 153 186 198 239 103 198 153 239
0038 170 215 208 239 101 219 147 239
0039 169 223 208 239 100 223 138 239
0040 105 222 132 238 000 000 000 000
