0005 091 218 132 239 000 000 000 000
0006 090 212 138 238 000 000 000 000
0007 086 204 132 237 155 219 208 239
0008 148 188 206 239 076 184 114 237
0009 139 135 196 203 066 144 110 213
0010 048 074 085 136 133 052 189 113
0011 138 011 191 067 034 035 063 098
0012 162 000 207 057 023 035 052 095
0013 185 000 219 064 016 045 041 091
0014 183 002 219 072 015 055 048 124
0015 171 022 210 089 012 064 054 134
0016 150 095 210 167 049 126 079 191
0017 068 188 109 236 154 164 201 235
0018 138 162 203 232 074 176 124 237
0019 134 111 196 178 073 117 112 194
0020 143 039 204 094 051 037 092 100
0021 151 000 212 059 042 007 068 058
0022 179 000 223 039 029 008 056 062
0023 209 001 240 056 011 022 049 089
0024 204 000 238 064 013 030 051 100
0025 201 000 236 069 014 030 053 098
0026 014 024 055 099 198 004 232 074
0027 016 025 055 098 199 010 230 089
0028 188 026 225 105 013 024 056 098
0029 013 025 058 094 171 070 220 135
0030 019 020 059 092 166 092 225 142
0031 015 022 055 086 169 112 248 150
0032 018 017 060 085 175 120 252 158
0033 023 011 065 076 177 124 263 161
0034 025 007 060 075 179 131 268 169
0035 031 007 074 076 182 137 274 173
0036 053 021 087 070 183 141 273 179
0037 054 045 126 095 188 141 282 179
0038 079 045 142 108 195 146 276 187
0039 100 060 173 128 192 150 284 186
0040 118 080 197 143 197 153 289 189
0041 143 095 222 162 212 151 292 186
0042 162 105 229 167 218 149 289 183
0043 176 111 240 171 218 155 291 186
0044 184 119 239 174 231 154 292 188
0045 187 116 245 171 213 149 281 186
0046 194 126 272 183 000 000 000 000
0047 214 127 289 173 170 151 237 183
0048 212 116 300 166 161 152 236 180
0049 217 107 302 162 164 146 228 173
0050 233 096 314 146 000 000 000 000
0051 236 084 309 130 000 000 000 000
0052 236 073 299 118 000 000 000 000
0053 234 065 284 117 000 000 000 000
0054 227 065 281 118 000 000 000 000
0055 227 075 273 125 000 000 000 000
0056 226 080 275 123 000 000 000 000
0057 223 081 279 125 000 000 000 000
0058 226 079 278 122 000 000 000 000
0059 225 082 274 125 000 000 000 000
0060 223 082 277 130 000 000 000 000
0061 227 087 277 129 000 000 000 000
0062 227 086 279 129 000 000 000 000
0063 229 086 279 129 000 000 000 000
0064 229 085 278 128 000 000 000 000
0065 230 085 278 129 000 000 000 000
0066 230 083 278 128 000 000 000 000
0067 228 083 277 127 000 000 000 000
0068 227 082 275 125 000 000 000 000
0069 227 081 275 124 000 000 000 000
0070 222 081 271 125 000 000 000 000
0071 219 081 269 122 000 000 000 000
0072 219 082 266 122 000 000 000 000
0073 218 081 267 122 000 000 000 000
0074 221 080 267 122 000 000 000 000
0075 215 078 264 121 000 000 000 000
0076 204 069 257 114 000 000 000 000
0077 190 069 244 115 156 125 196 180
0078 155 114 214 189 164 091 221 146
0079 126 135 203 187 000 000 000 000
0080 103 182 165 239 164 172 212 233
0081 096 215 130 239 000 000 000 000
