0000 118 209 155 238 000 000 000 000
0001 118 208 155 238 000 000 000 000
0002 117 208 155 239 000 000 000 000
0003 118 209 156 238 039 220 067 239
0004 034 206 064 239 118 206 156 239
0005 126 193 158 224 047 180 077 218
0006 126 168 159 202 060 157 089 192
0007 133 141 164 182 066 135 096 177
0008 134 126 163 172 069 125 101 167
0009 072 115 103 160 132 114 169 162
0010 071 108 101 153 134 109 169 154
0011 066 105 095 145 143 108 169 147
0012 058 107 089 144 143 113 170 150
0013 056 111 086 151 148 115 174 157
0014 145 122 171 165 055 114 084 152
0015 149 124 175 163 052 117 082 153
0016 149 123 175 162 051 116 082 155
0017 149 124 177 165 050 117 082 154
0018 050 118 082 156 149 123 175 163
0019 149 122 174 163 050 118 082 157
0020 146 120 172 161 052 116 082 151
0021 055 113 087 151 144 115 171 159
0022 058 108 087 151 146 109 169 156
0023 059 107 087 151 144 111 169 158
0024 058 109 087 152 143 112 168 159
0025 056 116 087 159 142 121 167 165
0026 051 117 088 155 144 123 170 171
0027 143 125 171 173 054 121 083 158
0028 142 124 171 174 054 123 083 158
0029 142 125 171 174 053 122 082 159
0030 142 126 171 174 053 123 083 160
0031 138 131 171 175 052 123 083 163
0032 139 135 171 180 052 125 083 165
0033 136 145 170 186 049 142 084 182
0034 132 160 166 196 045 169 074 205
0035 125 176 161 216 036 194 073 235
0036 124 197 155 237 030 215 065 238
0037 121 205 156 238 035 222 063 239
0038 122 208 157 238 000 000 000 000
0039 124 210 159 238 000 000 000 000
0040 124 209 159 238 000 000 000 000
0041 124 209 162 238 000 000 000 000
0042 124 210 162 238 000 000 000 000
0043 124 211 161 238 000 000 000 000
0044 124 211 163 238 000 000 000 000
0045 124 211 162 238 000 000 000 000
0046 124 211 162 238 000 000 000 000
