0000 048 206 100 239 000 000 000 000
0001 045 207 100 239 000 000 000 000
0002 047 205 099 239 196 176 230 231
0003 045 197 095 239 199 218 228 239
0004 055 171 094 216 170 179 213 222
0005 160 152 202 195 057 143 094 194
0006 151 110 189 161 057 110 100 170
0007 140 082 187 145 067 081 104 146
0008 143 064 183 132 067 065 104 134
0009 144 057 180 128 064 055 104 123
0010 141 055 182 124 064 053 099 119
0011 146 054 182 126 059 052 099 120
0012 058 056 095 129 145 057 187 128
0013 145 066 193 127 046 059 092 126
0014 152 080 198 138 050 070 089 138
0015 152 086 200 145 046 075 087 140
0016 154 092 200 148 044 078 086 141
0017 161 083 202 146 043 079 084 138
0018 161 090 205 153 045 081 083 144
0019 175 101 212 159 048 089 086 149
0020 188 145 227 191 049 128 088 188
0021 051 152 093 201 188 162 231 214
0022 049 183 102 229 201 194 243 236
0023 049 200 101 239 000 000 000 000
0024 049 202 102 239 000 000 000 000
0025 047 202 102 239 000 000 000 000
0026 048 199 097 239 000 000 000 000
0027 037 196 080 238 207 214 234 237
0028 017 193 053 234 000 000 000 000
0029 006 199 044 236 203 213 232 239
0030 003 205 036 236 000 000 000 000
0031 002 212 039 239 000 000 000 000
0032 002 216 042 239 000 000 000 000
