0009 112 223 151 239 005 225 042 239
0010 113 216 147 236 015 212 043 238
0011 009 198 037 237 102 207 149 239
0012 101 195 151 238 003 188 042 234
0013 105 174 150 222 010 175 044 224
0014 107 152 149 204 019 153 052 208
0015 110 132 154 193 023 139 058 201
0016 110 123 154 184 026 139 064 202
0017 113 120 153 186 026 135 061 196
0018 111 119 157 187 023 134 059 196
0019 114 116 152 187 023 132 057 195
0020 112 119 159 185 021 136 056 197
0021 119 113 156 185 021 129 057 194
0022 117 111 159 178 023 118 056 179
0023 117 110 158 178 021 120 057 181
0024 119 113 158 182 022 118 056 183
0025 120 109 159 178 020 119 059 183
0026 122 109 160 178 020 120 059 181
0027 125 114 165 182 020 116 056 183
0028 124 111 163 179 020 119 065 188
0029 124 112 164 180 019 116 065 182
0030 125 112 163 177 021 116 067 181
0031 125 112 163 178 024 119 064 186
0032 125 111 164 177 022 119 061 191
0033 125 111 164 178 021 120 064 186
0034 124 111 164 178 019 118 060 190
0035 124 110 164 178 023 119 062 187
0036 126 112 164 181 024 120 061 183
0037 123 109 165 177 023 120 062 182
0038 021 124 064 185 123 109 165 177
0039 122 109 165 176 022 121 062 188
0040 124 113 164 183 022 122 062 189
0041 021 124 061 181 120 113 160 183
0042 118 120 160 189 017 132 063 199
0043 118 129 162 191 018 142 060 207
0044 116 139 163 202 022 159 060 215
0045 112 157 155 212 020 180 058 229
0046 106 175 151 229 011 201 054 238
0047 106 196 157 239 011 215 050 239
0048 112 217 155 237 014 225 045 239
