0000 068 204 117 239 140 204 182 238
0001 063 188 111 230 145 193 180 235
0002 062 153 093 200 152 148 187 194
0003 073 108 102 166 151 112 186 173
0004 144 093 180 155 077 102 116 157
0005 141 100 175 158 085 102 116 158
0006 088 111 122 165 141 109 171 172
0007 138 106 171 169 087 116 126 169
0008 138 106 170 164 086 113 130 165
0009 139 105 170 163 090 112 140 160
0010 137 105 170 167 089 109 126 160
0011 134 108 169 165 090 111 124 163
0012 082 131 128 174 124 136 170 183
0013 125 193 169 239 078 182 123 231
0014 072 208 111 239 136 211 177 239
0015 143 213 179 235 000 000 000 000
0016 142 211 179 234 000 000 000 000
