0003 002 218 036 239 131 221 159 239
0004 000 202 035 235 116 203 155 236
0005 004 169 041 217 121 171 161 215
0006 126 140 162 194 011 143 043 201
0007 014 117 047 179 127 116 163 177
0008 129 106 162 165 017 103 050 167
0009 014 102 048 163 131 095 161 155
0010 017 104 048 170 136 097 165 157
0011 017 106 049 168 133 094 164 153
0012 015 106 051 171 131 093 163 152
0013 015 109 052 169 133 094 163 153
0014 015 106 052 168 132 094 163 154
0015 016 105 052 167 132 095 164 157
0016 017 104 054 166 132 097 162 156
0017 018 104 054 169 129 097 161 157
0018 018 104 055 168 133 099 162 157
0019 018 105 057 170 132 099 161 154
0020 133 096 163 155 020 108 058 168
0021 022 110 059 173 127 097 166 157
0022 021 114 061 177 132 094 163 157
0023 023 112 055 178 133 094 162 156
0024 129 098 163 159 021 113 061 176
0025 129 098 164 162 021 110 061 175
0026 129 099 163 162 021 111 061 177
0027 128 098 164 161 020 115 061 175
0028 129 097 163 159 020 111 059 177
0029 129 099 163 158 022 114 059 173
0030 129 098 163 157 021 120 060 179
0031 128 098 163 158 018 116 060 178
0032 129 102 162 161 022 115 059 176
0033 128 102 162 161 020 116 059 177
0034 128 103 162 163 021 117 060 182
0035 127 105 162 166 021 116 059 177
0036 020 121 058 182 127 113 163 173
0037 018 140 055 200 123 133 161 193
0038 116 167 153 220 020 172 059 226
0039 112 206 153 239 016 205 048 237
