0010 052 182 084 238 000 000 000 000
0011 123 211 168 238 052 190 092 234
0012 053 161 089 221 127 160 158 212
0013 138 135 171 205 058 144 086 211
0014 059 123 092 189 142 119 173 186
0015 059 114 092 180 142 112 174 175
0016 050 117 088 181 144 110 175 175
0017 049 117 082 186 144 112 175 179
0018 051 113 083 179 143 112 173 178
0019 052 112 085 179 142 112 173 173
0020 048 119 084 185 144 118 176 185
0021 050 116 084 183 144 116 177 179
0022 050 116 083 183 147 120 182 181
0023 149 121 181 191 049 116 082 186
0024 046 118 082 185 149 118 181 187
0025 049 118 083 183 147 119 183 183
0026 047 117 083 186 149 118 182 189
0027 048 118 082 186 151 122 182 187
0028 047 117 080 184 150 120 183 186
0029 047 119 083 186 150 120 182 187
0030 048 119 082 185 149 120 182 184
0031 047 117 081 183 149 116 182 179
0032 048 120 076 184 146 120 182 181
0033 047 119 080 187 147 121 185 184
0034 145 118 182 181 047 116 082 180
0035 046 117 081 182 150 121 182 185
0036 146 119 179 186 049 119 079 186
0037 146 120 185 177 048 118 080 182
0038 047 118 080 183 149 119 180 187
0039 048 119 083 184 147 118 181 187
0040 048 117 083 182 149 120 180 185
0041 047 119 082 188 149 120 180 185
0042 047 121 081 185 149 120 181 188
0043 147 124 183 193 047 125 082 190
0044 142 136 184 207 045 129 083 193
0045 131 175 184 234 049 162 091 225
0046 043 183 096 234 129 207 179 236
0047 048 221 072 239 160 216 201 239
