0002 099 224 127 239 000 000 000 000
0003 102 224 126 239 000 000 000 000
0004 103 221 132 239 000 000 000 000
0005 106 215 132 239 000 000 000 000
0006 101 209 138 239 000 000 000 000
0007 100 189 148 229 201 218 237 239
0008 189 179 244 233 097 161 147 203
0009 095 138 146 186 190 150 250 199
0010 192 123 253 181 094 111 147 173
0011 200 108 249 172 085 099 138 159
0012 074 093 123 154 213 104 256 172
0013 061 096 113 162 221 103 262 181
0014 224 114 265 190 048 108 104 165
0015 048 120 101 179 226 124 272 191
0016 231 127 272 203 044 130 090 188
0017 043 135 095 188 228 132 270 202
0018 043 136 095 188 232 134 273 205
0019 231 134 272 206 041 133 091 190
0020 043 131 092 184 230 131 274 203
0021 227 122 270 200 045 126 092 179
0022 055 112 102 169 223 117 268 185
0023 056 106 104 170 218 111 261 183
0024 054 105 103 163 223 108 265 188
0025 227 114 268 187 047 108 099 168
0026 229 117 270 190 042 114 095 172
0027 043 118 091 175 228 123 274 197
0028 231 125 272 194 043 126 094 181
0029 041 122 086 173 232 128 275 194
0030 044 121 089 176 231 128 274 191
0031 229 126 278 189 044 119 087 175
0032 220 127 262 190 057 118 103 170
0033 205 138 253 194 071 126 110 178
0034 183 163 244 221 083 141 127 200
0035 087 155 132 214 177 198 236 238
0036 098 188 138 236 000 000 000 000
0037 100 205 131 237 000 000 000 000
0038 105 216 129 239 000 000 000 000
0039 105 220 131 239 000 000 000 000
0040 103 223 129 239 000 000 000 000
0048 104 225 132 239 000 000 000 000
