0005 184 210 223 239 000 000 000 000
0006 105 173 150 231 190 157 231 215
0007 193 123 231 181 105 125 147 195
0008 189 107 231 166 108 110 142 174
0009 185 101 229 161 105 105 142 169
0010 183 097 229 161 107 106 143 168
0011 184 095 228 154 107 105 144 171
0012 183 096 230 159 108 107 144 172
0013 184 096 230 158 108 107 143 175
0014 184 096 230 158 107 108 143 174
0015 185 097 230 155 103 108 148 171
0016 185 098 229 157 107 111 141 174
0017 180 102 224 163 096 116 141 187
0018 172 152 212 218 094 173 147 235
0019 097 195 147 239 170 179 213 233
