0000 046 201 100 239 189 180 230 232
0001 047 203 100 238 189 172 230 237
0002 046 201 099 238 193 213 220 238
0003 055 178 100 228 176 191 214 237
0004 157 161 199 205 065 151 106 194
0005 067 126 111 175 158 138 194 187
0006 142 106 186 163 075 098 120 154
0007 135 083 180 144 075 078 118 137
0008 132 070 176 136 080 066 117 128
0009 079 057 115 122 131 059 172 132
0010 131 058 173 131 076 055 113 119
0011 131 059 174 132 074 053 112 121
0012 137 061 178 138 075 059 113 129
0013 135 072 182 142 073 059 114 134
0014 135 081 178 155 073 073 113 140
0015 139 086 178 152 070 076 115 144
0016 139 087 181 152 070 082 115 146
0017 140 090 183 153 073 080 112 147
0018 145 098 191 160 072 088 114 151
0019 061 122 112 171 161 128 202 183
0020 059 156 098 196 180 171 218 217
0021 050 172 099 217 193 180 230 237
0022 042 189 096 235 199 211 229 238
0023 048 206 100 238 193 173 233 239
0024 046 206 100 238 000 000 000 000
0025 045 207 098 238 000 000 000 000
