0000 092 208 120 239 163 205 194 237
0001 094 208 120 239 165 209 190 238
0002 091 204 119 235 164 205 194 237
0003 165 205 194 237 093 207 120 239
0004 090 205 116 239 170 208 194 238
0005 085 194 110 232 177 192 200 223
0006 074 171 102 211 183 163 210 199
0007 070 159 102 193 181 140 207 167
0008 076 157 117 189 169 122 198 151
0009 090 156 128 190 156 121 188 146
0010 122 124 171 154 121 166 153 199
0011 089 139 135 179 149 179 183 214
0012 080 157 118 201 163 181 194 213
0013 079 157 116 200 165 175 197 202
0014 075 158 114 200 162 178 194 207
0015 075 156 113 198 162 178 193 209
0016 075 156 111 198 163 177 194 208
0017 074 155 112 197 163 176 194 207
0018 074 156 110 197 163 176 194 207
0019 074 156 111 197 163 177 194 207
0020 074 156 111 198 163 177 195 207
0021 074 156 111 199 163 178 194 207
0022 074 156 111 199 163 178 195 207
0023 074 157 112 199 163 177 195 207
0024 073 156 115 199 163 178 194 209
0025 076 156 115 198 162 177 193 208
0026 080 152 118 193 159 179 191 208
0027 150 176 188 209 088 149 125 183
0028 141 180 172 211 100 145 145 179
0029 118 148 158 182 125 183 160 214
0030 103 188 139 227 140 166 172 201
0031 100 195 131 233 155 184 183 222
0032 158 197 186 234 099 203 127 238
0033 096 204 129 238 158 203 188 237
0034 161 212 188 239 099 210 127 238
0035 161 212 187 239 096 206 130 238
0036 162 213 184 234 099 208 127 239
0037 158 208 187 238 098 206 131 239
0038 158 208 187 238 100 208 127 239
0039 157 208 185 239 100 210 127 239
