0000 124 177 148 197 195 167 216 200
0001 193 184 212 211 130 184 148 210
0002 197 187 232 215 122 184 143 210
0003 212 189 234 214 115 189 132 213
0004 117 191 138 222 221 189 239 217
0005 132 191 155 226 205 191 234 222
0006 188 188 213 221 157 187 185 219
0007 165 176 204 213 189 183 212 208
0008 149 176 180 204 181 180 208 203
0009 147 179 171 206 181 182 210 202
0010 149 177 174 205 179 182 205 204
0011 149 176 174 205 179 183 205 204
0012 177 182 205 207 149 178 173 206
0013 148 179 173 206 177 183 205 208
0014 147 176 171 205 176 182 205 209
0015 148 177 175 206 177 182 205 210
0016 182 184 205 209 149 182 175 208
0017 157 186 183 215 000 000 000 000
0018 172 193 196 223 159 193 180 227
0019 186 196 208 227 141 198 164 229
0020 125 202 145 232 203 200 222 229
0021 118 200 137 229 202 196 220 227
0022 196 199 215 226 117 201 136 229
0023 127 200 147 231 194 197 211 224
0024 133 207 152 235 193 196 211 227
0025 135 202 152 228 189 201 209 228
0026 131 204 151 232 190 201 209 228
0027 129 202 152 234 189 200 209 227
0028 131 207 151 234 193 198 211 228
0029 193 198 211 228 130 206 151 233
0030 134 203 154 232 192 198 211 228
0031 135 205 155 232 192 197 211 228
