0000 192 194 214 226 134 186 156 216
0001 144 180 171 211 175 186 202 222
0002 153 180 187 210 000 000 000 000
0003 175 160 204 193 139 164 171 197
0004 180 151 209 181 130 157 170 188
0005 181 149 210 180 132 155 169 185
0006 130 157 170 188 180 152 209 183
0007 180 152 208 185 132 156 170 189
0008 180 152 209 183 130 157 171 189
0009 130 157 171 189 180 152 210 188
0010 181 156 209 186 130 157 171 189
0011 180 153 209 183 133 161 165 188
0012 176 152 205 184 133 161 167 190
0013 176 153 205 186 133 161 167 189
0014 179 156 209 185 133 160 168 189
0015 176 155 205 187 131 156 171 188
0016 135 158 166 188 180 156 205 187
0017 135 158 166 188 177 154 204 187
0018 176 155 204 187 135 156 167 188
0019 176 156 204 188 132 157 169 189
0020 134 159 170 190 176 157 203 189
0021 171 163 200 190 142 167 172 199
0022 156 176 184 204 000 000 000 000
0023 168 180 200 216 146 179 170 204
0024 138 182 161 213 178 182 213 222
0025 136 189 156 214 192 188 216 223
0026 197 188 219 222 130 187 151 216
0027 127 188 148 215 201 189 220 225
0028 126 189 148 213 201 190 220 225
0029 127 189 147 216 201 191 220 222
0030 127 187 149 216 200 192 220 222
0031 128 186 149 215 198 193 218 223
