0003 047 223 093 239 000 000 000 000
0004 055 203 089 239 138 200 174 236
0005 123 161 169 221 066 192 110 233
0006 117 128 162 179 076 182 131 221
0007 088 176 151 208 113 111 159 162
0008 113 105 158 158 097 170 165 202
0009 115 103 158 159 104 168 170 198
0010 117 103 158 158 106 167 173 199
0011 107 097 151 149 111 168 176 199
0012 085 096 142 145 113 166 174 203
0013 108 170 176 203 091 096 138 142
0014 106 099 149 152 106 172 168 204
0015 104 170 167 204 130 100 172 157
0016 146 093 195 148 104 170 168 203
0017 112 170 177 203 137 087 183 143
0018 113 174 177 203 126 089 169 139
0019 114 174 178 205 114 091 158 142
0020 116 090 162 139 113 171 176 211
0021 115 089 163 135 110 175 173 212
0022 118 093 168 134 102 178 164 219
0023 126 107 177 146 081 186 132 236
0024 139 133 185 189 049 209 089 236
0025 149 170 193 235 024 198 061 235
0026 151 191 186 237 000 000 000 000
0027 149 217 181 239 000 000 000 000
