0000 191 200 237 239 060 224 120 239
0001 190 194 241 239 069 215 117 234
0002 188 170 243 234 065 206 120 239
0003 063 180 132 228 170 131 224 220
0004 067 168 140 209 158 125 211 185
0005 132 117 181 174 072 161 148 202
0006 108 116 165 173 075 159 150 196
0007 078 152 154 193 078 108 148 159
0008 080 150 157 190 079 103 147 147
0009 080 148 153 186 094 093 166 139
0010 122 095 192 148 074 146 157 186
0011 144 091 199 146 076 147 155 184
0012 144 093 193 154 071 151 156 187
0013 124 100 177 161 078 153 155 189
0014 096 101 152 159 076 151 157 189
0015 082 103 139 161 077 156 157 191
0016 079 099 141 158 075 154 158 191
0017 088 098 151 157 075 152 155 190
0018 088 099 152 158 077 153 156 192
0019 098 094 163 151 079 157 154 196
0020 126 111 188 171 077 168 142 219
0021 063 195 125 239 160 143 215 216
0022 175 173 229 237 056 218 113 239
0023 183 194 231 239 057 222 100 236
0024 187 208 230 239 000 000 000 000
0025 189 206 231 238 000 000 000 000
0026 185 208 229 239 000 000 000 000
0027 184 205 228 239 000 000 000 000
