0000 157 161 203 203 060 164 108 209
0001 157 160 204 204 060 164 108 209
0002 060 164 103 214 156 157 208 203
0003 059 163 103 214 158 155 209 203
0004 059 164 104 214 159 155 208 203
0005 059 164 103 214 161 158 204 201
0006 059 164 103 213 158 156 209 203
0007 060 164 103 214 159 156 208 203
0008 060 164 103 213 158 156 208 204
0009 060 164 103 213 159 156 209 203
0010 059 165 103 213 159 154 209 204
0011 059 164 103 213 158 158 208 203
0012 159 155 204 201 065 162 108 205
0013 156 148 207 191 069 148 119 191
0014 073 144 126 186 144 144 212 189
0015 074 138 127 178 147 144 213 182
0016 148 139 206 173 076 137 131 170
0017 147 137 201 177 081 138 129 168
0018 149 133 205 170 080 134 132 168
0019 080 133 131 168 149 127 207 165
0020 081 131 134 163 148 125 207 161
0021 149 123 202 160 081 132 132 163
0022 148 123 205 160 081 133 129 163
0023 076 133 133 163 148 124 203 162
0024 078 132 134 163 147 124 206 163
0025 145 126 208 162 080 131 132 161
0026 141 122 205 157 084 130 136 163
0027 143 126 207 159 085 130 139 162
0028 146 122 208 157 085 126 142 162
0029 084 127 139 161 144 122 211 158
0030 146 122 211 158 079 126 139 163
0031 146 123 210 159 080 126 140 162
0032 142 125 209 160 081 128 139 162
0033 144 125 214 162 081 128 141 162
0034 145 126 208 161 082 127 138 160
0035 142 124 212 162 078 131 134 164
0036 147 124 211 158 080 129 137 163
0037 143 127 208 162 079 128 141 161
0038 086 129 139 162 143 126 204 160
0039 143 126 206 159 082 130 142 161
0040 141 124 202 161 088 128 144 159
0041 140 129 211 162 084 128 141 158
0042 142 125 208 160 090 126 140 162
0043 141 124 209 166 080 125 141 160
0044 153 136 206 175 082 134 129 168
0045 071 142 123 177 155 140 206 185
0046 068 154 109 196 164 147 209 191
0047 166 151 212 200 065 154 107 197
0048 170 158 215 209 067 155 109 202
0049 169 158 216 209 069 159 113 202
0050 171 158 218 208 067 158 117 204
0051 065 158 115 205 171 158 217 207
0052 171 158 217 209 065 159 115 203
0053 067 159 119 203 172 154 217 209
0054 172 158 217 210 065 160 116 204
0055 067 159 119 203 172 155 217 209
0056 065 160 119 203 172 155 217 209
0057 172 158 217 209 066 160 119 203
0058 065 160 119 203 172 155 217 209
0059 066 160 119 203 172 154 217 209
0060 171 158 217 209 066 159 119 203
0061 065 159 119 203 172 154 217 209
0062 067 160 117 203 171 157 218 208
