0003 018 223 050 238 000 000 000 000
0004 011 213 052 238 000 000 000 000
0005 010 207 050 237 118 219 162 237
0006 113 200 163 239 019 188 051 237
0007 107 172 155 226 021 163 063 222
0008 100 144 157 199 017 140 072 202
0009 099 139 155 192 022 145 079 203
0010 099 142 158 196 022 144 074 206
0011 101 144 160 197 018 146 075 207
0012 102 142 162 199 019 148 077 210
0013 102 144 159 200 023 149 078 212
0014 101 144 159 201 021 148 076 210
0015 101 146 160 201 025 152 080 213
0016 103 144 160 201 027 154 080 213
0017 099 149 159 206 026 156 082 213
0018 100 147 159 203 019 154 076 214
0019 100 148 159 203 025 153 078 212
0020 101 147 159 204 024 152 078 212
0021 102 148 158 204 025 155 077 213
0022 102 149 159 205 028 156 076 209
0023 102 149 159 205 022 153 078 213
0024 105 149 158 206 027 152 077 214
0025 103 150 159 206 022 157 077 215
0026 104 151 158 205 023 154 081 214
0027 022 157 079 215 104 148 158 205
0028 020 154 081 215 101 151 157 204
0029 101 148 158 203 023 155 080 215
0030 103 149 159 205 026 152 078 215
0031 103 149 158 205 027 158 080 214
0032 102 150 157 204 029 159 080 214
0033 020 155 082 214 101 149 157 204
0034 102 150 158 205 021 158 080 213
0035 100 150 158 206 024 159 076 216
0036 099 154 156 210 025 155 082 220
0037 104 166 154 224 032 169 070 228
0038 104 190 154 239 025 194 062 237
0039 105 209 156 238 020 221 059 239
