0000 129 212 165 237 000 000 000 000
0001 074 176 112 207 122 181 170 215
0002 119 184 170 217 076 175 110 205
0003 122 182 170 217 075 176 112 208
0004 075 176 111 204 120 184 167 218
0005 121 182 170 217 076 174 110 204
0006 076 175 111 204 121 182 170 217
0007 073 175 113 207 121 182 169 217
0008 074 174 113 207 121 182 170 217
0009 074 174 113 206 120 182 170 218
0010 120 185 172 219 076 174 111 204
0011 074 175 113 205 118 183 170 220
0012 121 185 173 218 074 175 109 204
0013 122 186 173 221 074 176 110 206
0014 072 175 113 208 123 188 173 221
0015 122 189 172 223 074 174 114 208
0016 075 177 117 209 123 190 172 223
0017 074 176 114 210 120 187 171 222
0018 074 176 113 210 118 192 173 226
0019 073 176 114 210 119 187 173 218
0020 074 176 113 210 119 191 175 226
0021 072 176 113 209 120 190 172 221
0022 071 175 112 210 118 188 172 221
0023 071 175 112 215 125 185 172 221
0024 070 174 112 225 123 184 168 231
0025 120 192 167 237 071 186 110 222
0026 125 193 165 233 070 194 104 225
0027 125 198 165 235 069 196 104 229
0028 125 200 165 236 065 198 104 233
0029 130 203 167 237 070 200 101 236
0030 070 202 103 238 127 205 164 237
0031 128 208 165 237 068 204 102 238
0032 126 208 165 237 068 204 101 237
0033 129 207 166 237 069 204 101 238
