0004 194 219 223 239 000 000 000 000
0005 186 184 226 235 101 206 155 239
0006 175 163 226 212 096 187 155 234
0007 170 155 221 198 098 173 149 216
0008 168 152 219 193 097 160 147 204
0009 167 151 219 191 100 162 150 204
0010 167 151 217 189 100 160 153 201
0011 166 152 219 190 101 157 154 200
0012 163 152 217 191 101 159 154 200
0013 162 152 216 191 104 159 158 200
0014 164 152 214 192 098 160 156 201
0015 163 153 216 192 100 162 156 202
0016 163 153 214 194 101 162 155 202
0017 162 152 216 193 098 160 160 199
0018 163 153 216 193 100 162 155 202
0019 163 153 216 194 098 160 160 200
0020 164 159 213 204 098 166 156 213
0021 169 185 211 232 096 190 146 238
0022 181 222 212 239 000 000 000 000
