0003 194 209 252 239 104 223 144 239
0004 195 170 248 232 096 179 166 236
0005 190 138 246 204 092 145 157 207
0006 086 120 152 182 184 110 236 180
0007 090 115 153 171 178 102 241 170
0008 093 113 160 172 181 100 242 170
0009 092 115 160 176 182 110 244 178
0010 090 117 160 178 186 114 242 180
0011 092 117 159 176 186 114 243 183
0012 092 118 158 175 183 115 244 182
0013 183 114 243 181 091 116 158 176
0014 183 112 241 178 092 117 161 175
0015 184 112 241 179 090 122 161 176
0016 087 123 161 177 184 114 240 180
0017 098 135 161 202 192 127 241 195
0018 106 182 169 239 199 162 237 232
0019 202 219 229 239 000 000 000 000
