0005 195 222 223 239 000 000 000 000
0006 162 180 205 225 000 000 000 000
0007 138 126 182 158 000 000 000 000
0008 135 107 177 128 000 000 000 000
0009 136 100 177 121 000 000 000 000
0010 139 099 176 118 000 000 000 000
0011 141 096 179 115 000 000 000 000
0012 142 095 180 114 000 000 000 000
0013 143 096 179 115 000 000 000 000
0014 143 096 179 115 000 000 000 000
0015 142 097 182 115 000 000 000 000
0016 147 097 185 119 000 000 000 000
0017 163 095 200 122 000 000 000 000
0018 171 095 214 118 000 000 000 000
0019 172 098 214 119 000 000 000 000
0020 167 097 208 120 000 000 000 000
0021 163 099 196 119 112 224 131 239
0022 146 097 184 119 000 000 000 000
0023 137 100 176 121 000 000 000 000
0024 138 097 173 116 000 000 000 000
0025 138 100 171 117 000 000 000 000
0026 144 100 180 122 000 000 000 000
0027 150 095 188 119 000 000 000 000
0028 169 094 210 115 000 000 000 000
0029 182 095 224 119 000 000 000 000
0030 182 096 223 116 000 000 000 000
0031 183 094 223 118 000 000 000 000
0032 181 094 223 119 000 000 000 000
0033 183 096 225 121 000 000 000 000
0034 177 121 225 148 119 224 138 239
0035 185 172 227 213 000 000 000 000
0036 202 220 227 239 000 000 000 000
