0000 190 209 219 239 111 213 133 239
0001 189 209 219 239 111 212 133 239
0002 189 209 219 239 111 210 131 236
0003 190 209 219 239 111 210 132 237
0004 190 210 219 239 111 210 132 236
0005 191 210 219 239 111 209 132 236
0006 190 210 219 239 111 210 132 236
0007 191 211 219 239 111 210 132 236
0008 193 212 219 239 111 213 133 239
0009 164 174 203 215 111 214 132 239
0010 150 145 190 177 109 209 133 237
0011 109 209 132 238 129 117 172 138
0012 111 208 134 235 126 096 175 117
0013 110 208 135 238 130 089 185 111
0014 109 207 135 238 139 094 195 117
0015 154 095 196 116 108 208 132 237
0016 159 094 206 118 109 209 135 239
0017 161 098 198 119 108 212 129 239
0018 108 209 130 235 159 101 202 120
0019 164 104 202 123 109 210 132 239
0020 163 120 203 140 111 208 132 238
0021 171 141 208 171 110 208 134 239
0022 186 170 213 216 111 209 134 238
0023 193 203 220 237 110 208 135 237
0024 190 212 216 239 112 210 133 239
