0000 194 191 222 227 110 185 128 217
0001 182 183 212 222 111 185 129 217
0002 171 168 208 210 111 187 129 218
0003 141 135 193 170 112 187 130 219
0004 129 112 185 144 114 190 131 218
0005 121 097 165 119 150 096 218 132
0006 110 084 147 106 133 083 206 117
0007 118 075 200 106 107 075 136 095
0008 119 073 200 107 112 189 132 223
0009 112 189 131 222 126 078 158 098
0010 111 188 130 223 136 079 174 098
0011 153 078 192 098 109 189 130 223
0012 109 187 129 223 163 076 210 100
0013 182 072 224 099 105 189 126 223
0014 185 075 232 098 105 189 126 221
0015 180 074 229 097 107 189 127 222
0016 170 073 218 100 110 193 127 221
0017 148 073 192 096 110 188 128 221
0018 113 190 131 223 000 000 000 000
0019 115 190 133 222 128 072 197 104
0020 115 192 133 223 125 074 189 102
0021 115 190 133 223 128 073 184 101
0022 131 070 189 098 113 191 132 223
0023 140 077 196 108 112 191 131 222
0024 131 080 167 099 111 188 131 222
0025 153 078 192 099 109 188 129 222
0026 107 188 127 222 169 075 213 103
0027 185 072 225 095 106 186 127 220
0028 107 186 127 219 187 073 232 098
0029 109 187 128 220 188 074 232 095
0030 109 188 130 223 183 071 228 091
0031 110 189 129 222 165 067 214 094
0032 111 190 130 223 148 071 191 097
0033 110 188 128 222 142 074 170 093
0034 113 190 132 223 126 078 159 100
0035 149 076 208 105 114 191 133 223
0036 144 075 206 105 113 189 132 223
0037 114 193 132 222 143 076 215 110
0038 130 078 169 099 112 188 131 222
0039 142 074 185 097 112 187 130 222
0040 110 189 129 222 160 068 210 097
0041 109 187 128 222 193 067 230 089
0042 109 187 128 223 198 070 234 089
0043 109 187 129 223 198 071 234 089
0044 197 071 235 091 108 187 127 217
0045 197 070 236 091 111 187 130 224
0046 198 070 237 090 115 187 132 220
0047 198 074 237 097 112 189 131 224
0048 199 075 234 101 113 190 131 223
0049 205 096 239 136 112 189 131 223
0050 209 118 239 156 112 188 131 223
0051 208 166 238 209 112 188 131 222
0052 205 175 235 221 111 188 131 223
0053 208 195 229 233 111 189 131 223
0054 112 188 130 223 205 199 226 230
0055 110 187 128 220 204 192 222 229
