0000 120 178 142 212 199 172 220 210
0001 122 181 142 213 200 174 219 210
0002 124 180 144 212 200 173 220 211
0003 124 177 144 212 201 172 220 210
0004 123 179 143 212 195 157 220 191
0005 176 142 206 172 122 179 142 212
0006 121 179 141 211 154 108 193 130
0007 148 086 185 113 122 179 141 211
0008 123 178 144 211 159 092 200 129
0009 125 177 143 212 148 084 179 111
0010 152 082 181 112 126 179 144 211
0011 124 179 144 212 160 081 197 108
0012 123 178 142 211 190 080 215 104
0013 122 177 141 210 196 077 222 106
0014 195 084 221 110 120 178 139 210
0015 192 082 224 109 118 177 139 212
0016 194 086 223 113 121 177 140 210
0017 193 085 222 111 122 178 141 210
0018 187 081 216 110 123 178 143 210
0019 163 083 196 110 125 176 144 209
0020 124 179 144 211 151 086 182 110
0021 123 179 144 212 146 086 179 107
0022 123 179 142 211 143 086 180 110
0023 123 180 142 212 145 082 184 109
0024 123 180 142 211 144 082 183 110
0025 123 180 142 212 147 084 184 113
0026 123 180 141 210 168 080 202 102
0027 122 178 142 211 195 081 221 108
0028 121 179 141 211 187 082 219 107
0029 119 181 139 212 187 087 219 111
0030 186 088 222 113 119 179 140 211
0031 119 177 141 211 190 086 220 111
0032 122 180 142 212 186 086 222 109
0033 185 087 222 114 123 179 144 212
0034 189 087 222 117 124 179 144 210
0035 123 179 143 211 190 092 227 126
0036 122 179 141 210 208 124 228 149
0037 120 179 140 211 214 158 235 182
0038 119 177 140 211 206 159 227 193
0039 121 179 140 211 195 175 216 209
0040 121 180 141 212 194 175 213 208
0041 123 179 142 211 196 175 215 212
0042 123 178 142 211 197 175 217 209
0043 123 178 142 212 197 174 216 209
0044 123 177 143 211 195 177 215 210
