0000 160 197 197 231 189 193 213 226
0001 160 200 196 231 191 193 214 231
0002 162 203 192 234 185 191 212 229
0003 158 208 189 237 184 185 215 223
0004 172 169 215 204 151 215 179 234
0005 157 146 212 177 144 219 171 237
0006 151 119 203 148 141 219 171 238
0007 145 111 197 138 147 218 176 239
0008 149 106 197 136 147 220 177 239
0009 157 110 203 136 149 220 180 239
0010 168 111 211 136 149 219 179 239
0011 142 219 172 239 190 108 239 135
0012 201 106 243 135 132 217 160 235
0013 204 108 244 137 127 222 157 239
0014 203 108 245 139 123 217 153 239
0015 197 106 243 137 125 218 156 239
0016 131 221 159 239 192 108 236 138
0017 133 220 164 239 176 108 225 132
0018 136 219 165 239 169 111 215 135
0019 166 116 201 138 140 216 170 239
0020 152 112 201 139 136 218 166 239
0021 151 113 193 138 141 215 170 239
0022 139 219 169 239 153 114 197 138
0023 141 219 171 239 162 112 201 135
0024 140 214 167 238 166 112 223 142
0025 143 213 170 237 195 110 242 146
0026 139 209 169 237 204 112 242 144
0027 140 215 166 236 203 114 240 148
0028 136 211 166 239 202 109 243 147
0029 135 214 161 237 201 115 237 147
0030 133 218 162 239 194 121 233 154
0031 184 139 231 174 131 216 155 238
