0001 167 225 205 239 000 000 000 000
0002 164 217 206 238 114 222 148 239
0003 164 203 209 238 113 221 156 239
0004 163 194 207 230 117 223 161 239
0005 162 184 211 227 116 223 162 239
0006 161 176 208 219 114 222 163 238
0007 158 167 206 212 114 225 160 239
0008 155 158 206 206 115 225 165 239
0009 154 153 202 198 111 223 159 237
0010 151 150 201 197 111 212 157 239
0011 112 198 151 235 148 150 198 197
0012 139 147 190 193 117 184 159 226
0013 123 166 168 219 131 146 184 192
0014 126 143 175 198 000 000 000 000
0015 119 128 176 182 000 000 000 000
0016 130 125 178 176 000 000 000 000
0017 116 123 162 169 000 000 000 000
0018 116 114 168 162 000 000 000 000
0019 115 111 174 174 000 000 000 000
0020 114 109 168 157 000 000 000 000
0021 120 103 172 155 000 000 000 000
0022 113 103 172 153 000 000 000 000
0023 113 104 164 149 000 000 000 000
0024 112 102 165 145 000 000 000 000
0025 142 092 184 143 112 099 160 143
0026 110 102 154 140 144 093 189 146
0027 112 101 156 141 145 096 188 147
0028 143 090 184 148 111 100 155 138
0029 112 105 154 140 145 098 189 153
0030 111 105 155 141 145 093 190 150
0031 111 101 156 137 145 096 191 154
0032 112 101 156 137 145 093 190 149
0033 111 105 153 142 147 098 189 151
0034 145 095 189 149 111 102 155 138
0035 111 102 153 140 144 095 189 150
0036 148 101 185 154 111 106 159 148
0037 117 117 160 156 151 124 184 181
0038 120 184 171 233 126 140 180 184
0039 144 178 196 228 113 217 151 239
0040 156 208 206 239 000 000 000 000
0041 166 222 201 239 000 000 000 000
0042 164 224 200 239 000 000 000 000
0043 164 223 201 239 000 000 000 000
0044 162 223 202 239 000 000 000 000
0045 157 220 205 239 000 000 000 000
0046 151 219 212 239 000 000 000 000
0047 151 210 206 239 000 000 000 000
