0000 049 207 103 236 146 216 187 236
0001 050 205 103 239 150 221 194 239
0002 040 206 082 237 145 209 189 239
0003 029 203 078 234 137 204 185 236
0004 136 188 182 235 022 201 074 235
0005 134 170 190 221 026 190 071 230
0006 037 184 084 224 131 152 185 205
0007 119 135 175 186 059 177 110 217
0008 107 108 154 156 083 151 149 192
0009 094 091 139 137 097 138 144 184
0010 093 087 140 132 122 117 166 156
0011 090 071 145 123 120 094 164 143
0012 091 055 142 111 138 073 175 114
0013 087 044 142 107 149 059 179 108
0014 086 036 141 100 149 060 192 113
0015 086 036 142 100 152 057 197 107
0016 087 034 141 101 153 055 199 108
0017 091 034 145 098 154 056 200 108
0018 093 034 142 098 157 058 199 108
0019 089 031 139 094 159 055 197 109
0020 097 034 141 106 157 058 198 107
0021 156 060 201 112 093 035 134 095
0022 093 035 144 101 157 060 201 110
0023 095 037 143 097 160 056 199 110
0024 096 035 143 095 160 059 201 109
0025 098 036 145 098 158 056 202 110
0026 100 036 144 096 160 055 203 109
0027 101 035 139 096 159 054 203 110
0028 100 032 140 097 161 060 204 110
0029 100 033 140 096 163 059 203 111
0030 100 033 138 094 161 055 204 110
0031 161 061 204 111 102 034 144 100
0032 161 060 206 112 099 034 141 093
0033 161 057 205 113 100 033 140 095
0034 105 031 143 094 161 063 206 114
0035 160 060 205 116 100 030 139 097
0036 160 061 205 115 100 032 142 096
0037 160 061 205 115 100 031 143 096
0038 160 061 205 115 099 030 140 093
0039 160 065 205 117 095 034 142 099
0040 160 065 205 117 098 033 136 097
0041 095 034 142 099 160 065 204 117
0042 160 066 205 117 093 035 142 100
0043 159 065 205 118 093 032 137 095
0044 161 067 205 119 094 039 142 101
0045 161 067 206 120 094 039 142 103
0046 162 067 206 120 096 034 141 098
0047 162 067 206 120 096 034 138 096
0048 162 066 206 119 092 039 143 100
0049 162 066 206 119 092 037 143 100
0050 162 068 206 119 092 036 144 099
0051 162 066 206 120 092 039 143 100
0052 162 067 205 119 091 038 143 101
0053 161 068 205 118 092 038 142 099
0054 161 068 206 119 097 035 139 097
0055 162 066 205 118 095 037 135 100
0056 161 068 205 119 092 038 141 101
0057 162 068 205 121 092 038 142 101
0058 162 067 206 118 092 040 141 101
0059 161 067 205 119 092 040 141 100
0060 161 065 204 119 094 039 136 098
0061 093 038 137 101 160 065 202 119
0062 094 040 142 103 160 068 201 114
0063 094 040 142 103 159 067 203 118
0064 094 041 141 104 158 067 203 119
0065 094 040 141 104 160 066 203 117
0066 094 040 140 102 160 067 202 118
0067 153 077 195 125 092 049 143 108
0068 093 065 141 113 137 117 190 163
0069 107 151 160 195 055 159 108 209
0070 071 183 132 222 065 221 104 239
0071 047 196 100 235 131 198 196 235
0072 042 204 092 237 000 000 000 000
0073 044 208 092 237 000 000 000 000
0074 046 210 095 237 000 000 000 000
0075 049 208 096 237 000 000 000 000
0076 048 208 098 237 000 000 000 000
0077 050 212 097 237 000 000 000 000
0078 048 210 099 239 000 000 000 000
0079 049 211 098 239 000 000 000 000
