0000 228 209 257 238 131 211 172 239
0001 223 208 259 238 132 212 173 239
0002 226 207 257 239 132 213 174 239
0003 233 204 269 239 127 219 172 239
0004 241 188 291 229 127 218 172 239
0005 248 155 294 201 131 213 173 239
0006 248 125 283 178 133 207 181 238
0007 234 097 274 155 141 187 199 232
0008 220 086 260 147 181 174 237 219
0009 212 077 254 140 204 165 259 202
0010 206 074 249 136 209 145 274 189
0011 200 072 250 132 243 130 290 179
0012 201 069 249 132 238 110 291 173
0013 198 068 246 132 242 105 293 165
0014 243 100 291 160 201 070 249 130
0015 198 072 246 129 239 099 290 153
0016 199 072 245 127 244 090 289 140
0017 198 070 244 125 241 085 287 136
0018 241 080 285 130 196 070 242 125
0019 238 079 278 130 200 068 241 125
0020 233 079 277 133 197 071 240 125
0021 235 077 279 129 201 067 240 120
0022 235 077 278 130 202 067 240 125
0023 235 079 280 133 197 072 240 124
0024 238 079 281 134 199 069 240 126
0025 240 081 281 131 196 065 239 123
0026 242 081 282 132 201 069 242 126
0027 240 083 283 133 196 069 244 124
0028 239 084 283 133 198 069 244 125
0029 199 068 247 127 240 088 285 137
0030 200 069 246 126 243 087 286 135
0031 244 085 289 133 201 070 246 126
0032 206 066 244 128 243 087 285 135
0033 244 086 286 132 202 066 244 123
0034 243 085 286 133 207 068 245 127
0035 239 083 286 134 206 065 243 123
0036 243 081 284 131 201 066 246 122
0037 243 080 285 130 208 063 245 125
0038 240 080 284 132 200 063 246 123
0039 239 080 284 131 207 062 245 123
0040 242 080 284 131 202 066 245 121
0041 242 080 284 130 202 067 245 120
0042 201 067 245 122 241 080 283 130
0043 201 067 245 121 241 080 283 130
0044 241 080 283 131 201 067 244 122
0045 240 082 282 135 208 064 246 129
0046 242 098 281 145 212 075 251 125
0047 223 098 264 154 200 143 259 181
0048 223 133 263 186 181 178 230 222
0049 146 191 205 238 226 166 267 209
0050 125 201 168 238 224 199 260 234
0051 222 204 255 239 114 210 158 239
