0001 157 207 205 239 199 209 232 236
0002 146 187 199 239 077 206 114 239
0003 132 181 189 234 078 203 116 239
0004 131 178 186 235 195 202 232 237
0005 127 180 183 234 080 199 121 238
0006 129 179 184 235 081 198 128 237
0007 130 176 185 236 084 197 134 236
0008 133 171 183 233 089 199 135 236
0009 133 169 187 233 090 195 138 236
0010 131 172 184 235 093 194 137 235
0011 133 172 183 234 092 196 138 236
0012 133 171 183 234 091 196 139 236
0013 133 169 185 235 090 195 140 234
0014 138 169 190 234 091 193 139 236
0015 136 172 191 236 091 193 137 237
0016 137 174 191 236 091 194 138 238
0017 136 177 191 236 094 193 140 233
0018 133 172 191 234 095 195 140 234
0019 136 164 193 232 093 196 143 237
0020 136 161 194 231 093 194 148 237
0021 134 161 192 234 095 193 154 235
0022 138 163 188 232 094 193 147 236
0023 138 162 188 229 094 193 147 236
0024 137 163 187 229 093 197 146 236
0025 136 160 186 229 091 196 146 236
0026 130 158 182 224 094 196 142 235
0027 129 157 184 228 093 194 143 235
0028 131 161 183 225 096 196 143 234
0029 131 148 185 218 098 197 147 235
0030 127 130 187 198 094 184 147 235
0031 128 105 185 182 152 180 209 231
0032 157 159 212 210 129 090 182 162
0033 124 077 173 150 163 140 214 195
0034 117 068 169 138 169 127 223 182
0035 113 059 161 129 173 120 223 174
0036 112 056 160 129 173 117 225 170
0037 112 052 160 122 176 113 231 165
0038 113 049 163 121 178 113 233 167
0039 117 044 162 126 177 113 233 165
0040 115 047 167 120 178 115 232 165
0041 112 043 166 128 178 113 232 165
0042 116 046 166 123 179 115 233 167
0043 120 044 169 130 180 118 231 170
0044 118 047 166 121 179 116 232 171
0045 118 047 166 123 179 119 231 172
0046 120 042 167 129 178 117 231 171
0047 120 043 166 127 178 112 232 167
0048 177 113 230 167 119 049 168 121
0049 120 044 166 128 175 113 227 165
0050 115 047 167 120 179 107 227 160
0051 174 104 224 158 118 045 161 122
0052 112 048 161 120 171 102 222 154
0053 112 047 162 119 170 099 221 151
0054 171 095 220 146 117 044 160 119
0055 171 095 220 146 114 046 164 123
0056 171 096 219 148 116 047 162 126
0057 169 094 219 147 110 046 164 118
0058 169 096 217 146 114 045 163 120
0059 171 094 221 141 115 046 160 126
0060 171 092 217 145 114 048 157 121
0061 170 093 217 148 113 042 159 119
0062 116 041 161 120 168 094 218 146
0063 171 093 218 147 114 042 159 119
0064 169 095 217 149 113 042 159 120
0065 169 100 220 154 114 050 162 126
0066 161 132 220 180 117 066 169 135
0067 126 106 180 174 092 170 146 219
0068 138 143 189 210 088 183 128 229
0069 156 215 210 239 083 199 116 237
0070 203 215 232 236 000 000 000 000
0073 202 214 241 235 000 000 000 000
