0000 143 221 176 238 000 000 000 000
0001 143 215 181 239 000 000 000 000
0002 142 210 178 239 000 000 000 000
0003 149 215 187 238 000 000 000 000
0004 157 209 196 239 000 000 000 000
0005 164 201 204 239 000 000 000 000
0006 175 192 214 229 000 000 000 000
0007 183 178 222 215 000 000 000 000
0008 190 168 226 203 000 000 000 000
0009 193 149 233 190 000 000 000 000
0010 196 139 235 184 000 000 000 000
0011 197 125 239 179 000 000 000 000
0012 194 121 237 172 000 000 000 000
0013 189 116 234 165 000 000 000 000
0014 193 108 232 158 000 000 000 000
0015 191 111 232 159 000 000 000 000
0016 188 113 234 163 000 000 000 000
0017 187 124 235 171 000 000 000 000
0018 185 125 231 172 000 000 000 000
0019 186 126 230 173 000 000 000 000
0020 190 123 230 169 000 000 000 000
0021 189 124 235 172 000 000 000 000
0022 185 126 229 171 000 000 000 000
0023 186 116 232 167 000 000 000 000
0024 186 118 230 166 000 000 000 000
0025 188 122 232 167 000 000 000 000
0026 186 115 233 164 000 000 000 000
0027 188 118 235 166 000 000 000 000
0028 187 117 234 167 000 000 000 000
0029 187 116 233 167 000 000 000 000
0030 186 114 232 164 000 000 000 000
0031 190 118 234 167 000 000 000 000
0032 186 122 230 171 000 000 000 000
0033 183 135 227 186 000 000 000 000
0034 178 151 217 205 000 000 000 000
0035 167 167 206 230 000 000 000 000
0036 155 193 194 239 000 000 000 000
0037 146 206 182 237 000 000 000 000
0038 138 213 174 236 000 000 000 000
0039 140 215 175 237 000 000 000 000
0040 140 219 174 239 000 000 000 000
0041 142 218 172 237 000 000 000 000
0042 141 215 173 236 000 000 000 000
0043 141 218 174 238 000 000 000 000
0044 141 217 173 237 000 000 000 000
