0004 077 223 122 239 000 000 000 000
0005 083 213 130 239 000 000 000 000
0006 081 204 134 237 000 000 000 000
0007 080 194 140 235 000 000 000 000
0008 085 182 143 221 000 000 000 000
0009 087 162 147 205 000 000 000 000
0010 090 145 153 188 000 000 000 000
0011 090 134 153 176 000 000 000 000
0012 094 126 156 168 000 000 000 000
0013 096 117 155 160 000 000 000 000
0014 097 113 153 157 000 000 000 000
0015 096 114 153 157 000 000 000 000
0016 097 111 152 155 000 000 000 000
0017 097 110 153 153 000 000 000 000
0018 096 109 155 153 000 000 000 000
0019 095 108 155 152 000 000 000 000
0020 094 108 157 153 000 000 000 000
0021 093 110 155 155 000 000 000 000
0022 097 129 151 172 000 000 000 000
0023 089 165 147 211 000 000 000 000
0024 094 208 139 239 000 000 000 000
