0000 061 194 106 237 137 209 177 239
0001 060 194 106 237 149 191 189 234
0002 060 195 107 238 161 173 201 225
0003 059 194 108 238 168 155 212 197
0004 055 197 106 239 178 141 221 187
0005 056 197 105 239 188 131 229 177
0006 056 197 106 239 197 119 239 169
0007 198 098 245 153 056 197 105 239
0008 055 197 106 239 206 078 255 133
0009 056 197 106 239 213 057 260 112
0010 056 197 106 239 215 047 261 099
0011 056 197 106 239 212 043 259 091
0012 056 197 106 239 215 036 259 086
0013 055 197 106 239 214 038 263 085
0014 212 041 264 088 056 197 106 239
0015 213 041 266 089 056 197 106 239
0016 218 037 264 087 057 197 105 238
0017 216 037 265 086 058 198 110 238
0018 218 033 265 084 058 198 109 238
0019 214 036 261 086 058 194 109 238
0020 213 037 265 087 057 197 105 239
0021 210 040 257 091 063 198 108 237
0022 204 049 251 102 057 198 109 238
0023 190 079 235 139 057 198 109 238
0024 166 119 219 170 062 198 108 237
0025 057 197 105 239 150 156 208 210
0026 056 193 105 238 135 195 182 234
0027 060 195 107 238 135 208 176 239
0028 057 197 105 238 131 211 177 239
0029 056 196 105 238 130 211 176 239
