0010 131 222 160 239 000 000 000 000
0011 130 222 162 239 000 000 000 000
0012 141 213 171 238 000 000 000 000
0013 151 203 182 239 000 000 000 000
0014 164 192 199 238 000 000 000 000
0015 170 173 212 227 000 000 000 000
0016 176 165 217 218 000 000 000 000
0017 180 144 221 195 000 000 000 000
0018 179 133 222 183 000 000 000 000
0019 179 123 219 172 000 000 000 000
0020 178 117 218 166 000 000 000 000
0021 175 113 217 161 000 000 000 000
0022 175 109 214 157 000 000 000 000
0023 172 107 212 153 000 000 000 000
0024 172 105 211 149 000 000 000 000
0025 172 104 210 151 000 000 000 000
0026 172 104 211 151 000 000 000 000
0027 172 105 211 150 000 000 000 000
0028 173 104 211 150 000 000 000 000
0029 172 104 212 150 000 000 000 000
0030 172 103 212 150 000 000 000 000
0031 171 102 211 151 000 000 000 000
0032 171 102 211 150 000 000 000 000
0033 170 101 211 149 000 000 000 000
0034 170 100 211 150 000 000 000 000
0035 172 101 212 147 000 000 000 000
0036 171 100 212 147 000 000 000 000
0037 172 101 212 149 000 000 000 000
0038 171 101 212 148 000 000 000 000
0039 171 101 212 149 000 000 000 000
0040 171 101 211 148 000 000 000 000
0041 171 101 211 148 000 000 000 000
0042 171 101 210 148 000 000 000 000
0043 170 101 210 149 000 000 000 000
0044 170 099 210 148 000 000 000 000
0045 166 097 211 143 000 000 000 000
0046 169 097 204 142 000 000 000 000
0047 169 106 204 156 000 000 000 000
0048 151 131 194 183 000 000 000 000
0049 143 150 185 209 000 000 000 000
0050 124 190 167 239 000 000 000 000
0051 120 211 154 236 000 000 000 000
0052 117 220 149 239 000 000 000 000
