0004 194 211 241 239 000 000 000 000
0005 208 171 257 223 061 225 095 239
0006 215 146 261 196 000 000 000 000
0007 217 118 264 163 064 225 094 239
0008 214 106 264 150 000 000 000 000
0009 210 100 260 141 000 000 000 000
0010 208 097 258 136 058 226 092 239
0011 208 099 254 134 058 226 092 239
0012 209 094 260 131 000 000 000 000
0013 213 090 258 130 000 000 000 000
0014 209 092 258 130 000 000 000 000
0015 211 095 261 134 060 225 090 239
0016 212 098 263 135 060 225 090 239
0017 211 101 263 140 058 225 093 239
0018 208 108 262 154 000 000 000 000
0019 210 132 253 185 000 000 000 000
0020 198 166 239 222 061 226 091 239
0021 185 220 220 239 000 000 000 000
0025 062 226 097 239 000 000 000 000
