0002 172 216 198 239 000 000 000 000
0003 167 195 197 239 000 000 000 000
0004 166 143 197 182 000 000 000 000
0005 167 101 198 141 000 000 000 000
0006 172 079 197 120 000 000 000 000
0007 176 075 199 110 000 000 000 000
0008 178 077 200 109 000 000 000 000
0009 178 077 201 110 000 000 000 000
0010 178 078 202 110 000 000 000 000
0011 178 079 202 111 000 000 000 000
0012 177 077 202 111 000 000 000 000
0013 178 077 202 112 000 000 000 000
0014 177 079 204 116 000 000 000 000
0015 173 085 197 119 000 000 000 000
0016 158 103 198 142 000 000 000 000
0017 164 153 197 190 000 000 000 000
0018 172 208 202 239 000 000 000 000
0019 180 222 204 239 000 000 000 000
