0000 089 179 106 205 000 000 000 000
0001 086 178 105 210 000 000 000 000
0002 087 178 105 206 150 180 175 212
0003 086 181 104 204 152 184 178 215
0004 085 178 106 208 149 183 177 217
0005 150 184 179 219 082 177 103 210
0006 150 173 181 210 078 176 100 209
0007 149 153 185 187 079 175 100 203
0008 145 108 182 139 075 176 098 207
0009 141 061 180 100 074 174 099 205
0010 136 030 172 064 076 176 101 205
0011 135 025 167 062 077 175 100 204
0012 130 024 163 060 077 175 103 204
0013 131 025 165 062 076 176 101 204
0014 132 026 168 062 075 175 098 204
0015 130 026 168 061 074 174 098 203
0016 130 026 169 061 073 175 097 203
0017 127 027 163 060 073 174 098 203
0018 129 025 166 062 073 175 097 204
0019 128 025 159 058 074 175 097 204
0020 124 024 161 059 073 175 097 204
0021 128 023 161 060 072 174 097 204
0022 129 025 159 059 072 171 094 202
0023 125 030 166 063 070 172 094 204
0024 068 174 091 205 133 043 166 082
0025 143 083 182 119 067 176 088 208
0026 068 178 087 205 166 155 195 189
0027 072 178 092 209 174 179 193 213
0028 077 178 097 211 173 185 194 218
0029 084 179 105 210 171 184 188 213
0030 093 177 110 206 164 184 181 211
0031 093 182 111 205 000 000 000 000
0032 093 177 112 204 000 000 000 000
0033 094 177 113 204 000 000 000 000
0034 093 179 111 207 000 000 000 000
0035 093 177 114 207 000 000 000 000
0036 093 177 112 207 000 000 000 000
0037 093 178 111 207 000 000 000 000
0038 093 177 114 208 000 000 000 000
0039 092 176 113 209 000 000 000 000
0040 093 177 114 210 000 000 000 000
