0000 201 194 218 225 116 194 140 222
0001 202 193 219 224 116 194 141 223
0002 211 195 231 225 117 193 141 223
0003 231 179 260 215 116 188 141 221
0004 245 154 283 182 117 191 139 219
0005 246 116 280 149 115 188 135 221
0006 113 188 131 216 232 079 259 117
0007 220 069 247 108 113 189 131 220
0008 211 062 241 096 113 187 131 220
0009 205 063 242 100 113 188 131 220
0010 196 063 235 098 114 186 132 219
0011 200 065 239 100 115 187 133 218
0012 200 065 239 099 116 187 132 217
0013 201 066 239 099 116 188 132 217
0014 202 065 239 098 116 188 132 217
0015 201 066 238 100 115 188 132 218
0016 201 065 238 099 115 187 132 216
0017 201 065 237 098 116 186 133 216
0018 200 065 238 099 117 188 134 217
0019 200 065 238 099 117 188 135 218
0020 198 065 236 095 117 188 134 219
0021 204 067 235 104 116 186 133 219
0022 221 074 243 112 114 187 134 219
0023 228 104 253 140 118 192 137 223
0024 231 143 259 178 115 192 134 224
0025 226 168 254 197 115 192 134 224
0026 219 187 247 220 116 192 136 224
0027 117 194 140 223 214 198 232 224
0028 202 194 218 223 117 189 140 222
0029 117 191 140 225 198 193 214 225
0030 116 188 140 225 201 193 217 223
0031 117 190 141 224 201 193 217 223
0032 118 190 142 224 201 194 217 224
0033 118 189 142 224 201 194 217 224
0034 118 190 142 225 201 194 217 224
0035 117 191 140 225 200 195 216 224
0036 117 191 139 224 200 195 217 225
0037 117 190 140 225 201 195 217 225
0038 118 191 139 224 201 194 216 224
