0000 080 176 102 211 143 181 165 212
0001 080 175 103 212 148 183 169 206
0002 079 176 103 213 000 000 000 000
0003 080 177 103 214 152 181 169 211
0004 083 181 105 214 152 176 171 210
0005 082 175 105 214 164 186 182 209
0006 090 175 112 206 173 176 199 210
0007 104 161 132 198 185 158 224 198
0008 130 141 167 176 206 132 243 161
0009 212 110 253 142 149 122 188 151
0010 166 106 206 132 210 099 263 132
0011 221 090 260 120 182 094 220 124
0012 187 091 227 124 221 083 264 117
0013 227 086 265 118 193 092 232 122
0014 228 083 270 117 198 096 235 127
0015 232 084 271 117 200 100 240 132
0016 237 088 272 119 200 101 241 132
0017 202 106 242 135 237 092 272 119
0018 201 105 245 136 238 092 272 121
0019 204 103 252 136 240 092 274 124
0020 200 104 244 136 237 094 272 122
0021 236 096 271 124 203 107 243 137
0022 226 101 273 129 192 108 233 139
0023 172 126 212 158 125 121 173 151
0024 132 159 172 191 096 137 136 169
0025 105 175 132 205 198 160 221 195
0026 083 176 109 210 184 168 202 200
0027 072 179 095 215 173 177 190 212
0028 073 179 095 213 165 184 182 213
0029 077 177 098 210 154 177 172 215
0030 081 178 099 205 000 000 000 000
