0000 185 190 207 227 107 189 125 221
0001 185 190 207 222 106 190 125 224
0002 185 190 207 222 106 190 125 224
0003 185 191 207 224 103 189 125 226
0004 184 190 206 222 103 190 124 225
0005 184 191 206 224 102 191 123 225
0006 102 189 120 221 183 190 205 227
0007 099 186 119 217 183 189 205 226
0008 183 185 206 221 093 183 116 214
0009 098 176 119 202 192 167 216 208
0010 104 161 132 191 192 141 228 177
0011 212 127 242 151 130 143 158 174
0012 218 116 257 145 152 126 184 162
0013 219 117 263 146 125 131 180 158
0014 227 117 265 147 186 123 226 156
0015 224 121 266 150 189 126 226 158
0016 227 124 266 154 192 131 225 164
0017 227 126 263 156 198 134 230 164
0018 227 125 262 156 201 138 234 167
0019 226 127 262 155 199 139 232 166
0020 226 127 262 156 198 139 231 167
0021 227 127 262 156 199 142 230 165
0022 226 125 263 155 199 143 229 166
0023 226 125 263 155 196 138 229 167
0024 226 127 264 157 196 139 230 168
0025 226 127 264 157 198 142 230 166
0026 225 127 264 157 199 141 230 166
0027 225 128 263 157 196 133 228 167
0028 226 127 264 158 197 138 229 168
0029 227 129 264 158 196 141 229 169
0030 228 131 265 158 196 139 229 168
0031 228 131 265 158 196 138 229 168
0032 196 140 228 167 225 129 268 159
0033 226 136 264 161 191 141 223 167
0034 218 136 259 164 185 135 218 166
0035 162 138 204 169 218 146 241 169
0036 150 149 186 181 206 152 228 183
0037 132 158 166 185 195 159 216 194
0038 122 168 152 200 185 170 206 202
0039 113 176 141 209 183 176 207 214
0040 107 182 130 217 182 187 206 225
0041 103 186 123 218 183 192 208 226
0042 186 194 208 228 102 191 122 225
0043 187 195 209 228 102 193 120 224
0044 189 194 212 227 103 194 122 225
0045 189 194 211 226 103 193 121 223
0046 186 194 210 228 104 191 122 222
0047 186 194 208 227 104 193 124 225
0048 187 193 209 225 105 190 124 223
