0000 146 200 185 238 058 195 100 239
0001 148 201 185 237 060 195 100 235
0002 147 202 185 238 061 195 100 233
0003 146 201 185 238 061 198 098 238
0004 146 201 185 238 064 195 104 237
0005 146 201 185 239 064 195 104 236
0006 145 199 185 238 063 198 100 234
0007 145 199 186 238 063 201 099 238
0008 145 199 185 238 063 201 099 238
0009 145 199 186 237 062 198 100 234
0010 145 198 186 237 062 197 100 234
0011 146 196 187 237 062 197 100 234
0012 146 195 187 237 062 198 099 234
0013 148 189 189 239 061 198 099 235
0014 156 174 196 236 062 200 104 239
0015 164 157 203 225 062 201 103 239
0016 164 140 215 208 061 197 099 235
0017 174 123 215 195 062 196 099 235
0018 174 112 217 185 062 196 099 235
0019 172 106 217 175 063 196 098 235
0020 062 196 098 236 171 102 221 170
0021 062 195 100 236 171 097 217 170
0022 061 195 102 236 173 094 216 167
0023 061 196 102 236 167 082 221 162
0024 061 193 104 237 172 086 219 160
0025 062 193 103 236 172 082 220 156
0026 064 194 105 236 175 088 226 159
0027 064 195 104 236 177 094 226 162
0028 061 193 104 235 181 089 224 161
0029 063 194 105 235 179 086 224 161
0030 062 192 105 236 174 088 229 158
0031 061 192 105 236 180 084 224 154
0032 061 192 105 236 183 089 227 159
0033 061 192 105 236 179 087 231 159
0034 061 192 105 236 183 087 227 159
0035 061 192 105 236 178 088 233 160
0036 062 192 105 236 184 087 228 162
0037 062 192 105 236 181 091 234 161
0038 064 194 105 235 181 092 232 168
0039 063 193 105 235 175 100 219 133
0040 061 192 105 235 159 084 218 136
0041 061 191 105 235 151 064 217 116
0042 061 192 105 235 150 058 218 110
0043 060 192 105 235 152 058 219 111
0044 152 059 218 113 060 193 105 234
0045 060 193 105 235 152 060 218 112
0046 061 193 105 234 153 062 220 116
0047 061 193 105 235 152 063 221 118
0048 061 193 105 236 156 071 216 129
0049 061 193 105 236 156 078 219 135
0050 061 193 105 236 159 087 217 150
0051 061 193 105 235 176 095 217 161
0052 063 194 106 236 182 095 221 159
0053 063 193 106 236 184 099 223 165
0054 060 193 105 235 185 101 227 163
0055 059 193 105 236 184 099 227 163
0056 061 193 105 235 186 098 225 163
0057 059 193 104 236 186 098 226 163
0058 061 193 105 235 184 099 229 168
0059 062 193 106 236 185 098 226 170
0060 061 193 105 236 192 102 227 166
0061 062 193 107 236 183 099 225 153
0062 060 192 106 236 178 089 220 138
0063 060 192 106 235 157 064 218 112
0064 061 191 106 236 155 056 216 104
0065 058 190 103 234 159 052 217 106
0066 059 192 102 237 157 050 216 104
0067 158 053 216 107 059 192 102 237
0068 063 192 106 236 158 053 215 106
0069 063 193 107 236 157 054 215 105
0070 063 193 107 236 154 054 217 105
0071 062 193 107 235 156 059 216 111
0072 060 194 105 235 155 066 213 118
0073 064 196 105 235 153 081 215 136
0074 064 196 105 236 157 112 208 167
0075 063 196 104 236 150 148 201 200
0076 061 195 103 236 158 162 199 216
0077 063 198 104 237 149 182 189 238
0078 146 193 188 237 063 199 104 234
0079 144 197 186 237 063 200 104 236
0080 147 196 188 237 064 201 105 235
0081 064 202 105 236 146 196 187 237
0082 064 202 104 236 146 196 187 237
0083 147 196 188 237 064 202 105 236
0084 147 196 188 237 063 203 105 235
0085 147 195 188 237 061 203 104 235
0086 147 195 187 237 061 204 103 235
0087 147 197 187 237 064 204 104 235
0088 146 197 187 237 064 206 103 235
