0002 183 222 218 238 000 000 000 000
0003 180 186 229 234 000 000 000 000
0004 195 141 238 183 000 000 000 000
0005 194 111 247 157 000 000 000 000
0006 177 125 229 180 000 000 000 000
0007 174 121 224 170 000 000 000 000
0008 175 094 228 143 000 000 000 000
0009 189 081 239 135 000 000 000 000
0010 205 094 250 146 000 000 000 000
0011 196 117 236 177 000 000 000 000
0012 178 116 235 166 000 000 000 000
0013 184 106 233 159 000 000 000 000
0014 188 114 239 167 000 000 000 000
0015 195 129 245 184 000 000 000 000
0016 197 156 246 206 000 000 000 000
0017 196 180 240 228 000 000 000 000
0018 190 202 228 235 000 000 000 000
0019 185 219 223 239 000 000 000 000
