0000 029 206 078 238 000 000 000 000
0001 025 204 076 237 000 000 000 000
0002 023 203 068 236 000 000 000 000
0003 016 207 056 237 060 208 080 235
0004 008 210 043 239 046 205 081 231
0005 008 212 036 237 044 209 076 235
0006 008 220 033 239 000 000 000 000
0008 128 201 184 238 000 000 000 000
0009 141 159 199 219 000 000 000 000
0010 155 116 212 166 000 000 000 000
0011 164 077 217 119 000 000 000 000
0012 169 054 219 092 000 000 000 000
0013 168 065 225 100 000 000 000 000
0014 165 080 219 151 000 000 000 000
0015 127 111 189 155 158 083 216 130
0016 120 107 177 155 000 000 000 000
0017 125 113 175 159 000 000 000 000
0018 127 113 179 161 000 000 000 000
0019 133 109 179 161 000 000 000 000
0020 133 108 180 164 000 000 000 000
0021 129 109 181 164 000 000 000 000
0022 137 099 189 164 000 000 000 000
0023 146 071 199 129 000 000 000 000
0024 156 058 216 101 000 000 000 000
0025 172 064 225 100 000 000 000 000
0026 164 082 225 144 000 000 000 000
0027 151 104 205 173 000 000 000 000
0028 138 122 192 179 000 000 000 000
0029 131 123 188 172 000 000 000 000
0030 130 121 189 170 000 000 000 000
0031 130 125 187 180 000 000 000 000
0032 131 131 184 194 000 000 000 000
0033 134 140 186 206 000 000 000 000
0034 133 161 181 224 000 000 000 000
0035 125 182 179 235 000 000 000 000
0036 121 202 176 239 000 212 027 236
0037 118 207 171 239 005 206 036 235
0038 007 196 045 235 117 211 167 239
0039 021 200 061 236 124 223 158 239
0040 023 204 063 234 126 221 162 239
0041 024 206 066 235 127 221 164 239
0042 023 205 065 236 127 224 161 239
