0000 126 183 160 235 000 000 000 000
0001 121 179 161 222 000 000 000 000
0002 127 160 160 201 000 000 000 000
0003 126 148 164 187 000 000 000 000
0004 124 139 163 181 000 000 000 000
0005 122 133 163 179 000 000 000 000
0006 121 128 163 180 000 000 000 000
0007 123 127 165 185 000 000 000 000
0008 124 125 165 192 000 000 000 000
0009 124 124 166 190 000 000 000 000
0010 122 122 161 187 000 000 000 000
0011 119 117 155 179 000 000 000 000
0012 118 122 161 179 000 000 000 000
0013 124 121 162 188 000 000 000 000
0014 127 123 161 183 000 000 000 000
0015 127 121 162 181 000 000 000 000
0016 127 122 161 180 000 000 000 000
0017 127 122 162 180 000 000 000 000
0018 127 124 162 181 000 000 000 000
0019 127 124 163 181 000 000 000 000
0020 128 125 163 180 000 000 000 000
0021 127 126 164 182 000 000 000 000
0022 127 125 164 183 000 000 000 000
0023 124 126 163 190 000 000 000 000
0024 121 135 161 200 000 000 000 000
0025 118 145 161 201 000 000 000 000
0026 117 156 161 204 000 000 000 000
0027 118 165 161 212 000 000 000 000
0028 123 173 163 221 000 000 000 000
0029 125 185 163 227 000 000 000 000
0030 126 187 165 232 000 000 000 000
0031 127 199 166 237 000 000 000 000
0032 127 201 165 237 000 000 000 000
0033 126 205 163 237 000 000 000 000
0034 123 209 162 237 000 000 000 000
0035 126 208 164 237 000 000 000 000
0036 123 213 163 239 000 000 000 000
