0000 127 210 144 237 183 204 202 230
0001 123 206 148 237 178 206 197 229
0002 125 207 145 237 183 206 202 230
0003 125 208 144 236 186 205 204 231
0004 120 212 145 239 186 206 204 233
0005 123 208 145 235 185 205 205 233
0006 125 204 147 232 194 195 216 227
0007 134 193 154 215 212 177 235 202
0008 149 171 177 196 227 129 249 160
0009 162 145 184 168 224 078 240 106
0010 165 130 188 155 215 054 232 085
0011 166 118 185 143 205 039 224 068
0012 165 117 186 143 193 034 212 064
0013 164 115 185 140 187 030 206 062
0014 186 033 207 065 163 119 184 146
0015 186 034 207 065 157 125 180 153
0016 147 141 173 167 184 035 206 068
0017 125 159 154 185 182 037 202 070
0018 115 173 140 197 182 039 204 067
0019 099 189 124 217 183 043 202 070
0020 092 198 111 219 183 038 201 065
0021 092 198 109 217 185 042 203 068
0022 183 042 204 070 093 198 110 217
0023 092 202 109 221 183 041 205 069
0024 093 199 112 221 183 050 205 081
0025 096 196 120 222 186 076 208 106
0026 104 199 124 227 191 103 208 132
0027 110 201 132 231 195 161 212 191
0028 114 205 136 234 185 199 205 230
0029 114 210 139 239 000 000 000 000
0030 119 208 139 237 000 000 000 000
0031 121 207 141 237 000 000 000 000
0032 121 207 142 237 000 000 000 000
0033 121 208 142 237 000 000 000 000
0034 121 209 142 237 000 000 000 000
