0000 111 205 135 234 180 190 203 224
0001 110 204 134 233 178 187 202 223
0002 109 203 133 233 175 170 203 197
0003 110 204 134 235 181 138 205 157
0004 107 201 132 234 189 090 215 120
0005 107 201 131 234 201 037 228 076
0006 107 202 131 233 211 018 232 056
0007 221 013 242 050 107 202 131 234
0008 107 202 131 234 224 015 244 049
0009 224 014 246 050 107 201 131 233
0010 224 014 245 049 113 199 137 228
0011 140 156 171 184 221 013 243 050
0012 150 116 180 147 220 010 243 046
0013 219 010 242 045 152 097 177 123
0014 217 010 239 046 152 098 178 126
0015 217 009 239 045 153 097 177 125
0016 218 008 240 044 151 098 174 124
0017 219 009 240 045 156 100 176 126
0018 155 124 184 158 215 012 243 043
0019 218 011 242 046 092 208 114 237
0020 219 009 243 047 079 203 102 234
0021 221 011 242 050 078 202 106 235
0022 224 014 244 049 081 207 105 236
0023 077 202 104 235 224 013 247 049
0024 079 203 105 235 225 014 247 050
0025 221 019 241 055 083 206 105 234
0026 201 034 229 072 089 205 110 236
0027 179 076 215 109 100 205 121 234
0028 171 115 204 142 111 207 131 235
0029 115 202 140 233 174 159 201 191
0030 109 203 138 234 181 175 202 212
0031 112 207 135 234 186 189 207 227
0032 111 203 136 234 189 190 211 227
0033 110 203 135 231 191 191 212 229
0034 109 204 135 234 193 193 213 228
0035 112 206 134 233 193 192 213 229
0036 112 205 134 234 194 192 213 228
0037 194 192 213 228 110 205 134 235
0038 112 204 134 234 194 193 214 229
0039 112 205 134 234 195 192 214 228
0040 112 203 134 233 194 193 214 228
0041 112 204 136 234 195 192 215 226
