0000 172 015 200 054 164 099 190 127
0001 171 015 200 055 164 098 190 128
0002 172 016 202 056 164 098 190 129
0003 172 016 200 054 164 099 190 129
0004 172 016 201 054 164 098 190 129
0005 171 016 200 055 289 158 311 222
0006 171 016 201 056 288 160 312 224
0007 173 017 199 053 289 159 312 223
0008 172 016 200 053 159 095 194 127
0009 172 016 200 053 164 099 190 129
0010 171 015 201 054 289 158 312 223
0011 171 016 200 054 163 099 189 129
0012 172 018 201 056 166 099 191 123
0013 173 019 201 055 164 099 188 123
0014 173 020 202 056 166 098 191 127
0015 173 020 201 056 164 097 189 128
0016 173 020 202 057 165 097 190 127
0017 173 018 202 056 164 099 191 127
0018 174 018 203 055 164 099 192 128
0019 174 018 203 055 166 099 190 123
0020 164 102 191 132 175 017 204 057
0021 164 109 192 136 175 017 202 055
0022 153 131 189 162 177 018 202 056
0023 139 157 176 190 174 018 204 057
0024 177 019 202 055 117 186 148 219
0025 175 019 202 056 289 159 311 220
0026 074 201 101 231 175 019 202 057
0027 174 020 202 058 067 195 091 218
0028 176 020 203 058 064 188 089 216
0029 177 022 204 059 061 191 088 212
0030 178 022 204 061 063 189 085 209
0031 175 021 203 059 063 189 088 210
0032 176 021 204 061 061 190 088 211
0033 176 021 203 062 061 190 087 211
0034 175 023 203 061 060 189 088 212
0035 175 023 203 060 057 185 092 213
0036 175 023 204 062 062 191 086 214
0037 176 022 203 061 062 191 086 214
0038 061 189 087 209 175 023 204 062
0039 180 025 206 063 060 192 085 211
0040 064 189 088 213 185 031 209 063
0041 063 187 087 211 190 042 214 077
0042 066 189 091 210 203 060 224 094
0043 071 189 095 213 213 091 242 121
0044 078 188 100 217 223 139 248 161
0045 084 185 104 221 000 000 000 000
0046 195 188 214 223 091 190 107 219
0047 093 188 109 219 186 194 203 223
0048 093 189 110 219 284 159 312 217
