0006 203 221 231 239 000 000 000 000
0007 191 195 238 239 000 000 000 000
0008 192 164 250 223 000 000 000 000
0009 183 131 245 192 000 000 000 000
0010 179 122 246 187 000 000 000 000
0011 177 100 241 165 000 000 000 000
0012 177 091 242 157 000 000 000 000
0013 171 079 239 148 000 000 000 000
0014 169 076 233 147 000 000 000 000
0015 168 071 237 143 000 000 000 000
0016 170 068 235 138 000 000 000 000
0017 171 064 236 129 000 000 000 000
0018 170 062 235 130 000 000 000 000
0019 174 059 234 126 000 000 000 000
0020 172 057 235 126 000 000 000 000
0021 171 057 238 125 000 000 000 000
0022 171 056 235 124 000 000 000 000
0023 170 055 233 126 000 000 000 000
0024 170 055 233 125 000 000 000 000
0025 168 057 234 127 000 000 000 000
0026 172 060 232 126 000 000 000 000
0027 175 062 240 133 000 000 000 000
0028 177 069 240 140 000 000 000 000
0029 184 089 246 155 000 000 000 000
0030 190 110 250 176 000 000 000 000
0031 196 134 257 199 000 000 000 000
0032 198 167 246 223 000 000 000 000
0033 196 204 246 239 000 000 000 000
0034 208 219 241 239 000 000 000 000
