0005 133 188 212 238 179 180 221 224
0006 135 127 228 225 000 000 000 000
0007 141 113 238 207 000 000 000 000
0008 144 112 236 214 000 000 000 000
0009 144 112 237 213 000 000 000 000
0010 146 112 238 212 000 000 000 000
0011 146 111 241 212 000 000 000 000
0012 149 112 243 206 000 000 000 000
0013 147 110 240 207 000 000 000 000
0014 147 109 241 205 000 000 000 000
0015 151 111 237 209 000 000 000 000
0016 149 109 239 207 000 000 000 000
0017 149 111 239 206 000 000 000 000
0018 149 112 239 207 000 000 000 000
0019 150 109 238 209 000 000 000 000
0020 146 110 232 206 000 000 000 000
0021 129 127 201 227 000 000 000 000
0022 109 216 166 238 000 000 000 000
