0006 122 201 171 239 000 000 000 000
0007 122 169 182 214 000 000 000 000
0008 137 134 185 185 000 000 000 000
0009 143 105 183 155 000 000 000 000
0010 142 081 189 134 000 000 000 000
0011 144 064 196 119 000 000 000 000
0012 149 056 193 118 000 000 000 000
0013 149 056 193 112 000 000 000 000
0014 149 055 197 111 000 000 000 000
0015 149 055 198 112 000 000 000 000
0016 150 053 196 106 000 000 000 000
0017 151 049 199 108 000 000 000 000
0018 151 048 197 106 000 000 000 000
0019 151 046 196 106 000 000 000 000
0020 156 045 199 108 000 000 000 000
0021 150 048 198 107 000 000 000 000
0022 151 048 198 106 000 000 000 000
0023 150 048 198 106 000 000 000 000
0024 150 048 197 107 000 000 000 000
0025 151 047 197 106 000 000 000 000
0026 151 064 195 126 000 000 000 000
0027 138 153 179 206 000 000 000 000
0028 130 203 170 238 000 000 000 000
