0005 132 196 179 239 000 000 000 000
0006 152 152 207 209 000 000 000 000
0007 162 126 221 188 000 000 000 000
0008 171 105 227 169 000 000 000 000
0009 186 091 244 152 000 000 000 000
0010 184 076 248 142 000 000 000 000
0011 188 068 243 135 000 000 000 000
0012 187 063 243 131 000 000 000 000
0013 190 063 248 129 000 000 000 000
0014 189 065 247 132 000 000 000 000
0015 188 067 245 131 000 000 000 000
0016 190 068 246 135 000 000 000 000
0017 190 065 248 136 000 000 000 000
0018 190 067 246 135 000 000 000 000
0019 188 067 245 135 000 000 000 000
0020 188 067 246 135 000 000 000 000
0021 187 068 244 136 000 000 000 000
0022 183 073 236 139 000 000 000 000
0023 176 092 217 146 000 000 000 000
0024 152 120 192 172 000 000 000 000
0025 134 146 175 197 000 000 000 000
0026 113 190 158 237 000 000 000 000
0027 101 221 143 239 000 000 000 000
