0001 040 223 069 239 000 000 000 000
0002 041 222 070 239 000 000 000 000
0003 038 222 070 239 000 000 000 000
0004 011 200 044 237 104 211 151 239
0005 091 172 141 214 032 156 073 204
0006 050 119 095 180 096 131 134 195
0007 064 099 098 165 093 109 130 180
0008 098 095 126 161 080 090 106 152
0009 087 081 111 147 101 078 123 151
0010 102 079 124 150 087 077 110 144
0011 091 077 117 145 040 222 071 239
0012 092 079 118 146 107 080 129 150
0013 090 079 115 150 106 082 127 151
0014 089 078 115 148 106 082 127 151
0015 093 082 117 153 039 221 071 239
0016 094 083 120 153 000 000 000 000
0017 094 086 118 154 109 086 129 149
0018 090 081 114 148 104 084 126 151
0019 094 086 118 153 000 000 000 000
0020 095 086 117 154 108 085 129 152
0021 095 086 117 152 108 084 128 152
0022 095 086 116 153 108 086 128 153
0023 095 085 117 153 108 084 128 153
0024 094 083 117 153 108 082 128 153
0025 094 083 117 153 108 081 128 152
0026 095 082 117 151 108 085 128 152
0027 094 082 117 151 108 086 128 152
0028 094 084 119 152 000 000 000 000
0029 093 084 118 152 000 000 000 000
0030 086 090 112 158 102 090 130 158
0031 073 110 106 172 098 105 129 161
0032 088 142 140 189 056 143 102 194
0033 098 187 153 227 037 176 088 220
0034 028 192 079 236 107 208 160 239
0035 024 199 074 238 015 183 045 208
0036 024 201 075 239 000 000 000 000
0037 025 206 074 239 000 000 000 000
0038 026 207 072 237 000 000 000 000
0039 026 209 070 237 000 000 000 000
0040 024 207 075 237 000 000 000 000
0041 025 208 075 237 000 000 000 000
0042 024 211 072 239 000 000 000 000
