0000 041 213 084 239 000 000 000 000
0001 042 206 084 237 000 000 000 000
0002 046 195 089 237 103 214 159 239
0003 057 180 096 228 086 182 155 233
0004 074 161 137 218 000 000 000 000
0005 081 149 133 209 000 000 000 000
0006 083 138 134 199 000 000 000 000
0007 080 125 132 191 000 000 000 000
0008 079 118 130 180 000 000 000 000
0009 077 109 126 176 000 000 000 000
0010 081 110 129 172 000 000 000 000
0011 079 106 130 170 000 000 000 000
0012 080 102 133 166 000 000 000 000
0013 078 104 130 174 000 000 000 000
0014 080 102 131 167 000 000 000 000
0015 080 103 131 171 000 000 000 000
0016 081 102 130 166 000 000 000 000
0017 077 100 131 166 000 000 000 000
0018 081 101 130 165 000 000 000 000
0019 080 101 132 168 000 000 000 000
0020 080 100 132 168 000 000 000 000
0021 080 099 132 165 000 000 000 000
0022 081 098 132 165 000 000 000 000
0023 080 096 133 163 000 000 000 000
0024 081 094 132 164 000 000 000 000
0025 081 093 132 163 000 000 000 000
0026 083 093 133 162 000 000 000 000
0027 087 091 130 167 000 000 000 000
0028 086 091 130 165 000 000 000 000
0029 089 095 132 169 000 000 000 000
0030 087 098 135 167 000 000 000 000
0031 088 097 135 169 000 000 000 000
0032 090 098 136 170 000 000 000 000
0033 089 098 136 169 000 000 000 000
0034 093 099 129 169 000 000 000 000
0035 093 104 131 175 000 000 000 000
0036 088 101 129 176 000 000 000 000
0037 086 102 132 173 000 000 000 000
0038 085 099 128 169 000 000 000 000
0039 087 099 128 172 000 000 000 000
0040 085 100 132 174 000 000 000 000
0041 086 098 129 168 000 000 000 000
0042 088 101 129 174 000 000 000 000
0043 088 100 129 172 000 000 000 000
0044 088 101 129 173 000 000 000 000
0045 092 101 131 172 000 000 000 000
0046 086 103 133 175 000 000 000 000
0047 087 103 133 175 000 000 000 000
0048 089 104 133 176 000 000 000 000
0049 087 103 134 175 000 000 000 000
0050 093 109 128 181 000 000 000 000
0051 090 124 133 192 000 000 000 000
0052 092 149 145 211 081 148 108 205
0053 088 168 146 220 065 164 104 213
0054 052 185 096 234 100 203 155 238
0055 042 202 082 236 000 000 000 000
0056 041 208 081 237 000 000 000 000
0057 041 210 085 239 000 000 000 000
0058 043 214 084 239 000 000 000 000
0059 044 214 084 239 000 000 000 000
0060 045 214 082 238 000 000 000 000
