0006 008 221 059 239 000 000 000 000
0007 035 199 078 239 103 192 145 235
0008 046 178 087 236 099 171 145 223
0009 064 159 111 217 104 153 142 204
0010 074 143 126 199 107 140 138 196
0011 082 130 133 189 000 000 000 000
0012 086 119 126 179 000 000 000 000
0013 085 120 132 181 000 000 000 000
0014 091 119 129 180 000 000 000 000
0015 088 120 133 181 000 000 000 000
0016 089 121 134 181 000 000 000 000
0017 089 122 136 183 000 000 000 000
0018 092 122 134 185 000 000 000 000
0019 090 120 136 183 000 000 000 000
0020 091 123 128 184 000 000 000 000
0021 092 118 133 181 000 000 000 000
0022 091 116 133 183 000 000 000 000
0023 092 113 128 182 000 000 000 000
0024 090 117 133 185 000 000 000 000
0025 087 123 133 187 000 000 000 000
0026 090 118 132 185 000 000 000 000
0027 091 119 133 185 000 000 000 000
0028 092 118 133 184 000 000 000 000
0029 092 117 133 183 000 000 000 000
0030 091 118 136 179 000 000 000 000
0031 090 122 135 184 000 000 000 000
0032 093 118 133 182 000 000 000 000
0033 093 118 133 184 000 000 000 000
0034 093 117 134 184 000 000 000 000
0035 093 118 133 183 000 000 000 000
0036 092 118 133 183 000 000 000 000
0037 090 119 137 179 000 000 000 000
0038 089 123 135 183 000 000 000 000
0039 087 137 130 197 000 000 000 000
0040 080 162 131 220 000 000 000 000
0041 074 199 126 239 000 000 000 000
0042 045 217 101 239 000 000 000 000
