0000 053 221 081 239 000 000 000 000
0001 053 221 081 239 000 000 000 000
0002 053 221 081 239 000 000 000 000
0003 053 220 080 239 000 000 000 000
0004 053 221 079 239 000 000 000 000
0005 053 222 081 239 000 000 000 000
0006 055 217 083 236 000 000 000 000
0007 054 219 085 239 122 223 159 239
0008 056 210 092 238 099 217 150 239
0009 088 205 134 239 067 205 095 235
0010 074 197 103 234 000 000 000 000
0011 069 189 112 237 000 000 000 000
0012 077 167 120 220 061 179 085 218
0013 064 153 111 207 000 000 000 000
0014 066 139 112 194 000 000 000 000
0015 068 121 110 184 000 000 000 000
0016 071 111 118 169 000 000 000 000
0017 074 096 113 158 000 000 000 000
0018 073 088 114 147 000 000 000 000
0019 082 085 109 137 069 083 091 142
0020 083 084 108 134 071 082 091 138
0021 077 076 100 142 086 090 118 133
0022 079 077 104 136 000 000 000 000
0023 081 080 108 133 070 077 091 134
0024 079 078 105 141 000 000 000 000
0025 080 076 104 140 000 000 000 000
0026 076 072 099 137 000 000 000 000
0027 079 073 105 139 069 083 091 141
0028 082 079 107 129 070 075 090 134
0029 081 074 106 131 071 070 090 131
0030 081 074 106 131 071 069 090 131
0031 079 072 107 137 071 068 090 131
0032 079 072 107 137 071 070 090 130
0033 077 068 101 136 000 000 000 000
0034 077 068 102 136 000 000 000 000
0035 080 073 108 132 000 000 000 000
0036 076 069 104 134 000 000 000 000
0037 080 072 108 131 000 000 000 000
0038 077 071 103 135 000 000 000 000
0039 079 073 109 136 000 000 000 000
0040 080 072 109 133 000 000 000 000
0041 077 070 103 135 000 000 000 000
0042 080 074 108 138 000 000 000 000
0043 081 094 117 156 070 098 090 150
0044 072 120 115 178 000 000 000 000
0045 081 167 130 220 057 164 086 214
0046 048 201 087 236 098 213 142 239
0047 047 212 081 237 131 222 170 239
0048 048 218 077 239 000 000 000 000
0049 052 223 077 239 000 000 000 000
0050 049 223 076 239 000 000 000 000
0051 054 222 076 239 000 000 000 000
0052 054 222 076 239 000 000 000 000
0053 052 222 079 239 000 000 000 000
