0000 131 212 166 237 076 190 105 232
0001 131 212 166 237 076 190 105 232
0002 131 214 166 237 076 189 105 232
0003 132 214 166 237 075 189 102 233
0004 132 214 166 237 077 189 105 232
0005 132 213 166 237 077 189 105 232
0006 078 189 105 231 132 213 166 237
0007 131 211 166 238 079 185 108 230
0008 131 211 169 236 079 184 106 227
0009 083 171 118 195 137 199 172 232
0010 138 177 176 209 101 151 131 184
0011 158 137 180 189 109 121 141 158
0012 159 119 181 167 000 000 000 000
0013 157 102 180 145 142 098 165 153
0014 158 092 183 141 143 094 165 145
0015 159 084 182 136 000 000 000 000
0016 166 082 183 132 155 089 173 131
0017 170 078 186 128 181 082 200 128
0018 175 074 192 127 186 079 206 126
0019 174 076 193 129 184 077 202 123
0020 172 073 190 126 185 073 200 125
0021 172 073 191 128 185 072 199 124
0022 178 070 199 119 000 000 000 000
0023 178 068 200 124 000 000 000 000
0024 178 069 198 125 000 000 000 000
0025 179 067 198 122 189 075 206 127
0026 172 071 189 125 184 072 201 125
0027 176 070 194 125 189 072 205 124
0028 176 070 195 126 189 072 205 124
0029 172 072 189 125 186 071 201 123
0030 176 071 194 126 168 077 184 124
0031 176 070 195 120 188 069 205 123
0032 176 070 195 121 188 074 205 125
0033 180 071 199 123 168 077 185 125
0034 185 073 201 123 173 075 190 126
0035 175 071 194 120 187 077 206 127
0036 172 073 189 128 184 075 200 125
0037 177 081 195 130 166 080 183 130
0038 160 086 182 139 081 207 104 230
0039 147 103 170 159 160 105 182 164
0040 127 126 153 166 151 130 185 179
0041 110 150 146 182 132 133 172 187
0042 102 168 141 197 118 174 157 209
0043 125 201 162 228 091 185 128 216
0044 124 210 164 236 085 194 114 224
0045 079 198 108 227 127 211 161 238
0046 078 197 108 229 127 211 162 239
0047 126 211 164 237 078 196 106 228
0048 125 211 164 239 077 200 106 224
0049 128 213 162 237 079 200 105 223
0050 128 213 162 237 078 196 107 229
0051 129 212 163 237 077 200 103 229
0052 129 213 163 237 077 196 102 227
0053 128 213 163 237 077 196 103 228
0054 128 213 163 237 079 197 106 229
0055 128 213 163 237 078 197 107 230
0056 128 213 163 237 078 198 105 230
