0001 172 217 207 239 000 000 000 000
0007 083 204 130 236 105 209 158 239
0008 105 188 153 237 086 187 119 238
0009 106 165 153 222 082 174 117 223
0010 077 150 123 208 112 146 154 205
0011 106 137 158 194 076 145 123 198
0012 110 132 157 184 074 138 118 188
0013 108 127 156 182 074 131 122 184
0014 099 119 161 171 072 120 121 175
0015 104 111 158 169 068 112 124 166
0016 106 108 159 164 073 118 116 170
0017 110 109 157 164 075 107 119 163
0018 107 103 154 161 073 111 120 162
0019 106 103 154 160 072 115 119 164
0020 109 100 148 161 074 115 116 162
0021 075 112 115 162 109 098 149 160
0022 074 111 115 162 107 099 157 155
0023 110 101 155 157 074 108 115 160
0024 072 109 117 158 109 100 155 157
0025 109 098 158 153 079 108 114 157
0026 109 096 152 157 078 109 114 158
0027 079 110 114 154 112 100 157 158
0028 110 096 153 157 074 110 116 158
0029 110 100 159 156 072 106 114 159
0030 076 107 118 159 112 098 158 155
0031 079 113 121 163 111 101 155 163
0032 084 121 129 185 113 127 161 185
0033 123 179 168 237 082 184 127 233
