0006 052 222 087 239 000 000 000 000
0007 055 210 107 239 000 000 000 000
0008 066 183 132 226 131 192 179 239
0009 083 147 144 195 141 155 181 213
0010 102 119 155 164 148 120 189 187
0011 111 093 168 148 152 096 193 164
0012 158 081 197 149 121 079 165 138
0013 131 070 171 126 165 073 204 141
0014 136 062 173 120 165 064 206 134
0015 168 064 208 130 137 062 176 115
0016 171 062 211 128 138 065 182 111
0017 144 056 179 111 172 059 211 124
0018 171 058 212 123 137 063 185 116
0019 170 060 213 126 140 057 187 113
0020 144 059 185 112 172 058 211 124
0021 172 061 212 129 147 062 187 113
0022 171 061 210 129 144 060 187 113
0023 169 062 207 129 144 062 186 114
0024 168 062 206 129 143 061 189 114
0025 168 061 205 128 145 059 185 112
0026 170 061 206 128 144 058 185 113
0027 169 060 205 126 143 057 186 112
0028 167 059 205 126 142 058 188 113
0029 168 061 205 127 141 057 187 113
0030 168 061 206 128 141 059 187 113
0031 167 061 205 128 141 060 187 113
0032 168 061 205 128 141 060 185 113
0033 168 061 205 133 142 061 186 115
0034 168 064 204 134 142 065 185 114
0035 164 075 203 142 137 072 185 124
0036 165 089 198 160 132 092 180 139
0037 116 115 174 163 154 116 194 187
0038 099 156 155 201 148 161 186 223
0039 077 210 122 239 135 218 178 239
