0000 156 169 199 209 066 164 109 209
0001 065 163 108 213 155 165 208 211
0002 065 165 108 212 156 168 205 211
0003 066 165 108 212 152 167 201 211
0004 066 165 108 212 152 167 201 211
0005 065 165 107 212 153 167 201 212
0006 065 165 107 212 153 167 202 211
0007 065 165 107 212 157 161 205 205
0008 066 165 108 212 153 166 202 211
0009 066 164 108 212 156 164 208 211
0010 065 164 107 212 152 168 205 209
0011 065 155 112 203 156 151 202 195
0012 068 145 113 184 152 137 195 173
0013 079 121 124 158 139 112 185 157
0014 132 094 182 142 073 106 134 142
0015 128 079 180 134 081 088 132 130
0016 127 078 176 129 083 084 137 126
0017 123 070 180 121 088 076 138 119
0018 130 067 181 120 090 075 136 116
0019 131 069 183 122 092 070 142 110
0020 126 064 182 116 093 070 139 108
0021 129 066 183 119 094 067 142 110
0022 094 063 145 108 131 066 185 117
0023 093 064 146 108 129 062 185 114
0024 094 062 146 108 128 062 181 117
0025 095 060 144 108 127 062 181 112
0026 095 058 144 108 127 063 181 118
0027 095 059 146 109 128 062 183 114
0028 095 061 145 109 128 063 183 113
0029 091 060 146 109 128 063 183 113
0030 092 062 143 108 124 066 186 116
0031 095 058 146 110 131 061 181 114
0032 091 065 141 109 126 065 182 116
0033 091 064 141 109 125 064 183 116
0034 131 058 180 115 092 069 138 111
0035 132 060 179 113 091 067 138 108
0036 131 060 182 115 091 069 138 110
0037 125 060 177 118 093 070 137 111
0038 091 071 137 112 126 061 183 117
0039 092 073 136 112 128 068 179 123
0040 090 085 135 125 132 076 183 131
0041 087 110 128 150 135 106 182 146
0042 080 128 122 175 140 127 181 162
0043 073 141 118 190 143 136 201 176
0044 067 151 114 202 153 152 201 196
0045 066 157 110 208 157 159 202 204
0046 065 161 109 207 153 164 199 207
0047 066 161 110 208 152 164 199 208
0048 065 161 111 208 154 165 198 208
0049 068 165 106 205 158 165 202 208
