0009 000 216 035 237 000 000 000 000
0011 033 206 074 234 000 000 000 000
0012 123 184 170 235 038 207 096 239
0014 170 221 208 239 000 000 000 000
0015 154 195 213 237 198 184 235 222
0016 156 177 225 226 200 163 235 197
0017 161 146 233 200 198 139 244 171
0018 195 122 242 174 152 137 231 181
0019 159 107 230 163 202 099 242 149
0020 156 091 220 154 196 086 241 147
0021 152 093 219 141 183 074 227 121
0022 146 080 213 130 187 063 230 121
0023 142 064 221 127 000 000 000 000
0024 147 065 216 126 189 066 235 129
0025 138 070 208 129 184 065 237 127
0026 137 067 206 133 189 069 232 134
0027 134 081 197 135 178 072 230 136
0028 133 085 191 136 178 074 232 138
0029 130 084 192 139 176 077 228 137
0030 130 089 193 141 175 076 229 141
0031 129 082 193 141 175 074 226 135
0032 127 076 193 143 178 076 229 137
0033 127 077 196 141 174 076 226 138
0034 129 083 188 137 174 074 228 138
0035 129 075 196 140 176 074 227 136
0036 132 077 195 135 180 072 229 139
0037 134 083 193 140 180 073 232 140
0038 133 086 199 144 182 081 233 141
0039 136 099 208 153 189 095 240 156
0040 139 114 208 168 189 107 240 169
0041 190 130 241 182 145 133 213 191
0042 193 153 242 211 141 154 211 210
0043 194 180 237 235 152 176 208 234
0044 178 220 227 239 000 000 000 000
