0000 125 211 158 239 000 000 000 000
0001 125 209 157 239 060 212 087 237
0002 121 210 157 239 067 209 093 235
0003 124 210 156 239 068 203 102 234
0004 123 209 155 239 068 198 105 230
0005 122 203 154 237 064 192 104 230
0006 061 181 101 216 119 182 152 218
0007 116 156 148 196 071 166 101 202
0008 107 136 142 184 073 147 104 188
0009 100 137 141 179 075 138 108 180
0010 095 131 140 177 076 129 115 173
0011 072 126 117 175 099 131 144 174
0012 077 130 116 173 099 128 147 173
0013 074 127 119 175 099 126 144 173
0014 071 129 117 175 103 130 149 172
0015 073 128 119 177 109 133 145 172
0016 072 129 120 177 109 133 146 174
0017 077 128 121 175 107 131 150 172
0018 076 131 121 177 104 133 145 175
0019 077 130 122 176 110 134 145 176
0020 079 129 121 174 112 132 145 173
0021 080 126 116 171 107 131 147 173
0022 105 131 150 171 081 128 119 167
0023 108 138 149 180 080 136 108 170
0024 116 158 149 194 078 141 111 185
0025 117 176 149 210 080 174 109 210
0026 073 189 105 225 124 198 157 232
0027 128 205 160 236 070 196 106 233
0028 129 204 161 237 070 197 106 234
0029 131 204 161 237 072 198 106 230
0030 130 206 161 237 071 197 106 229
0031 130 206 160 237 074 200 106 231
0032 071 198 108 230 130 206 161 238
0033 130 206 161 238 071 200 107 231
0034 129 205 160 237 071 202 105 235
0035 129 206 159 237 070 204 103 234
