0000 126 212 155 236 066 201 095 233
0001 064 200 096 234 126 212 155 236
0002 064 197 098 233 126 212 155 236
0003 126 211 155 235 067 196 099 228
0004 067 194 103 231 126 211 155 235
0005 064 193 099 234 126 211 154 235
0006 064 194 099 236 126 211 155 235
0007 061 191 101 234 126 211 154 236
0008 061 196 100 234 126 211 155 236
0009 063 195 098 235 126 211 155 235
0010 060 197 099 236 126 212 155 236
0011 064 193 097 235 126 211 154 236
0012 066 191 102 229 125 210 155 237
0013 127 198 156 231 063 184 097 216
0014 117 174 149 211 064 174 097 209
0015 112 151 143 195 067 153 104 197
0016 098 140 139 188 068 144 108 189
0017 098 138 138 184 067 134 112 183
0018 096 141 137 184 069 133 111 183
0019 065 131 114 176 098 134 138 179
0020 064 130 113 173 101 130 141 175
0021 066 133 121 176 100 128 140 177
0022 070 130 117 178 102 130 142 178
0023 071 131 118 175 105 135 145 178
0024 072 132 118 175 106 134 145 177
0025 075 131 121 173 107 136 146 178
0026 074 133 120 175 103 134 140 180
0027 074 133 120 177 105 136 146 178
0028 072 133 118 175 109 138 141 180
0029 072 133 118 176 105 134 145 179
0030 072 133 119 176 105 134 145 179
0031 073 132 115 177 098 131 143 178
0032 071 125 111 175 102 128 139 173
0033 097 128 136 172 075 127 111 173
0034 101 131 138 173 083 136 108 172
0035 106 145 139 185 080 147 105 181
0036 114 173 145 203 084 166 114 196
0037 085 192 113 225 118 199 153 229
0038 120 207 154 235 081 194 115 229
0039 080 195 115 229 119 208 154 237
0040 078 193 114 229 121 207 154 233
0041 078 193 114 229 121 207 154 233
0042 078 193 115 229 122 208 155 236
0043 078 193 114 229 121 207 154 233
