0001 175 224 198 239 000 000 000 000
0002 161 223 198 239 000 000 000 000
0003 127 181 162 217 000 000 000 000
0004 123 156 151 186 000 000 000 000
0005 120 149 147 174 000 000 000 000
0006 118 148 145 178 000 000 000 000
0007 118 148 143 177 000 000 000 000
0008 117 151 146 179 000 000 000 000
0009 117 151 147 182 000 000 000 000
0010 115 152 142 182 000 000 000 000
0011 116 156 141 185 000 000 000 000
0012 118 152 145 184 000 000 000 000
0013 117 154 147 184 000 000 000 000
0014 118 153 148 184 000 000 000 000
0015 118 151 152 184 000 000 000 000
0016 119 152 148 185 000 000 000 000
0017 118 151 153 184 000 000 000 000
0018 119 152 148 185 000 000 000 000
0019 117 151 146 180 000 000 000 000
0020 119 154 151 184 000 000 000 000
0021 119 155 151 184 000 000 000 000
0022 119 150 148 184 000 000 000 000
0023 114 157 154 193 000 000 000 000
0024 115 182 158 223 000 000 000 000
