0006 064 215 119 239 000 000 000 000
0007 049 195 103 236 000 000 000 000
0008 040 174 094 215 000 000 000 000
0009 036 170 088 210 000 000 000 000
0010 029 170 083 210 000 000 000 000
0011 028 170 082 211 000 000 000 000
0012 027 170 082 210 000 000 000 000
0013 027 171 082 211 000 000 000 000
0014 027 171 081 211 000 000 000 000
0015 027 171 083 210 000 000 000 000
0016 028 171 083 211 000 000 000 000
0017 033 175 090 215 000 000 000 000
0018 035 181 092 223 000 000 000 000
0019 044 198 103 239 000 000 000 000
0020 057 223 106 239 000 000 000 000
