0000 101 211 121 235 174 215 193 235
0001 100 212 123 237 172 214 191 236
0002 100 214 122 238 168 214 189 237
0003 100 211 120 238 171 213 189 237
0004 170 214 187 236 101 215 123 238
0005 102 212 122 237 170 214 187 235
0006 102 217 126 239 170 213 192 236
0007 172 213 195 236 104 215 127 239
0008 175 208 202 236 102 210 125 236
0009 202 200 224 228 102 217 125 239
0010 215 183 243 207 100 217 123 238
0011 100 219 123 239 232 160 253 182
0012 238 143 259 164 099 218 122 239
0013 238 133 260 152 099 219 120 239
0014 236 127 259 147 099 218 120 238
0015 235 127 258 148 099 217 120 238
0016 239 129 259 150 096 215 119 238
0017 235 127 257 147 099 220 120 239
0018 233 129 257 148 099 219 120 239
0019 234 130 258 150 098 220 119 239
0020 235 132 256 150 096 212 118 237
0021 235 137 258 158 096 212 118 237
0022 098 212 122 239 228 154 253 180
0023 207 184 230 213 098 213 119 237
0024 193 199 215 226 098 212 119 236
0025 172 211 196 237 096 210 121 237
0026 096 211 120 237 168 212 186 236
