0007 170 205 205 237 000 000 000 000
0008 181 190 250 230 000 000 000 000
0009 195 144 267 187 000 000 000 000
0010 204 118 279 162 000 000 000 000
0011 213 100 281 139 000 000 000 000
0012 218 096 285 138 000 000 000 000
0013 221 099 288 136 000 000 000 000
0014 216 096 290 134 000 000 000 000
0015 222 099 286 138 000 000 000 000
0016 218 100 284 136 000 000 000 000
0017 218 100 283 136 000 000 000 000
0018 218 100 283 136 000 000 000 000
0019 220 101 286 138 000 000 000 000
0020 218 101 284 137 000 000 000 000
0021 221 084 277 144 000 000 000 000
0022 215 096 269 169 000 000 000 000
0023 192 149 247 211 000 000 000 000
0024 164 211 211 239 000 000 000 000
