0004 152 223 190 239 000 000 000 000
0005 163 215 203 239 000 000 000 000
0006 172 204 233 239 000 000 000 000
0007 179 185 241 229 000 000 000 000
0008 189 167 248 212 000 000 000 000
0009 191 147 253 194 000 000 000 000
0010 194 133 252 185 000 000 000 000
0011 195 120 254 165 000 000 000 000
0012 193 113 251 156 000 000 000 000
0013 193 113 251 155 000 000 000 000
0014 193 123 248 163 000 000 000 000
0015 193 120 252 159 000 000 000 000
0016 193 118 254 160 000 000 000 000
0017 193 117 254 159 000 000 000 000
0018 194 117 254 157 000 000 000 000
0019 194 118 254 159 000 000 000 000
0020 194 117 254 159 000 000 000 000
0021 192 115 249 161 000 000 000 000
0022 191 114 249 159 000 000 000 000
0023 193 114 255 155 000 000 000 000
0024 193 114 254 159 000 000 000 000
0025 193 115 252 158 000 000 000 000
0026 192 120 252 161 000 000 000 000
0027 187 133 248 175 000 000 000 000
0028 182 157 239 199 000 000 000 000
0029 161 183 217 237 000 000 000 000
0030 152 209 190 236 000 000 000 000
0031 148 222 184 238 000 000 000 000
0032 149 222 181 239 000 000 000 000
