0014 141 223 172 239 000 000 000 000
0020 063 224 091 239 000 000 000 000
0031 091 216 143 239 000 000 000 000
0032 082 205 138 239 000 000 000 000
0033 080 196 144 235 000 000 000 000
0034 082 194 143 233 000 000 000 000
0035 079 189 139 223 000 000 000 000
0036 077 184 141 220 000 000 000 000
0037 076 180 141 217 000 000 000 000
0038 078 177 141 215 000 000 000 000
0039 071 173 147 211 000 000 000 000
0040 072 169 138 210 000 000 000 000
0041 070 166 134 207 000 000 000 000
0042 067 168 132 204 000 000 000 000
0043 071 171 131 208 000 000 000 000
0044 073 172 136 212 000 000 000 000
0045 062 181 138 215 000 000 000 000
0046 064 175 133 210 000 000 000 000
0047 057 173 128 208 000 000 000 000
0048 062 164 129 202 000 000 000 000
0049 064 163 130 203 000 000 000 000
0050 060 164 133 203 000 000 000 000
0051 062 170 137 207 000 000 000 000
0052 057 171 135 207 000 000 000 000
0053 065 172 133 206 000 000 000 000
0054 064 162 128 199 000 000 000 000
0055 068 156 134 197 000 000 000 000
0056 073 167 133 205 000 000 000 000
0057 066 170 141 209 000 000 000 000
0058 065 175 138 210 000 000 000 000
0059 065 173 134 207 000 000 000 000
0060 072 163 133 202 000 000 000 000
0061 071 162 134 202 000 000 000 000
0062 072 168 134 205 000 000 000 000
0063 069 175 142 208 000 000 000 000
0064 070 174 141 208 000 000 000 000
0065 067 170 136 211 000 000 000 000
0066 067 169 133 208 000 000 000 000
0067 063 169 134 209 000 000 000 000
0068 064 172 135 207 000 000 000 000
0069 064 172 139 211 000 000 000 000
0070 069 168 137 208 000 000 000 000
0071 068 171 138 207 000 000 000 000
0072 058 167 135 208 000 000 000 000
0073 067 169 129 206 000 000 000 000
0074 065 168 130 205 000 000 000 000
0075 066 169 133 207 000 000 000 000
0076 066 173 132 212 000 000 000 000
0077 070 180 135 219 000 000 000 000
0078 083 189 142 228 000 000 000 000
0079 092 194 144 234 000 000 000 000
0080 097 209 144 238 000 000 000 000
0081 100 220 143 239 000 000 000 000
