0002 066 224 092 239 000 000 000 000
0003 067 224 094 239 000 000 000 000
0004 067 224 094 239 000 000 000 000
0006 066 224 092 239 000 000 000 000
0007 066 224 092 239 000 000 000 000
0008 062 224 091 239 000 000 000 000
0009 066 224 092 239 000 000 000 000
0011 065 224 091 239 000 000 000 000
0012 062 224 090 239 000 000 000 000
0013 066 223 089 239 000 000 000 000
0015 062 223 088 239 000 000 000 000
0016 148 223 178 239 000 000 000 000
0017 141 221 176 239 067 224 091 239
0018 066 223 098 239 000 000 000 000
0020 072 223 095 239 000 000 000 000
0029 103 223 163 239 000 000 000 000
0030 081 215 137 238 000 000 000 000
0031 074 207 133 239 000 000 000 000
0032 071 205 133 239 000 000 000 000
0033 068 199 136 237 000 000 000 000
0034 066 195 135 234 000 000 000 000
0035 067 189 133 229 000 000 000 000
0036 057 179 133 215 000 000 000 000
0037 058 175 134 214 000 000 000 000
0038 065 163 132 201 000 000 000 000
0039 071 156 131 193 000 000 000 000
0040 074 161 139 193 000 000 000 000
0041 064 167 133 208 000 000 000 000
0042 055 183 132 216 000 000 000 000
0043 060 192 116 225 000 000 000 000
0044 058 182 128 225 000 000 000 000
0045 054 179 128 214 000 000 000 000
0046 064 169 125 206 000 000 000 000
0047 067 164 124 201 000 000 000 000
0048 059 168 128 210 000 000 000 000
0049 066 182 130 221 000 000 000 000
0050 064 198 128 237 000 000 000 000
0051 068 196 129 237 000 000 000 000
0052 060 188 127 231 000 000 000 000
0053 063 184 126 220 000 000 000 000
0054 074 169 124 207 000 000 000 000
0055 070 164 126 202 000 000 000 000
0056 057 174 131 214 000 000 000 000
0057 061 182 131 222 000 000 000 000
0058 059 185 134 227 000 000 000 000
0059 056 183 133 224 000 000 000 000
0060 057 181 130 220 000 000 000 000
0061 063 170 124 210 000 000 000 000
0062 069 164 124 203 000 000 000 000
0063 063 168 124 208 000 000 000 000
0064 056 184 124 221 000 000 000 000
0065 060 189 124 231 000 000 000 000
0066 058 188 125 231 000 000 000 000
0067 056 182 126 223 000 000 000 000
0068 068 171 122 210 000 000 000 000
0069 068 170 123 210 000 000 000 000
0070 065 179 126 217 000 000 000 000
0071 062 185 127 225 000 000 000 000
0072 067 189 127 231 000 000 000 000
0073 065 188 126 228 000 000 000 000
0074 058 185 127 225 000 000 000 000
0075 058 177 124 216 000 000 000 000
0076 067 172 128 208 000 000 000 000
0077 062 176 128 216 000 000 000 000
0078 062 184 126 220 000 000 000 000
0079 065 185 129 222 000 000 000 000
0080 060 182 128 221 000 000 000 000
0081 061 181 128 220 000 000 000 000
0082 061 182 131 217 000 000 000 000
0083 066 184 133 220 000 000 000 000
0084 073 188 130 229 000 000 000 000
0085 073 199 145 237 000 000 000 000
0086 090 214 138 239 000 000 000 000
0087 117 222 162 239 000 000 000 000
0102 067 224 096 239 000 000 000 000
