0002 128 218 170 239 000 000 000 000
0003 125 195 175 239 000 000 000 000
0004 125 181 178 239 000 000 000 000
0005 127 157 185 214 000 000 000 000
0006 131 132 189 180 000 000 000 000
0007 131 119 195 159 000 000 000 000
0008 136 106 192 139 000 000 000 000
0009 135 097 191 126 000 000 000 000
0010 130 093 192 120 000 000 000 000
0011 130 093 191 121 000 000 000 000
0012 133 098 190 127 000 000 000 000
0013 135 097 192 124 000 000 000 000
0014 133 094 198 118 000 000 000 000
0015 136 085 194 112 000 000 000 000
0016 130 080 190 107 000 000 000 000
0017 129 073 187 097 000 000 000 000
0018 126 069 182 092 000 000 000 000
0019 122 068 184 092 000 000 000 000
0020 124 068 181 096 000 000 000 000
0021 125 073 183 098 000 000 000 000
0022 125 074 181 098 000 000 000 000
0023 130 076 180 100 000 000 000 000
0024 129 075 184 098 000 000 000 000
0025 135 072 185 095 000 000 000 000
0026 138 069 197 093 000 000 000 000
0027 145 069 195 092 000 000 000 000
0028 148 070 204 093 000 000 000 000
0029 157 069 210 090 000 000 000 000
0030 163 066 217 093 000 000 000 000
0031 170 069 225 091 000 000 000 000
0032 180 066 233 088 000 000 000 000
0033 189 063 237 087 000 000 000 000
0034 193 065 250 087 000 000 000 000
0035 201 065 253 089 000 000 000 000
0036 210 064 259 089 000 000 000 000
0037 212 063 266 089 000 000 000 000
0038 216 065 267 083 000 000 000 000
0039 215 064 272 085 000 000 000 000
0040 217 062 277 086 000 000 000 000
0041 216 061 277 085 000 000 000 000
0042 213 065 270 085 000 000 000 000
0043 212 064 265 083 000 000 000 000
0044 205 061 262 086 000 000 000 000
0045 201 063 251 086 000 000 000 000
0046 186 064 239 087 000 000 000 000
0047 177 065 227 087 000 000 000 000
0048 164 066 216 089 000 000 000 000
0049 152 067 210 090 000 000 000 000
0050 148 067 200 091 000 000 000 000
0051 144 066 195 089 000 000 000 000
0052 135 065 192 090 000 000 000 000
0053 134 067 185 088 000 000 000 000
0054 130 068 185 090 000 000 000 000
0055 122 068 181 091 000 000 000 000
0056 120 070 181 091 000 000 000 000
0057 121 073 182 093 000 000 000 000
0058 124 074 183 094 000 000 000 000
0059 126 073 183 096 000 000 000 000
0060 136 075 188 096 000 000 000 000
0061 136 074 192 097 000 000 000 000
0062 146 072 197 095 000 000 000 000
0063 156 070 201 089 000 000 000 000
0064 158 067 213 092 000 000 000 000
0065 170 069 214 087 000 000 000 000
0066 173 065 228 088 000 000 000 000
0067 183 065 234 088 000 000 000 000
0068 193 066 243 087 000 000 000 000
0069 201 063 253 086 000 000 000 000
0070 208 063 260 085 000 000 000 000
0071 212 063 265 085 000 000 000 000
0072 219 062 275 086 000 000 000 000
0073 221 061 276 087 000 000 000 000
0074 222 061 282 087 000 000 000 000
0075 224 062 284 088 000 000 000 000
0076 222 063 284 088 000 000 000 000
0077 221 064 280 088 000 000 000 000
0078 218 061 275 087 000 000 000 000
0079 213 062 268 086 000 000 000 000
0080 206 066 263 087 000 000 000 000
0081 199 067 247 089 000 000 000 000
0082 185 065 241 090 000 000 000 000
0083 178 066 234 091 000 000 000 000
0084 166 068 215 091 000 000 000 000
0085 154 069 208 095 000 000 000 000
0086 153 069 202 092 000 000 000 000
0087 146 067 199 094 000 000 000 000
0088 139 070 197 091 000 000 000 000
0089 138 066 195 093 000 000 000 000
0090 136 068 190 097 000 000 000 000
0091 138 069 191 103 000 000 000 000
0092 139 077 191 115 000 000 000 000
0093 135 084 190 124 000 000 000 000
0094 136 094 185 139 000 000 000 000
0095 138 108 183 157 000 000 000 000
0096 137 120 182 170 000 000 000 000
0097 134 134 174 186 000 000 000 000
0098 131 151 167 211 000 000 000 000
0099 130 162 165 231 000 000 000 000
0100 121 198 155 239 000 000 000 000
0101 117 218 151 239 000 000 000 000
