0000 112 221 130 239 182 222 202 239
0001 179 222 203 239 112 221 130 239
0002 179 222 203 239 112 216 132 239
0003 110 218 130 239 180 221 201 238
0004 109 217 129 239 184 222 202 239
0005 178 221 201 239 109 218 128 239
0006 181 223 200 239 108 215 131 235
0007 186 219 206 239 109 217 128 239
0008 203 209 224 234 099 221 118 238
0009 084 213 108 238 219 189 252 224
0010 072 199 092 230 238 173 268 203
0011 055 165 079 190 253 130 281 161
0012 247 069 273 109 055 105 083 131
0013 229 040 255 076 070 061 100 093
0014 207 022 236 061 091 035 118 063
0015 187 016 215 054 110 021 135 049
0016 118 019 156 044 167 018 200 049
0017 126 023 162 045 163 022 192 052
0018 132 028 159 046 162 023 189 052
0019 163 028 186 054 137 029 161 051
0020 162 029 186 056 138 030 162 052
0021 160 031 183 055 139 030 163 051
0022 163 026 187 054 138 030 163 051
0023 158 031 183 054 139 030 167 049
0024 159 030 184 054 137 029 163 050
0025 162 028 188 054 137 029 161 051
0026 157 030 184 053 134 026 159 051
0027 175 024 206 049 123 026 157 051
0028 105 032 135 059 195 022 227 057
0029 231 047 263 087 083 047 110 080
0030 066 085 087 118 249 106 288 146
0031 238 179 270 213 054 137 080 167
0032 060 186 087 209 209 213 235 238
0033 076 204 100 234 188 222 208 239
0034 092 215 112 239 181 220 203 238
0035 182 216 204 239 104 221 126 239
0036 110 219 127 239 184 218 206 239
0037 112 215 129 238 184 223 205 239
0038 113 216 130 239 184 222 204 239
0039 113 219 129 239 180 221 203 239
0040 180 223 203 239 108 213 133 239
0041 175 223 197 239 111 215 129 239
0042 176 223 197 239 112 215 130 237
