0000 217 201 247 235 084 201 108 232
0001 057 163 096 204 227 162 257 195
0002 055 130 094 171 232 129 259 165
0003 228 097 255 134 059 098 088 145
0004 227 074 249 111 069 072 092 125
0005 214 053 243 099 078 054 101 106
0006 212 047 241 090 081 047 107 095
0007 203 038 233 078 091 040 120 087
0008 191 033 226 073 098 035 130 076
0009 106 036 144 077 178 036 215 069
0010 113 036 151 074 172 040 208 070
0011 119 037 158 073 168 040 206 070
0012 125 038 163 071 165 041 204 071
0013 127 043 160 073 165 043 203 071
0014 129 047 169 073 166 046 199 074
0015 126 044 166 074 163 046 202 074
0016 126 045 166 075 164 047 201 073
0017 128 045 167 076 163 047 201 074
0018 127 046 167 079 162 048 197 073
0019 129 047 165 079 163 046 203 078
0020 130 048 168 080 165 047 203 078
0021 132 048 167 079 164 049 202 075
0022 132 053 170 077 165 050 202 075
0023 133 047 169 080 165 049 204 076
0024 131 054 168 078 164 049 202 076
0025 129 048 165 079 161 053 202 074
0026 128 049 165 081 163 053 200 074
0027 126 050 163 082 161 054 202 076
0028 159 049 197 074 130 052 163 078
0029 159 048 200 077 130 055 161 081
0030 129 055 161 082 158 050 195 076
0031 125 051 164 081 158 054 200 076
0032 123 052 162 081 155 048 192 073
0033 123 052 161 080 156 049 197 076
0034 123 052 161 080 158 049 197 074
0035 122 051 161 079 157 048 197 074
0036 122 051 161 079 157 048 196 075
0037 122 050 161 078 157 046 196 072
0038 121 049 160 077 158 049 196 075
0039 155 047 197 074 127 049 160 074
0040 154 047 193 068 121 049 158 077
0041 124 051 161 074 153 047 195 075
0042 121 050 160 078 154 049 193 070
0043 121 049 159 078 155 048 195 074
0044 121 048 159 078 155 048 196 075
0045 119 050 158 079 155 048 198 073
0046 119 050 158 079 151 046 194 072
0047 119 050 157 079 155 047 195 073
0048 124 052 159 076 152 048 193 072
0049 122 052 157 081 152 047 192 076
0050 123 053 156 081 151 046 193 077
0051 120 049 157 083 151 049 187 075
0052 120 049 157 084 155 047 186 074
0053 121 049 157 084 156 048 186 076
0054 119 048 157 085 156 049 193 078
0055 118 048 158 085 155 049 194 079
0056 118 048 156 085 154 049 192 078
0057 117 049 155 088 152 048 192 078
0058 122 052 153 086 148 047 190 077
0059 117 050 155 086 151 050 183 079
0060 115 050 156 088 146 050 188 079
0061 116 050 155 089 147 050 187 079
0062 116 053 156 088 150 049 182 079
0063 116 050 152 088 149 050 181 079
0064 115 051 155 089 145 049 183 077
0065 116 053 155 088 149 050 182 080
0066 116 053 154 088 150 050 182 079
0067 116 053 155 088 149 050 182 079
0068 117 054 155 087 146 048 187 077
0069 115 053 152 087 149 047 189 076
0070 112 053 150 088 149 049 183 076
0071 111 053 150 087 149 050 189 074
0072 111 055 151 088 146 050 180 076
0073 110 056 149 089 141 049 183 075
0074 110 055 150 088 143 050 184 075
0075 109 054 148 088 143 048 184 077
0076 109 057 146 090 141 052 177 077
0077 109 054 146 090 137 050 177 077
0078 112 055 146 087 142 050 176 076
0079 109 054 146 091 138 051 177 078
0080 108 054 148 091 143 051 179 077
0081 108 056 150 093 145 051 189 080
0082 110 055 149 088 148 049 190 081
0083 112 054 150 087 145 054 187 080
0084 119 055 155 083 150 055 188 079
0085 118 053 154 083 148 050 186 076
0086 119 054 156 083 150 053 192 081
0087 119 054 157 081 152 055 191 082
0088 118 054 156 082 152 055 192 082
0089 115 053 152 082 151 053 191 080
0090 114 052 153 081 151 054 190 082
0091 150 053 188 081 117 053 156 079
0092 151 053 187 082 116 049 156 075
0093 150 053 189 081 116 054 150 081
0094 111 053 149 082 148 052 188 080
0095 107 059 146 093 153 056 192 088
0096 095 074 141 117 166 077 205 118
0097 186 149 215 192 084 168 112 231
0098 194 217 220 239 090 223 119 239
0099 093 221 115 239 192 223 215 239
0100 089 214 108 235 185 203 215 232
0101 085 213 109 239 185 203 214 233
0102 192 222 215 239 095 216 117 238
0103 194 222 216 239 100 219 120 239
0104 193 221 217 239 092 217 118 239
0105 195 221 220 239 094 220 119 239
