0000 083 206 106 239 170 209 193 237
0001 083 208 107 239 170 210 194 236
0002 082 206 103 235 170 210 195 237
0003 082 204 106 238 171 209 195 236
0004 083 207 106 239 172 208 196 237
0005 173 204 202 236 080 199 103 233
0006 194 191 218 234 070 188 094 217
0007 065 154 090 184 207 165 236 209
0008 061 131 089 171 196 142 245 177
0009 062 092 087 132 199 100 235 151
0010 066 065 095 104 186 071 218 100
0011 172 051 213 088 072 048 103 087
0012 161 043 201 078 077 036 112 071
0013 153 036 192 067 082 029 117 062
0014 147 030 186 065 089 021 122 057
0015 143 028 181 062 093 023 130 056
0016 140 026 178 059 094 023 132 054
0017 137 024 177 057 098 027 135 055
0018 103 024 140 055 138 026 175 058
0019 137 026 173 058 100 023 138 054
0020 140 026 175 057 104 027 140 055
0021 139 025 174 059 109 028 142 055
0022 108 028 142 057 142 028 174 059
0023 143 028 175 061 107 028 144 057
0024 142 027 175 061 107 027 145 057
0025 143 028 174 060 109 027 146 056
0026 141 027 174 057 112 028 141 055
0027 140 028 174 056 107 025 146 055
0028 143 029 179 063 107 032 145 060
0029 150 039 188 080 104 035 135 067
0030 092 054 124 088 159 068 194 107
0031 079 080 112 118 173 121 206 166
0032 072 105 101 143 175 155 200 185
0033 072 148 098 184 171 187 197 227
0034 167 199 200 235 074 185 096 212
0035 078 192 100 227 174 206 196 238
0036 080 201 100 233 176 207 197 238
0037 079 201 099 235 175 205 197 239
