0000 114 182 132 217 183 181 200 211
0001 183 176 202 210 113 181 131 216
0002 112 181 129 212 187 174 206 207
0003 103 178 126 211 202 169 222 200
0004 096 176 117 202 214 160 232 186
0005 083 153 104 174 216 134 241 156
0006 081 133 100 150 216 114 238 140
0007 088 088 107 109 211 073 229 101
0008 200 051 227 083 093 052 120 087
0009 188 038 217 064 109 035 131 064
0010 175 032 207 057 110 029 137 062
0011 114 024 146 054 171 032 199 056
0012 119 027 152 053 164 028 192 052
0013 121 027 151 049 161 027 192 053
0014 123 026 152 052 158 032 187 051
0015 125 029 156 048 159 032 188 053
0016 121 030 154 052 158 033 189 054
0017 126 027 159 052 158 029 189 054
0018 127 030 156 053 155 031 186 050
0019 127 031 155 053 156 030 188 053
0020 127 031 155 053 155 031 187 050
0021 127 031 156 053 156 030 186 050
0022 127 030 156 052 155 032 187 052
0023 125 029 154 051 160 033 190 053
0024 121 027 151 053 163 031 193 055
0025 111 028 140 060 169 035 209 064
0026 105 034 130 066 184 041 216 080
0027 095 052 112 080 200 063 223 096
0028 206 076 228 110 087 067 107 098
0029 208 097 228 126 082 080 103 108
0030 081 119 105 139 212 133 237 156
0031 083 146 106 168 209 150 230 173
0032 088 165 113 190 204 163 228 190
0033 099 177 121 205 195 172 215 201
0034 109 181 128 210 192 174 208 208
0035 114 182 132 213 185 176 203 211
0036 115 181 133 211 181 175 202 211
0037 114 180 133 213 182 176 201 211
0038 112 181 132 215 184 174 203 209
