0000 185 174 204 211 118 182 140 215
0001 117 183 139 214 187 176 206 211
0002 117 183 139 214 190 176 207 211
0003 117 183 139 214 191 175 207 210
0004 117 182 137 215 192 175 209 210
0005 114 183 135 216 197 176 214 206
0006 109 180 131 214 204 168 224 200
0007 092 170 114 196 223 143 244 171
0008 221 115 252 140 080 144 104 166
0009 082 103 106 129 226 079 248 109
0010 093 065 117 099 216 052 237 081
0011 105 039 131 076 199 032 227 068
0012 123 026 151 059 181 024 209 055
0013 128 027 159 056 171 023 199 052
0014 131 024 161 054 165 027 200 054
0015 136 029 165 052 168 033 195 052
0016 137 029 164 051 167 032 195 052
0017 137 028 166 052 168 026 196 056
0018 137 026 169 051 169 033 195 054
0019 137 029 167 052 169 029 195 055
0020 137 028 167 052 169 029 196 055
0021 137 027 167 052 169 029 196 055
0022 137 027 168 050 165 029 193 052
0023 132 029 165 055 173 028 198 056
0024 121 029 157 060 174 034 206 062
0025 114 038 141 070 187 044 221 081
0026 104 051 128 084 204 064 226 103
0027 098 073 118 107 213 088 233 120
0028 218 121 246 147 092 105 112 126
0029 094 137 113 154 215 148 238 174
0030 097 154 118 175 214 157 234 183
0031 106 175 128 204 200 173 218 202
0032 112 181 132 216 195 176 211 207
