0000 169 211 192 239 111 205 135 236
0001 170 212 192 239 112 205 136 237
0002 172 214 195 238 112 205 135 237
0003 110 205 135 237 172 214 195 238
0004 172 214 195 238 112 211 130 232
0005 171 214 194 239 112 207 129 233
0006 171 214 194 238 111 208 129 235
0007 111 207 129 234 171 213 195 238
0008 111 207 128 233 170 212 194 239
0009 109 212 126 231 173 211 198 238
0010 099 203 115 228 180 211 208 238
0011 202 213 223 239 083 201 100 224
0012 220 205 246 235 064 189 080 214
0013 048 174 065 199 234 195 261 222
0014 239 177 267 201 040 160 057 183
0015 232 157 262 181 042 145 063 166
0016 055 134 075 154 210 137 245 161
0017 078 128 102 147 185 120 211 145
0018 096 128 130 149 163 119 198 149
0019 101 129 136 152 152 123 181 151
0020 149 131 179 153 105 128 139 152
0021 146 136 181 160 111 132 140 152
0022 147 136 181 160 111 133 138 153
0023 105 135 133 155 148 137 181 162
0024 146 136 174 159 112 135 140 155
0025 144 138 175 163 109 135 136 154
0026 143 139 175 163 107 138 135 158
0027 145 144 175 165 105 142 132 162
0028 149 151 186 179 103 151 126 172
0029 091 167 109 191 147 159 179 183
0030 076 182 095 207 187 188 209 216
0031 076 193 094 218 195 200 216 226
0032 083 204 102 226 200 213 222 238
0033 096 204 115 229 195 215 215 237
0034 186 215 204 234 110 202 126 228
0035 180 213 200 235 113 204 129 231
0036 112 208 129 235 177 211 196 235
0037 179 212 198 235 107 207 127 236
0038 106 209 122 236 181 215 203 239
0039 101 208 123 236 179 214 202 237
