0000 156 221 180 239 000 000 000 000
0001 156 221 179 239 000 000 000 000
0002 156 222 180 239 000 000 000 000
0003 156 222 179 239 000 000 000 000
0004 155 222 179 239 000 000 000 000
0005 149 218 177 239 000 000 000 000
0006 142 202 172 237 000 000 000 000
0007 136 132 164 167 000 000 000 000
0008 136 098 161 130 000 000 000 000
0009 133 075 159 108 000 000 000 000
0010 133 073 158 098 000 000 000 000
0011 140 063 165 090 000 000 000 000
0012 156 060 176 089 000 000 000 000
0013 165 060 188 093 000 000 000 000
0014 170 058 192 100 000 000 000 000
0015 161 060 184 102 000 000 000 000
0016 139 056 167 101 000 000 000 000
0017 125 060 162 101 000 000 000 000
0018 122 064 154 099 000 000 000 000
0019 130 060 158 093 000 000 000 000
0020 138 062 164 091 000 000 000 000
0021 153 060 175 091 000 000 000 000
0022 163 055 185 094 000 000 000 000
0023 162 053 185 098 000 000 000 000
0024 156 055 179 098 000 000 000 000
0025 138 058 164 098 000 000 000 000
0026 129 058 159 100 000 000 000 000
0027 126 057 157 098 000 000 000 000
0028 131 063 158 094 000 000 000 000
0029 142 061 164 088 000 000 000 000
0030 151 059 172 090 000 000 000 000
0031 158 059 180 095 000 000 000 000
0032 162 060 184 096 000 000 000 000
0033 158 059 180 100 078 223 103 239
0034 156 058 177 100 082 224 102 239
0035 150 060 172 098 081 223 101 239
0036 145 054 170 098 000 000 000 000
0037 147 061 170 103 000 000 000 000
0038 147 066 172 108 083 224 103 239
0039 150 085 178 125 000 000 000 000
0040 151 132 178 168 000 000 000 000
0041 156 183 182 219 000 000 000 000
0042 156 203 183 239 000 000 000 000
0043 160 222 182 239 000 000 000 000
0044 159 225 183 239 000 000 000 000
0045 157 224 181 239 000 000 000 000
