0000 145 224 169 239 000 000 000 000
0001 143 223 169 238 000 000 000 000
0002 145 223 169 239 000 000 000 000
0003 146 224 170 239 000 000 000 000
0004 145 224 171 239 000 000 000 000
0005 127 212 158 239 000 000 000 000
0006 111 163 141 194 000 000 000 000
0007 115 110 139 141 000 000 000 000
0008 115 073 144 104 000 000 000 000
0009 127 066 151 093 000 000 000 000
0010 135 066 157 086 000 000 000 000
0011 147 060 170 090 000 000 000 000
0012 154 060 175 093 000 000 000 000
0013 147 061 169 095 000 000 000 000
0014 124 060 147 095 000 000 000 000
0015 122 067 150 095 000 000 000 000
0016 130 067 154 091 000 000 000 000
0017 141 062 164 090 000 000 000 000
0018 148 060 171 094 000 000 000 000
0019 150 057 173 093 000 000 000 000
0020 135 057 158 096 000 000 000 000
0021 124 061 150 095 000 000 000 000
0022 123 063 152 095 000 000 000 000
0023 128 065 153 091 000 000 000 000
0024 139 059 162 089 000 000 000 000
0025 146 059 168 092 000 000 000 000
0026 149 059 170 093 000 000 000 000
0027 145 062 167 096 000 000 000 000
0028 144 072 168 107 000 000 000 000
0029 143 100 169 134 000 000 000 000
0030 142 132 172 167 000 000 000 000
0031 148 176 174 213 000 000 000 000
0032 150 202 172 237 000 000 000 000
0033 154 224 176 239 000 000 000 000
0034 154 222 180 238 000 000 000 000
