0007 162 210 189 239 000 000 000 000
0008 172 154 193 185 000 000 000 000
0009 175 091 202 143 000 000 000 000
0010 175 069 203 122 000 000 000 000
0011 176 068 204 116 000 000 000 000
0012 172 063 201 115 000 000 000 000
0013 188 070 215 113 000 000 000 000
0014 193 069 221 121 000 000 000 000
0015 172 076 199 120 000 000 000 000
0016 175 067 202 111 000 000 000 000
0017 190 069 217 116 000 000 000 000
0018 182 072 210 125 000 000 000 000
0019 171 070 197 126 000 000 000 000
0020 185 074 211 114 000 000 000 000
0021 194 073 221 119 000 000 000 000
0022 176 081 204 125 000 000 000 000
0023 175 071 202 118 000 000 000 000
0024 190 074 218 116 000 000 000 000
0025 193 079 221 130 000 000 000 000
0026 176 076 203 126 000 000 000 000
0027 179 070 203 114 000 000 000 000
0028 193 074 220 114 000 000 000 000
0029 205 108 238 151 000 000 000 000
0030 201 143 241 183 000 000 000 000
0031 183 207 210 239 000 000 000 000
