0002 184 224 206 239 000 000 000 000
0003 168 183 198 218 000 000 000 000
0004 170 143 198 177 000 000 000 000
0005 175 090 200 121 000 000 000 000
0006 179 080 201 110 000 000 000 000
0007 181 072 209 098 000 000 000 000
0008 191 062 215 094 000 000 000 000
0009 192 056 219 095 000 000 000 000
0010 180 061 203 105 000 000 000 000
0011 174 066 197 101 000 000 000 000
0012 168 065 195 097 000 000 000 000
0013 170 072 195 098 000 000 000 000
0014 173 066 198 090 000 000 000 000
0015 182 060 205 091 000 000 000 000
0016 184 054 210 093 000 000 000 000
0017 182 059 206 095 000 000 000 000
0018 175 061 202 098 000 000 000 000
0019 168 058 198 096 000 000 000 000
0020 169 059 197 096 000 000 000 000
0021 175 059 198 093 000 000 000 000
0022 180 061 204 097 000 000 000 000
0023 186 060 209 096 000 000 000 000
0024 188 056 212 097 000 000 000 000
0025 187 059 211 101 000 000 000 000
0026 190 069 212 108 000 000 000 000
0027 191 091 212 127 000 000 000 000
0028 188 124 216 162 000 000 000 000
0029 193 172 223 210 000 000 000 000
0030 201 198 225 238 000 000 000 000
0031 201 222 223 239 000 000 000 000
