0003 172 223 199 239 000 000 000 000
0004 147 189 192 231 000 000 000 000
0005 150 131 188 167 000 000 000 000
0006 150 080 191 120 000 000 000 000
0007 160 054 194 087 000 000 000 000
0008 169 044 197 073 000 000 000 000
0009 185 040 209 070 000 000 000 000
0010 195 035 220 072 000 000 000 000
0011 194 034 219 074 000 000 000 000
0012 175 041 202 079 000 000 000 000
0013 167 042 199 081 000 000 000 000
0014 159 045 189 077 000 000 000 000
0015 158 044 193 077 000 000 000 000
0016 170 040 198 071 000 000 000 000
0017 186 041 208 073 000 000 000 000
0018 188 035 211 075 000 000 000 000
0019 180 042 205 077 000 000 000 000
0020 170 045 196 077 000 000 000 000
0021 168 043 197 076 000 000 000 000
0022 169 044 196 075 000 000 000 000
0023 175 042 201 077 000 000 000 000
0024 181 042 206 084 000 000 000 000
0025 182 052 208 092 000 000 000 000
0026 181 066 210 111 000 000 000 000
0027 187 108 213 148 000 000 000 000
0028 188 162 214 204 000 000 000 000
0029 186 203 219 239 000 000 000 000
