0000 219 210 257 238 131 212 169 239
0001 219 209 257 238 130 212 169 239
0002 218 210 257 239 131 212 170 239
0003 218 210 257 239 131 212 170 239
0004 218 210 257 239 131 212 170 239
0005 220 210 258 239 131 212 171 239
0006 219 211 258 238 131 212 170 239
0007 219 212 260 239 131 212 171 239
0008 223 211 265 239 131 212 170 239
0009 238 210 280 239 131 213 171 239
0010 252 206 304 239 131 212 171 239
0011 263 196 319 233 131 213 171 239
0012 268 165 319 203 130 212 171 239
0013 273 139 319 179 130 215 172 238
0014 269 101 319 153 130 215 172 238
0015 255 073 315 138 130 215 172 238
0016 243 064 303 131 130 215 172 238
0017 230 059 288 125 130 211 171 239
0018 221 056 277 122 130 214 172 238
0019 219 055 271 121 130 211 171 239
0020 213 055 268 120 130 211 171 239
0021 214 055 269 122 130 211 171 239
0022 214 057 268 123 130 211 171 239
0023 215 057 268 121 130 211 171 239
0024 214 060 268 123 127 218 172 239
0025 215 060 267 124 127 219 172 239
0026 214 061 268 125 127 219 172 239
0027 215 061 268 125 127 219 172 239
0028 221 058 275 123 130 212 171 239
0029 229 068 282 132 130 212 171 239
0030 240 079 290 144 130 212 171 239
0031 248 097 297 153 130 212 170 239
0032 252 127 304 178 130 212 170 239
0033 252 162 300 204 130 212 170 239
0034 244 192 284 235 127 219 171 239
0035 220 207 263 239 127 219 171 239
0036 218 211 260 238 131 213 169 239
0037 220 214 260 238 131 213 169 239
