0000 165 223 199 239 000 000 000 000
0001 167 222 201 239 000 000 000 000
0002 167 224 199 239 000 000 000 000
0003 166 217 204 239 000 000 000 000
0004 168 197 215 239 000 000 000 000
0005 173 170 220 232 000 000 000 000
0006 175 145 226 213 000 000 000 000
0007 177 118 228 197 000 000 000 000
0008 176 098 225 171 000 000 000 000
0009 176 084 226 160 000 000 000 000
0010 177 076 225 152 000 000 000 000
0011 178 069 225 143 000 000 000 000
0012 176 064 226 139 000 000 000 000
0013 177 062 227 136 000 000 000 000
0014 176 065 227 141 000 000 000 000
0015 175 062 225 137 000 000 000 000
0016 175 062 225 135 000 000 000 000
0017 175 062 227 140 000 000 000 000
0018 175 060 226 135 000 000 000 000
0019 175 060 226 135 000 000 000 000
0020 177 060 226 135 000 000 000 000
0021 177 068 227 139 000 000 000 000
0022 177 089 215 157 000 000 000 000
0023 172 142 214 205 000 000 000 000
0024 163 194 207 238 000 000 000 000
0025 163 225 204 239 000 000 000 000
