0003 109 218 141 239 000 000 000 000
0004 176 205 216 238 113 208 152 238
0005 115 192 162 234 187 179 222 221
0006 127 167 175 212 191 125 226 176
0007 183 093 222 147 134 151 181 202
0008 178 077 218 132 143 139 185 191
0009 175 069 212 121 150 136 197 184
0010 167 074 207 126 155 134 199 184
0011 168 080 202 130 159 135 204 185
0012 162 086 198 141 162 134 200 186
0013 160 089 200 144 161 132 203 183
0014 157 091 200 143 160 137 202 186
0015 155 090 200 141 160 135 199 186
0016 156 132 199 184 157 088 196 140
0017 164 085 204 133 151 127 190 178
0018 171 082 219 138 143 124 185 177
0019 136 123 180 173 181 084 225 141
0020 191 089 238 144 133 118 173 169
0021 130 116 172 168 202 098 238 155
0022 134 113 175 167 196 111 239 165
0023 187 118 229 175 140 115 178 167
0024 183 124 226 179 145 118 183 172
0025 181 126 221 180 149 122 189 173
0026 180 126 215 181 150 123 185 178
0027 177 124 214 180 150 121 184 174
0028 173 122 209 181 151 124 183 177
0029 179 124 216 178 145 123 184 178
0030 138 126 178 177 187 123 226 180
0031 114 127 153 179 215 125 257 180
0032 079 133 133 179 236 127 280 178
0033 067 136 105 184 260 128 308 182
0034 260 130 308 184 069 137 106 184
0035 071 138 107 188 263 127 301 185
0036 071 137 106 189 257 129 302 182
0037 068 138 107 189 253 131 300 182
0038 250 125 292 183 071 136 107 190
0039 228 137 267 187 081 149 119 199
0040 090 177 130 231 204 151 241 199
0041 167 185 212 231 100 215 140 239
0042 154 199 201 236 000 000 000 000
0043 144 208 196 239 000 000 000 000
0044 143 210 196 239 000 000 000 000
0045 143 210 195 239 000 000 000 000
0046 144 210 193 239 000 000 000 000
0047 139 213 190 239 000 000 000 000
0048 135 214 189 239 000 000 000 000
0049 135 216 189 239 000 000 000 000
0050 134 216 189 239 000 000 000 000
0051 138 216 186 239 000 000 000 000
0052 135 216 190 239 000 000 000 000
0053 138 216 186 239 000 000 000 000
0054 135 215 190 239 000 000 000 000
0055 134 211 193 238 000 000 000 000
0056 138 214 190 239 000 000 000 000
0057 135 215 189 239 000 000 000 000
0058 137 215 190 239 000 000 000 000
0059 138 216 190 239 000 000 000 000
0060 138 216 190 239 000 000 000 000
0061 138 215 189 239 000 000 000 000
0062 142 207 189 239 000 000 000 000
0063 155 210 196 238 000 000 000 000
0064 155 207 197 239 000 000 000 000
0065 168 214 199 238 000 000 000 000
0066 169 218 200 239 000 000 000 000
0067 166 218 201 239 000 000 000 000
0068 165 215 195 239 000 000 000 000
0069 165 218 195 239 000 000 000 000
0070 153 221 186 238 000 000 000 000
