0000 111 199 160 239 179 218 209 239
0001 111 200 160 239 179 218 209 239
0002 111 200 160 239 178 217 210 239
0003 111 199 160 239 178 215 210 239
0004 112 195 160 237 173 208 207 239
0005 111 181 159 221 162 185 202 231
0006 153 144 202 185 113 165 162 201
0007 123 163 175 200 150 117 195 157
0008 153 100 196 143 130 159 181 196
0009 151 111 192 150 135 143 180 177
0010 133 119 179 156 147 133 195 176
0011 132 115 178 150 142 149 193 188
0012 132 131 183 172 000 000 000 000
0013 127 152 174 192 142 116 183 152
0014 142 107 186 146 130 146 178 180
0015 139 133 190 171 127 118 172 155
0016 129 112 175 150 135 149 185 188
0017 127 135 173 171 000 000 000 000
0018 141 110 185 145 125 150 174 190
0019 141 104 185 144 130 146 177 179
0020 130 122 187 159 000 000 000 000
0021 131 111 173 146 135 150 183 184
0022 135 130 180 174 000 000 000 000
0023 139 105 183 143 128 150 176 189
0024 143 107 186 148 129 139 173 171
0025 141 135 190 173 128 110 170 143
0026 136 147 185 184 129 109 164 141
0027 139 135 181 171 125 126 163 158
0028 143 114 185 151 119 144 166 176
0029 149 113 190 154 118 142 163 175
0030 149 118 192 158 119 124 155 162
0031 150 114 187 157 121 118 151 157
0032 154 113 190 157 121 119 151 157
0033 161 115 204 157 107 112 140 156
0034 078 110 110 151 178 114 226 160
0035 191 115 234 159 069 113 097 155
0036 197 117 232 163 065 122 094 165
0037 191 118 229 165 067 122 093 166
0038 190 121 226 170 072 125 098 170
0039 188 123 226 171 073 128 102 175
0040 189 127 227 173 077 132 107 176
0041 187 133 227 179 079 137 109 182
0042 182 143 223 190 082 145 113 187
0043 177 158 222 206 087 151 118 195
0044 177 184 222 238 095 162 133 204
0045 104 179 149 219 176 203 218 237
0046 111 193 161 236 186 223 215 239
0047 111 201 163 239 000 000 000 000
