0000 034 211 072 239 159 210 188 239
0001 037 213 071 239 159 210 189 239
0002 037 213 071 239 159 210 188 239
0003 035 212 073 239 155 209 190 235
0004 037 210 072 239 155 207 190 239
0005 145 206 189 239 040 205 072 239
0006 035 201 082 239 133 177 176 234
0007 043 179 094 237 117 146 170 202
0008 116 127 174 176 061 149 115 201
0009 078 110 127 152 119 135 174 182
0010 077 074 135 116 100 143 165 193
0011 078 062 135 102 089 123 147 169
0012 082 081 138 135 034 085 076 139
0013 081 101 135 152 097 069 142 108
0014 023 097 087 142 107 063 159 110
0015 117 078 170 137 086 079 135 127
0016 100 119 155 167 076 056 135 095
0017 094 112 141 156 071 057 131 100
0018 068 083 138 134 025 084 065 137
0019 068 100 120 155 118 060 162 106
0020 073 094 119 139 139 050 184 111
0021 149 079 196 144 066 065 119 106
0022 127 113 177 164 054 042 106 081
0023 042 049 097 096 122 101 168 146
0024 038 088 092 144 127 074 176 119
0025 043 113 098 165 152 053 190 105
0026 054 105 101 151 176 052 213 111
0027 052 076 102 115 195 080 229 148
0028 040 055 091 096 178 142 223 193
0029 144 167 196 217 037 061 079 109
0030 132 156 189 210 031 093 079 152
0031 133 158 188 215 030 153 084 222
0032 028 202 071 239 151 177 198 233
0033 156 207 192 237 035 208 075 238
0034 034 210 073 239 150 211 186 237
0035 034 210 074 239 153 209 186 239
0036 034 210 074 239 158 208 189 235
0037 034 209 075 239 155 210 186 237
0038 034 211 072 238 151 207 184 238
0039 036 204 071 239 150 208 189 238
0040 033 211 073 239 158 209 187 237
0041 033 205 071 239 000 000 000 000
0042 033 210 073 239 000 000 000 000
0043 033 210 073 239 152 208 183 237
0044 033 205 070 238 153 208 181 235
0045 033 205 068 235 157 208 185 235
0046 035 210 072 236 156 208 188 236
0047 035 211 073 239 153 216 187 239
0048 153 209 185 237 036 210 076 239
0049 044 206 085 239 135 207 184 239
0050 113 207 161 239 057 207 098 237
0051 100 207 151 239 067 202 101 238
0052 101 208 152 239 073 206 103 238
0053 106 210 153 239 074 207 102 239
0054 106 211 153 238 073 210 102 239
