0005 154 193 202 239 000 000 000 000
0006 132 108 189 152 130 203 205 238
0007 131 168 196 219 137 077 192 119
0008 116 110 159 149 182 062 228 111
0009 164 119 211 180 123 071 169 121
0010 134 096 202 146 006 193 029 223
0011 139 141 183 181 134 063 194 106
0012 179 066 223 120 120 110 156 151
0013 171 112 212 158 118 083 160 128
0014 126 091 187 147 007 189 026 217
0015 128 132 167 173 139 058 193 100
0016 163 063 216 113 115 106 151 149
0017 145 122 195 176 122 072 168 124
0018 137 113 191 164 117 095 183 133
0019 126 137 168 177 138 057 193 103
0020 164 079 214 127 110 100 149 143
0021 150 113 205 152 109 088 153 137
0022 118 109 161 156 150 107 202 145
0023 119 110 159 153 149 107 201 145
0024 119 109 156 157 151 106 202 146
0025 099 108 147 159 167 107 218 144
0026 184 102 230 143 080 115 133 169
0027 087 117 137 167 184 105 227 145
0028 183 111 227 143 089 115 140 166
0029 086 115 138 167 184 107 227 145
0030 087 118 138 171 182 111 226 150
0031 088 118 138 168 182 111 227 150
0032 088 117 138 168 181 111 226 150
0033 085 132 139 184 177 119 225 161
0034 088 178 148 235 174 146 217 195
0035 172 201 213 239 000 000 000 000
