0000 175 197 191 225 101 195 118 224
0001 173 197 190 228 102 195 118 225
0002 094 195 114 223 176 191 194 226
0003 189 173 218 210 074 181 098 211
0004 041 153 067 171 201 135 258 161
0005 234 110 285 135 024 125 046 147
0006 247 092 294 112 011 105 045 128
0007 259 080 309 104 002 094 035 115
0008 267 081 314 103 001 085 026 107
0009 266 082 314 104 003 087 024 109
0010 261 082 315 106 003 087 027 109
0011 266 087 316 107 002 088 029 111
0012 269 089 316 111 002 093 034 114
0013 268 094 316 114 002 097 024 117
0014 006 103 033 125 264 098 305 124
0015 004 116 033 138 262 110 303 140
0016 004 127 034 156 264 122 303 158
0017 005 130 041 159 261 125 302 161
0018 007 134 039 163 264 127 303 164
0019 005 140 040 164 265 126 302 163
0020 007 134 039 161 263 127 300 159
0021 008 133 037 161 265 127 302 164
0022 264 127 302 163 008 134 042 162
0023 007 136 038 162 264 130 301 167
0024 257 139 294 171 011 141 043 166
0025 242 151 275 190 024 161 049 183
0026 039 174 063 195 229 166 255 209
0027 061 184 087 216 202 182 227 224
0028 087 195 108 223 188 194 206 229
0029 096 196 120 228 169 200 189 231
