0000 192 225 211 239 000 000 000 000
0001 190 223 214 238 000 000 000 000
0002 190 223 213 238 000 000 000 000
0004 183 223 206 239 000 000 000 000
0005 176 208 206 238 112 207 135 238
0006 126 175 153 209 168 168 196 207
0007 123 137 155 164 169 132 204 168
0008 076 111 101 134 207 110 238 140
0009 001 083 040 113 247 096 285 122
0010 275 087 307 110 000 000 000 000
0011 275 083 308 105 000 000 000 000
0012 276 091 308 114 000 000 000 000
0013 277 090 309 112 000 000 000 000
0014 276 085 309 108 000 000 000 000
0015 277 079 309 102 000 000 000 000
0016 272 074 312 100 000 000 000 000
0017 283 086 312 108 000 000 000 000
0018 284 130 317 158 223 120 274 152
0019 267 184 295 214 019 213 051 239
0020 265 189 297 213 011 207 046 239
0021 007 203 044 237 270 183 301 209
0022 010 208 043 235 268 186 300 214
0023 009 205 043 238 268 186 300 214
0024 006 201 044 235 267 185 301 211
0025 004 199 039 238 268 184 298 208
0026 007 209 041 237 264 187 296 216
0027 255 191 285 223 027 219 054 237
0028 241 203 271 234 000 000 000 000
0029 232 207 258 239 000 000 000 000
0030 220 217 250 239 000 000 000 000
0031 217 223 237 239 000 000 000 000
0032 214 224 234 239 000 000 000 000
0033 209 223 230 239 105 223 125 238
0034 109 222 126 239 211 224 228 239
0035 205 222 227 238 104 222 123 238
0036 203 223 222 239 105 221 122 239
0037 198 223 217 239 000 000 000 000
