0000 120 202 155 232 184 193 205 229
0001 126 202 152 231 182 192 204 228
0002 142 181 166 210 175 176 196 204
0003 165 138 196 165 145 137 172 167
0004 170 097 197 120 136 100 166 121
0005 116 071 143 092 193 069 221 093
0006 080 056 109 078 227 056 250 084
0007 031 047 062 077 254 055 293 083
0008 262 070 297 093 003 070 039 094
0009 259 077 299 100 002 076 039 097
0010 265 074 304 100 002 076 044 102
0011 263 075 302 098 004 076 040 098
0012 266 072 303 099 001 074 042 104
0013 265 108 305 132 000 000 000 000
0014 022 160 052 185 263 144 297 167
0015 016 156 049 182 268 143 303 171
0016 014 154 046 183 264 142 304 167
0017 011 154 046 181 263 143 305 167
0018 010 154 047 180 266 141 304 166
0019 015 149 050 178 260 139 301 160
0020 045 137 075 165 245 126 285 157
0021 214 134 243 160 091 146 117 169
0022 121 149 159 179 184 144 218 173
0023 133 160 170 191 174 155 201 183
0024 171 177 197 207 140 181 168 210
0025 177 189 200 226 136 190 163 222
0026 125 197 153 228 183 193 205 229
0027 189 195 211 233 121 203 146 233
0028 194 195 213 229 112 204 138 234
0029 112 203 137 234 189 195 212 229
0030 113 203 137 234 190 192 211 230
0031 189 195 210 230 108 202 140 235
0032 112 207 137 235 189 193 210 230
