0000 104 172 124 203 174 177 189 205
0001 172 181 188 201 103 171 124 203
0002 171 175 186 198 105 170 123 200
0003 170 175 185 199 107 174 122 198
0004 107 174 123 193 170 168 186 197
0005 169 155 187 189 104 155 118 187
0006 101 147 120 176 170 142 187 173
0007 099 140 120 170 170 140 189 164
0008 099 129 121 155 168 124 187 153
0009 100 123 121 150 168 120 189 150
0010 167 112 190 144 102 111 122 139
0011 166 104 190 137 101 107 125 133
0012 169 095 195 131 098 102 122 126
0013 178 090 203 123 084 093 106 120
0014 194 084 222 116 073 093 095 126
0015 056 092 082 121 207 081 229 109
0016 048 092 074 118 220 078 246 107
0017 034 091 061 113 235 077 263 100
0018 249 077 281 101 022 087 058 108
0019 019 085 050 103 255 079 293 101
0020 263 081 301 102 013 081 043 100
0021 015 077 048 098 263 079 302 101
0022 265 078 305 099 015 074 042 094
0023 266 076 304 098 014 072 043 097
0024 270 076 310 093 011 073 044 094
0025 268 077 307 099 011 072 044 093
0026 014 067 039 089 264 078 305 095
0027 013 068 040 087 268 073 307 095
0028 012 073 041 093 264 080 306 099
0029 014 087 040 108 253 087 292 119
0030 257 109 295 142 020 104 047 125
0031 020 115 045 134 249 112 290 140
0032 257 116 293 139 019 114 045 133
0033 020 114 045 132 257 112 296 141
0034 257 114 296 144 019 114 044 132
0035 257 113 295 144 017 113 043 133
0036 257 112 296 142 019 113 045 132
0037 257 112 295 142 016 111 043 132
0038 257 112 295 144 019 112 046 132
0039 021 115 048 136 255 112 291 144
0040 253 116 284 145 028 118 051 140
0041 245 118 276 149 032 120 056 142
0042 043 122 067 148 235 118 262 153
0043 056 124 077 153 216 121 238 153
0044 070 133 089 161 202 127 220 159
0045 186 133 207 172 083 141 100 170
0046 170 149 187 178 099 154 115 177
0047 164 156 183 184 104 157 121 183
0048 162 155 179 188 108 162 125 190
0049 160 160 182 193 109 163 126 190
0050 106 168 122 197 164 166 182 199
0051 167 171 183 203 106 175 121 198
0052 168 178 183 204 103 171 126 202
0053 106 176 122 198 170 175 186 204
0054 101 173 124 204 172 176 187 206
0055 173 175 188 204 102 170 127 203
0056 174 176 189 204 103 169 127 203
0057 173 178 189 204 101 172 124 203
0058 175 177 190 202 103 170 127 203
