0000 173 191 196 224 099 189 122 218
0001 290 156 313 223 174 191 195 223
0002 290 157 312 222 181 192 207 228
0003 289 158 312 223 090 189 113 220
0004 290 157 312 224 074 182 095 211
0005 290 157 313 222 051 171 072 195
0006 031 150 056 173 289 155 314 226
0007 290 156 313 223 016 122 046 146
0008 288 159 312 225 009 101 039 123
0009 006 084 036 106 288 160 311 224
0010 288 159 313 226 009 075 038 098
0011 007 072 042 093 288 161 311 225
0012 288 162 311 222 007 075 038 094
0013 007 072 037 097 289 154 311 222
0014 289 160 311 222 008 074 040 094
0015 006 078 039 098 289 159 312 221
0016 007 075 038 098 289 160 312 221
0017 008 080 035 102 289 159 311 222
0018 289 160 311 223 004 094 030 114
0019 288 159 312 222 007 118 032 143
0020 023 151 047 175 288 162 308 225
0021 288 161 311 225 048 171 069 195
0022 198 185 223 229 288 162 310 222
0023 288 161 310 226 180 196 200 223
0024 161 193 189 227 100 189 124 222
0025 107 189 130 218 289 161 310 227
0026 108 192 132 220 288 162 309 225
0027 108 192 134 219 289 161 310 225
0028 110 188 133 218 153 194 188 226
0029 157 191 186 223 110 187 136 218
0030 162 192 189 224 108 194 133 221
0031 164 192 190 225 106 189 132 218
0032 171 193 196 225 105 189 129 218
0033 104 188 128 217 177 191 201 225
0034 102 185 126 217 180 193 200 224
0035 289 160 311 222 101 187 124 218
0036 290 160 312 224 101 188 123 222
0037 289 162 310 224 101 188 121 224
0038 176 194 194 224 289 161 311 223
0039 286 161 309 222 177 195 195 225
0040 177 192 198 223 288 161 312 223
0041 176 191 198 223 100 188 118 219
0042 177 191 199 223 099 190 119 223
0043 177 191 198 222 102 189 120 221
0044 288 159 312 226 178 190 196 219
0045 289 159 311 224 102 191 120 219
0046 289 160 310 222 099 191 118 223
0047 099 191 119 222 175 190 195 222
0048 289 160 310 221 100 191 119 223
0049 289 159 310 222 100 191 119 222
