0000 160 175 176 205 089 176 114 200
0001 160 175 176 205 094 177 110 197
0002 157 177 173 204 089 176 114 200
0003 160 177 175 205 089 176 114 200
0004 160 179 176 202 095 178 111 202
0005 160 171 175 203 093 171 114 199
0006 095 167 111 190 159 166 175 196
0007 157 161 176 185 093 157 109 183
0008 159 150 177 180 092 148 109 175
0009 089 143 109 169 160 143 178 173
0010 091 136 107 154 162 131 180 160
0011 086 125 108 146 162 125 184 154
0012 086 119 105 140 163 117 186 147
0013 083 113 106 136 164 109 188 142
0014 166 105 188 140 080 111 099 133
0015 074 106 094 132 170 099 194 133
0016 067 102 087 127 175 095 199 129
0017 183 092 207 127 062 105 079 126
0018 199 085 221 125 051 099 068 122
0019 038 095 057 120 214 086 236 120
0020 024 091 049 117 235 087 261 115
0021 019 086 044 113 242 081 276 112
0022 013 086 039 111 250 081 283 107
0023 012 081 038 103 252 079 289 103
0024 010 081 037 102 255 078 293 095
0025 254 078 292 101 008 079 037 103
0026 009 080 037 100 257 079 295 096
0027 255 077 292 099 012 076 034 099
0028 255 076 292 098 012 074 034 097
0029 255 076 292 098 011 074 039 093
0030 254 077 292 100 012 074 034 098
0031 009 078 037 099 254 080 293 100
0032 007 088 033 106 254 088 290 114
0033 013 101 038 121 249 105 289 127
0034 019 118 042 139 243 121 274 149
0035 021 129 045 148 239 131 269 158
0036 239 134 268 160 020 128 044 148
0037 239 133 269 160 020 128 043 147
0038 240 130 270 158 019 125 042 145
0039 241 131 271 160 017 124 043 145
0040 244 131 273 153 017 124 042 145
0041 239 129 271 155 018 124 043 145
0042 238 130 271 158 018 126 044 147
0043 019 129 043 148 241 130 270 160
0044 232 130 257 166 024 130 047 151
0045 030 133 052 152 221 133 242 160
0046 207 131 227 163 038 126 061 147
0047 195 125 216 160 049 124 067 146
0048 061 124 079 150 183 126 202 159
0049 176 125 200 161 069 121 085 146
0050 169 129 192 163 079 131 097 155
0051 088 142 106 168 161 138 183 170
0052 092 146 110 172 158 144 181 173
0053 095 162 113 182 157 155 178 184
0054 158 158 175 191 095 162 111 189
0055 158 165 175 197 095 166 111 189
0056 096 170 112 193 158 171 175 203
0057 096 170 112 196 158 173 175 203
0058 096 176 113 196 158 175 174 203
0059 159 176 175 204 094 179 110 199
0060 159 176 175 206 090 174 112 204
0061 159 175 175 207 089 173 111 203
0062 159 176 175 207 096 177 112 198
0063 159 175 175 207 090 174 111 204
