0000 208 194 224 226 122 192 143 219
0001 125 189 146 218 205 193 222 222
0002 205 194 222 225 123 188 146 221
0003 205 194 222 225 122 193 146 219
0004 205 195 222 225 122 189 144 220
0005 208 195 225 227 123 189 145 220
0006 207 189 228 224 125 186 148 212
0007 203 178 226 213 126 176 152 208
0008 132 162 156 193 195 161 220 200
0009 190 144 216 179 136 145 164 176
0010 191 129 225 159 125 117 161 154
0011 113 106 150 145 205 104 236 144
0012 110 094 142 135 221 082 257 117
0013 238 073 273 106 102 086 125 109
0014 261 066 298 094 073 073 100 100
0015 264 069 307 095 058 071 086 094
0016 047 070 076 092 273 073 312 096
0017 040 075 073 096 276 080 314 101
0018 040 078 069 099 279 081 311 102
0019 038 081 070 100 278 081 311 103
0020 038 081 070 100 273 082 314 105
0021 039 083 069 101 277 081 311 102
0022 038 087 070 107 278 081 311 101
0023 034 089 072 110 281 084 310 107
0024 279 095 315 119 038 104 068 126
0025 045 132 075 158 095 103 140 140
0026 057 152 090 183 253 155 293 190
0027 064 162 090 186 255 167 287 202
0028 063 161 090 184 256 167 286 204
0029 063 160 090 184 255 164 288 201
0030 062 161 089 185 256 168 287 202
0031 063 162 091 186 256 167 287 202
0032 064 163 091 188 256 167 287 202
0033 064 162 091 186 250 167 288 202
0034 064 162 091 186 248 163 287 202
0035 063 163 091 188 254 165 286 203
0036 063 162 090 187 256 170 285 203
0037 063 162 091 186 258 169 285 203
0038 065 164 096 191 252 173 283 208
0039 068 165 095 192 248 176 275 209
0040 078 171 102 199 242 177 269 213
0041 086 176 110 207 233 182 254 218
0042 224 187 243 222 096 179 118 210
0043 218 188 237 222 106 182 127 214
0044 213 187 234 224 112 186 134 216
0045 115 187 136 222 209 189 230 224
0046 203 194 227 225 119 189 138 217
0047 203 189 224 222 123 188 144 221
0048 201 190 223 223 123 187 146 221
0049 201 191 223 224 123 187 147 222
0050 123 186 147 221 201 192 224 225
0051 123 186 147 221 201 195 222 223
0052 201 191 224 225 124 187 147 221
0053 200 193 222 224 124 186 147 220
0054 124 187 147 221 201 193 225 226
0055 200 192 222 225 124 187 148 220
0056 200 193 222 225 124 187 147 220
0057 199 193 221 225 124 187 147 220
