0001 141 178 159 212 206 181 226 211
0002 140 176 160 215 209 179 232 216
0003 147 176 171 214 201 167 225 202
0004 190 151 225 187 150 171 177 199
0005 163 156 193 188 181 139 219 166
0006 177 131 215 157 173 147 208 171
0007 171 131 214 158 185 118 231 148
0008 170 129 215 159 000 000 000 000
0009 171 134 214 159 000 000 000 000
0010 175 128 217 156 000 000 000 000
0011 180 136 214 157 180 113 232 154
0012 179 130 216 157 196 114 234 149
0013 176 131 215 156 000 000 000 000
0014 177 128 216 158 000 000 000 000
0015 175 133 214 157 000 000 000 000
0016 175 130 215 156 000 000 000 000
0017 176 132 218 158 000 000 000 000
0018 176 132 218 159 000 000 000 000
0019 176 132 218 158 000 000 000 000
0020 176 131 218 158 000 000 000 000
0021 171 130 215 157 000 000 000 000
0022 174 129 216 159 000 000 000 000
0023 174 130 215 158 000 000 000 000
0024 176 134 217 155 000 000 000 000
0025 175 134 217 156 000 000 000 000
0026 174 133 215 159 000 000 000 000
0027 187 144 222 177 160 154 195 188
0028 200 160 230 196 154 171 178 203
0029 218 182 240 215 143 182 164 216
0030 138 182 159 217 222 186 243 216
0031 208 179 227 211 000 000 000 000
