0000 198 198 220 233 113 191 132 223
0001 197 198 220 234 111 193 130 225
0002 197 197 219 233 112 189 133 227
0003 197 198 219 234 113 187 134 227
0004 198 197 220 234 113 187 135 227
0005 196 194 220 234 112 189 137 226
0006 190 188 216 232 111 188 136 225
0007 111 187 139 222 168 174 199 211
0008 146 155 188 191 114 182 141 220
0009 115 175 150 215 127 144 176 175
0010 123 169 152 208 117 138 169 166
0011 123 163 151 199 115 138 163 164
0012 123 163 150 193 115 137 156 164
0013 122 163 151 192 114 140 155 163
0014 119 161 147 194 112 132 153 164
0015 119 158 146 194 112 130 151 162
0016 119 158 147 194 113 135 152 164
0017 118 158 147 193 113 136 151 161
0018 118 159 147 194 113 137 153 162
0019 119 159 148 194 115 132 155 164
0020 118 160 148 193 112 133 156 164
0021 118 159 148 192 113 137 155 164
0022 118 159 147 193 114 137 153 163
0023 119 162 148 196 113 134 154 164
0024 119 164 148 196 113 137 153 165
0025 119 165 148 196 114 134 153 163
0026 120 165 147 199 115 136 156 165
0027 121 167 146 204 116 143 155 166
0028 117 176 140 208 124 150 161 175
0029 146 168 188 208 112 176 141 214
0030 160 182 194 220 110 177 139 215
0031 180 189 211 226 108 182 132 221
0032 194 191 221 228 108 188 129 224
0033 108 193 126 225 201 197 222 229
0034 106 190 125 222 204 188 222 225
0035 106 189 126 224 203 188 219 224
0036 108 187 127 223 201 191 218 222
0037 109 189 127 222 203 195 220 223
0038 112 191 128 221 202 194 219 222
0039 110 187 130 218 203 196 220 223
0040 112 193 130 223 199 197 216 228
0041 110 189 130 224 202 194 220 225
0042 111 190 130 221 201 194 220 228
0043 111 190 130 222 201 194 220 229
0044 108 189 129 222 201 194 219 229
