0002 189 196 233 238 000 000 000 000
0003 202 165 239 212 000 000 000 000
0004 199 139 234 183 000 000 000 000
0005 184 131 223 171 000 000 000 000
0006 170 122 213 166 000 000 000 000
0007 152 106 199 158 000 000 000 000
0008 141 111 191 160 000 000 000 000
0009 122 115 172 159 000 000 000 000
0010 110 114 166 156 000 000 000 000
0011 101 114 154 159 000 000 000 000
0012 087 109 146 152 000 000 000 000
0013 077 111 136 152 000 000 000 000
0014 070 114 129 156 000 000 000 000
0015 060 114 120 156 000 000 000 000
0016 053 124 123 157 000 000 000 000
0017 048 126 117 159 000 000 000 000
0018 047 121 118 156 000 000 000 000
0019 052 125 111 162 000 000 000 000
0020 049 122 108 159 000 000 000 000
0021 039 128 104 164 000 000 000 000
0022 034 135 102 166 000 000 000 000
0023 045 127 107 167 000 000 000 000
0024 059 131 128 181 000 000 000 000
0025 084 156 142 201 000 000 000 000
0026 125 180 176 225 000 000 000 000
0027 171 209 208 239 000 000 000 000
