0002 193 220 228 239 000 000 000 000
0003 183 216 224 239 000 000 000 000
0004 173 204 223 239 000 000 000 000
0005 173 194 222 236 000 000 000 000
0006 167 182 222 228 000 000 000 000
0007 154 164 217 206 000 000 000 000
0008 147 155 211 194 000 000 000 000
0009 146 142 208 183 000 000 000 000
0010 139 137 203 179 000 000 000 000
0011 142 127 203 173 000 000 000 000
0012 140 122 200 169 000 000 000 000
0013 138 122 201 170 000 000 000 000
0014 132 124 196 167 000 000 000 000
0015 128 125 201 167 000 000 000 000
0016 123 124 192 172 000 000 000 000
0017 126 124 189 171 000 000 000 000
0018 121 125 189 172 000 000 000 000
0019 119 125 189 169 000 000 000 000
0020 121 125 191 174 000 000 000 000
0021 119 122 185 170 000 000 000 000
0022 117 122 183 169 000 000 000 000
0023 112 124 182 170 000 000 000 000
0024 113 125 176 172 000 000 000 000
0025 113 126 171 176 000 000 000 000
0026 105 127 174 178 000 000 000 000
0027 098 134 175 176 000 000 000 000
0028 104 132 168 178 000 000 000 000
0029 105 133 163 184 000 000 000 000
0030 093 135 166 180 000 000 000 000
0031 094 137 160 185 000 000 000 000
0032 086 137 153 186 000 000 000 000
0033 077 137 156 182 000 000 000 000
0034 074 134 156 178 000 000 000 000
0035 072 137 150 182 000 000 000 000
0036 071 141 154 184 000 000 000 000
0037 075 136 149 185 000 000 000 000
0038 074 136 150 183 000 000 000 000
0039 068 134 148 184 000 000 000 000
0040 065 138 151 183 000 000 000 000
0041 067 135 146 178 000 000 000 000
0042 066 135 149 181 000 000 000 000
0043 063 139 143 189 000 000 000 000
0044 065 142 141 189 000 000 000 000
0045 066 139 140 189 000 000 000 000
0046 060 142 144 189 000 000 000 000
0047 057 145 137 196 000 000 000 000
0048 057 144 133 200 000 000 000 000
0049 060 148 128 201 000 000 000 000
0050 056 147 129 203 000 000 000 000
0051 050 149 130 205 000 000 000 000
0052 061 148 125 208 000 000 000 000
0053 056 152 132 202 000 000 000 000
0054 050 151 127 201 000 000 000 000
0055 061 157 127 220 000 000 000 000
0056 068 167 132 224 000 000 000 000
0057 080 180 141 235 000 000 000 000
0058 093 196 151 237 000 000 000 000
0059 119 213 173 239 000 000 000 000
0060 133 223 172 239 000 000 000 000
