0004 167 222 203 239 070 222 109 239
0005 152 215 206 239 065 218 108 239
0006 149 208 201 239 058 207 107 239
0007 139 204 199 239 045 193 106 238
0008 132 197 196 239 047 188 108 238
0009 050 186 108 234 134 190 194 233
0010 129 184 197 231 049 184 107 238
0011 129 178 203 221 060 202 106 239
0012 126 175 198 216 066 214 108 239
0013 129 174 200 214 000 000 000 000
0014 118 171 202 213 000 000 000 000
0015 121 167 192 212 000 000 000 000
0016 112 168 195 204 000 000 000 000
0017 111 162 189 197 000 000 000 000
0018 109 158 191 195 000 000 000 000
0019 110 151 185 195 000 000 000 000
0020 109 144 184 189 000 000 000 000
0021 119 141 183 181 000 000 000 000
0022 111 140 181 186 000 000 000 000
0023 109 141 184 184 000 000 000 000
0024 109 134 181 182 000 000 000 000
0025 106 134 183 170 000 000 000 000
0026 103 132 181 173 000 000 000 000
0027 108 131 176 177 000 000 000 000
0028 107 130 179 179 000 000 000 000
0029 109 133 184 178 000 000 000 000
0030 090 128 177 178 000 000 000 000
0031 100 130 173 177 000 000 000 000
0032 092 136 178 177 000 000 000 000
0033 093 137 171 180 000 000 000 000
0034 086 133 167 182 000 000 000 000
0035 094 135 164 185 000 000 000 000
0036 099 139 155 190 000 000 000 000
0037 094 143 163 192 000 000 000 000
0038 094 143 161 188 000 000 000 000
0039 083 144 165 192 000 000 000 000
0040 088 147 158 200 000 000 000 000
0041 085 150 160 205 000 000 000 000
0042 092 152 157 206 000 000 000 000
0043 087 150 161 202 000 000 000 000
0044 072 154 155 204 000 000 000 000
0045 065 154 152 206 000 000 000 000
0046 071 159 151 208 000 000 000 000
0047 073 158 156 209 000 000 000 000
0048 076 161 154 215 000 000 000 000
0049 069 156 152 213 000 000 000 000
0050 075 158 154 214 000 000 000 000
0051 076 155 150 209 000 000 000 000
0052 063 155 153 208 000 000 000 000
0053 063 157 150 208 000 000 000 000
0054 073 156 149 207 000 000 000 000
0055 075 166 151 214 000 000 000 000
0056 084 176 155 225 000 000 000 000
0057 096 197 160 237 000 000 000 000
0058 121 215 174 239 000 000 000 000
0059 165 224 198 239 000 000 000 000
