0002 166 207 205 239 000 000 000 000
0003 162 193 204 238 000 000 000 000
0004 161 170 207 223 000 000 000 000
0005 166 153 212 203 000 000 000 000
0006 169 135 210 187 000 000 000 000
0007 165 123 206 178 000 000 000 000
0008 164 123 213 177 000 000 000 000
0009 167 119 215 174 000 000 000 000
0010 173 118 215 172 000 000 000 000
0011 175 121 217 179 000 000 000 000
0012 179 123 222 178 000 000 000 000
0013 184 123 228 181 000 000 000 000
0014 190 124 233 183 000 000 000 000
0015 194 125 239 184 000 000 000 000
0016 199 129 241 187 000 000 000 000
0017 200 129 244 189 000 000 000 000
0018 217 131 253 189 000 000 000 000
0019 212 131 257 192 000 000 000 000
0020 214 131 254 195 000 000 000 000
0021 218 133 259 191 000 000 000 000
0022 221 134 266 193 000 000 000 000
0023 224 136 272 194 000 000 000 000
0024 225 132 270 192 000 000 000 000
0025 230 136 277 194 000 000 000 000
0026 232 136 278 195 000 000 000 000
0027 234 137 279 193 000 000 000 000
0028 237 136 277 194 000 000 000 000
0029 234 136 277 191 000 000 000 000
0030 222 147 268 196 000 000 000 000
0031 206 161 248 215 000 000 000 000
0032 190 182 230 235 000 000 000 000
0033 178 198 218 239 000 000 000 000
0034 172 221 205 239 000 000 000 000
0040 063 223 107 239 000 000 000 000
0041 063 222 106 239 080 170 108 231
0042 081 170 121 232 067 225 109 239
0043 082 172 124 233 000 000 000 000
0044 083 173 119 234 000 000 000 000
0045 082 171 119 236 000 000 000 000
