0000 026 210 074 239 131 210 172 235
0001 027 210 074 238 128 219 175 239
0002 027 209 075 239 000 000 000 000
0003 026 208 073 239 000 000 000 000
0004 026 211 069 237 000 000 000 000
0005 026 211 069 237 000 000 000 000
0006 025 210 069 237 000 000 000 000
0007 022 208 066 237 000 000 000 000
0008 021 206 066 239 000 000 000 000
0009 018 204 063 238 128 218 172 239
0010 020 201 064 237 128 215 171 238
0011 028 190 069 234 127 209 176 238
0012 131 194 175 235 034 177 079 227
0013 047 164 090 203 121 171 170 214
0014 118 156 167 198 055 152 099 188
0015 114 144 158 186 067 140 108 180
0016 110 137 154 180 073 137 114 175
0017 074 137 114 173 111 133 148 176
0018 072 131 116 171 112 129 148 171
0019 079 126 114 168 109 123 147 169
0020 073 123 113 165 109 124 144 169
0021 073 124 114 163 108 122 142 166
0022 072 125 112 161 107 123 143 167
0023 072 125 113 161 109 122 143 165
0024 071 123 113 159 108 122 143 165
0025 107 121 143 164 071 121 112 159
0026 107 122 143 164 069 123 114 162
0027 106 123 146 163 072 118 116 158
0028 107 119 150 161 072 120 114 158
0029 108 118 151 160 072 118 117 156
0030 108 119 150 161 071 120 117 159
0031 108 124 146 161 070 119 115 157
0032 108 124 147 163 074 125 113 159
0033 108 124 148 163 070 123 116 159
0034 108 124 147 163 073 124 115 161
0035 108 122 151 162 071 124 115 158
0036 107 122 148 164 073 124 116 162
0037 107 122 147 164 075 126 115 161
0038 108 124 148 165 074 128 114 162
0039 073 129 117 163 109 126 147 166
0040 065 131 113 168 111 129 154 172
0041 116 143 161 184 053 144 098 184
0042 121 154 163 193 029 154 080 199
0043 020 171 070 212 124 170 168 212
0044 126 185 177 235 014 182 063 221
0045 129 203 176 236 020 199 063 235
0046 130 219 173 239 025 206 063 234
0047 026 212 062 237 130 215 174 239
0048 025 212 062 237 131 216 175 239
0049 025 212 060 237 131 216 175 239
0050 025 212 061 237 131 217 175 239
0051 025 213 061 237 131 216 175 239
0052 026 214 061 238 130 217 175 239
