0004 052 202 093 236 000 000 000 000
0005 056 159 104 203 000 000 000 000
0006 072 113 119 173 000 000 000 000
0007 076 096 122 153 000 000 000 000
0008 083 086 125 144 000 000 000 000
0009 086 080 125 138 000 000 000 000
0010 086 080 126 136 000 000 000 000
0011 086 076 125 132 152 209 202 237
0012 087 075 126 132 145 187 198 227
0013 087 076 126 133 137 159 180 199
0014 088 074 124 132 133 136 173 172
0015 085 070 127 130 131 112 168 159
0016 084 071 127 128 129 103 159 143
0017 086 073 124 132 133 104 160 137
0018 083 071 125 128 130 100 158 133
0019 085 075 122 132 129 099 157 134
0020 085 076 127 132 126 100 161 135
0021 085 075 126 130 127 097 153 134
0022 085 078 125 133 125 096 152 133
0023 085 075 121 133 125 099 154 135
0024 087 073 125 131 123 097 153 133
0025 084 075 119 133 120 088 152 132
0026 085 074 119 131 117 097 146 132
0027 085 075 120 131 118 091 145 134
0028 085 073 118 133 114 085 145 137
0029 085 072 120 131 114 094 145 133
0030 085 072 117 130 112 094 137 136
0031 086 074 114 130 106 086 135 135
0032 084 074 117 131 106 094 138 140
0033 084 074 118 132 100 087 132 142
0034 084 075 119 133 098 095 135 140
0035 082 072 114 132 098 089 131 142
0036 083 076 119 134 000 000 000 000
0037 087 076 126 140 000 000 000 000
0038 087 079 124 139 000 000 000 000
0039 083 075 119 135 000 000 000 000
0040 084 079 120 136 000 000 000 000
0041 082 077 118 135 000 000 000 000
0042 083 079 119 137 000 000 000 000
0043 083 080 119 136 000 000 000 000
0044 078 075 118 133 077 110 122 148
0045 080 075 117 128 076 114 122 153
0046 080 075 119 134 077 111 117 152
0047 081 079 122 135 081 122 132 157
0048 081 092 119 142 085 127 137 166
0049 079 099 117 150 099 142 151 179
0050 073 115 114 163 109 154 167 192
0051 073 138 108 179 123 169 169 202
0052 136 184 205 223 064 171 101 210
0053 149 200 196 238 050 205 085 237
0054 166 218 203 239 000 000 000 000
