0002 058 210 103 236 000 000 000 000
0003 057 174 109 215 000 000 000 000
0004 074 142 113 193 000 000 000 000
0005 081 116 116 171 000 000 000 000
0006 079 102 121 157 000 000 000 000
0007 079 097 121 151 000 000 000 000
0008 082 092 119 150 000 000 000 000
0009 077 094 120 152 000 000 000 000
0010 081 092 117 150 000 000 000 000
0011 077 091 119 149 000 000 000 000
0012 076 089 120 145 000 000 000 000
0013 076 091 120 148 000 000 000 000
0014 077 091 117 148 160 221 197 239
0015 078 092 117 148 147 183 195 220
0016 077 092 117 148 140 157 183 199
0017 077 093 117 150 131 137 174 181
0018 076 093 115 152 124 122 163 165
0019 115 114 157 163 075 094 116 152
0020 074 092 113 153 110 116 152 161
0021 071 093 115 151 107 113 147 162
0022 071 093 114 152 100 118 143 164
0023 071 093 114 153 096 120 141 164
0024 074 092 110 154 100 120 139 164
0025 071 093 108 155 098 121 136 163
0026 070 092 109 155 119 145 189 200
0027 070 093 107 154 091 119 133 161
0028 070 092 107 153 087 117 127 164
0029 068 093 108 153 082 124 127 165
0030 066 094 107 155 109 142 178 195
0031 065 094 106 149 077 121 117 166
0032 066 095 108 155 080 125 116 167
0033 065 099 110 160 109 140 176 191
0034 063 093 106 155 072 132 113 163
0035 067 098 107 161 000 000 000 000
0036 064 097 105 156 072 135 110 167
0037 064 097 105 157 072 135 110 167
0038 064 096 105 152 071 133 113 164
0039 066 100 101 158 072 140 123 174
0040 064 109 099 163 078 144 131 183
0041 098 165 156 199 061 138 096 186
0042 113 190 164 227 056 184 090 224
0043 055 208 086 236 142 215 191 238
0053 066 224 099 239 000 000 000 000
0054 068 221 107 239 000 000 000 000
0055 072 221 112 237 000 000 000 000
0056 074 221 112 237 000 000 000 000
0057 072 221 112 237 000 000 000 000
0058 073 225 116 239 000 000 000 000
0059 074 224 113 239 000 000 000 000
0060 074 224 112 239 000 000 000 000
0061 074 224 111 239 000 000 000 000
0062 069 224 115 239 000 000 000 000
0063 068 224 115 239 000 000 000 000
0064 068 224 115 239 000 000 000 000
0065 068 224 115 239 000 000 000 000
0066 069 224 114 239 000 000 000 000
0067 073 222 107 239 000 000 000 000
0068 073 222 107 239 000 000 000 000
