0009 095 205 146 238 158 220 207 239
0010 147 194 208 238 095 139 147 202
0011 095 099 146 170 140 157 198 205
0012 094 080 146 152 137 120 190 171
0013 096 074 142 141 137 111 182 150
0014 095 073 143 139 128 108 175 147
0015 094 071 133 139 120 107 175 143
0016 098 075 137 139 123 108 173 144
0017 094 072 137 139 123 109 167 145
0018 098 073 137 141 112 106 158 145
0019 095 073 134 141 104 109 153 145
0020 088 076 138 137 096 112 149 149
0021 088 111 145 149 085 076 138 135
0022 083 079 143 146 000 000 000 000
0023 076 091 149 145 000 000 000 000
0024 057 111 115 155 094 075 143 139
0025 093 076 146 142 049 112 102 159
0026 093 077 146 141 047 110 097 158
0027 093 077 144 144 044 115 088 160
0028 093 079 144 143 029 120 083 165
0029 092 078 144 142 028 127 082 175
0030 092 078 144 145 032 131 079 173
0031 093 078 143 145 034 126 083 168
0032 093 079 143 145 035 126 088 167
0033 089 081 140 148 041 130 108 175
0034 094 099 140 166 068 153 132 203
0035 089 138 138 198 099 196 164 235
0036 083 202 130 237 147 217 195 238
