0000 141 193 196 239 065 209 123 239
0001 141 193 196 239 067 208 122 239
0002 141 193 198 239 066 208 122 239
0003 142 193 197 239 067 208 121 239
0004 140 188 195 238 061 193 118 239
0005 026 178 087 226 115 169 178 212
0006 133 157 198 197 037 161 116 207
0007 190 154 252 195 086 142 144 183
0008 061 145 131 185 165 145 249 179
0009 030 156 097 195 122 143 190 173
0010 148 142 218 176 072 146 137 183
0011 069 141 133 177 173 142 258 179
0012 031 146 100 181 130 136 198 170
0013 149 140 215 170 071 140 143 177
0014 190 139 255 176 073 135 140 176
0015 159 140 242 167 035 144 106 180
0016 061 144 123 179 137 137 200 171
0017 144 141 206 197 077 151 135 200
0018 147 154 204 217 080 166 136 224
0019 141 173 199 239 070 194 125 237
0020 142 185 196 239 060 210 116 239
0021 138 187 196 238 059 218 114 239
0022 140 189 195 239 060 216 113 237
0023 142 187 195 239 060 217 112 237
0024 138 187 195 239 065 222 111 237
0025 138 188 194 239 065 222 111 237
0026 138 189 193 239 061 224 115 239
