0000 060 212 105 239 000 000 000 000
0001 061 212 104 239 000 000 000 000
0002 060 210 106 239 000 000 000 000
0003 055 208 104 237 000 000 000 000
0004 051 203 101 238 000 000 000 000
0005 047 194 096 238 161 224 202 239
0006 045 186 093 235 155 219 199 239
0007 038 174 097 220 137 203 195 239
0008 036 164 099 206 127 179 195 211
0009 111 155 178 191 024 157 090 198
0010 112 152 177 192 022 156 092 197
0011 136 151 195 189 051 148 125 190
0012 172 152 240 198 079 146 143 184
0013 048 143 117 183 148 145 222 180
0014 128 142 192 180 024 143 102 186
0015 049 136 123 182 135 137 199 178
0016 171 135 247 182 087 127 148 171
0017 163 133 236 163 030 134 115 184
0018 048 141 126 181 145 131 228 171
0019 092 131 155 181 172 133 245 167
0020 058 137 133 182 198 136 274 178
0021 031 144 105 197 163 135 236 166
0022 058 140 129 185 154 136 237 180
0023 098 137 157 188 191 139 265 177
0024 055 138 128 187 201 134 275 173
0025 163 137 239 179 055 138 130 182
0026 184 141 251 182 074 140 144 192
0027 038 155 117 201 200 148 265 191
0028 053 150 123 205 164 146 232 190
0029 173 143 242 195 082 146 147 200
0030 198 147 264 198 061 155 130 201
0031 183 148 248 196 062 151 133 200
0032 083 143 143 194 168 147 235 198
0033 195 147 259 205 042 147 111 199
0034 069 151 139 197 168 153 239 208
0035 070 146 137 198 167 150 233 204
0036 171 154 236 208 066 147 133 199
0037 167 157 232 209 065 153 131 202
0038 166 155 230 210 062 154 132 207
0039 068 151 126 204 164 155 222 204
0040 071 153 124 203 160 154 213 204
0041 062 168 112 220 156 168 208 218
0042 151 187 205 235 049 178 096 232
0043 043 194 091 236 150 203 211 235
0044 052 202 098 236 159 214 212 238
0045 050 206 098 237 166 225 200 239
