0002 136 215 178 239 000 000 000 000
0003 137 196 180 237 052 214 098 239
0004 141 183 181 215 058 195 104 225
0005 145 172 186 203 055 189 109 217
0006 149 169 188 202 063 184 107 212
0007 151 171 191 201 062 182 110 212
0008 152 170 195 202 063 180 112 209
0009 151 170 195 203 066 180 114 208
0010 138 169 177 200 060 177 107 204
0011 141 162 184 196 066 176 122 207
0012 156 163 197 193 081 175 134 202
0013 147 163 190 197 064 171 115 198
0014 148 163 184 193 066 174 115 200
0015 156 162 193 193 079 171 132 199
0016 148 162 194 194 071 170 122 196
0017 136 162 176 197 059 168 103 195
0018 079 165 134 195 153 157 196 190
0019 075 165 129 194 150 158 192 188
0020 131 160 171 192 061 169 104 194
0021 146 158 193 190 071 169 126 201
0022 160 156 206 189 082 167 137 193
0023 147 158 193 193 072 168 126 196
0024 067 167 116 194 137 158 179 192
0025 161 157 209 189 090 162 145 192
0026 155 160 202 194 083 160 135 186
0027 144 158 184 191 079 162 125 189
0028 090 165 140 187 160 156 208 188
0029 165 160 213 195 079 161 134 189
0030 154 164 198 201 066 163 117 189
0031 075 168 121 202 151 162 190 197
0032 078 180 121 235 164 167 205 218
0033 179 181 210 238 060 201 112 238
0034 157 209 195 239 054 221 092 239
