0000 137 216 173 237 000 000 000 000
0001 138 206 177 239 042 220 087 239
0002 138 184 179 233 050 194 097 233
0003 141 169 181 204 050 166 108 197
0004 059 164 113 190 142 160 182 195
0005 060 160 114 188 146 155 186 188
0006 061 159 113 187 147 157 188 189
0007 150 154 188 190 066 158 113 186
0008 145 152 185 187 066 159 120 189
0009 070 158 128 189 148 150 189 187
0010 072 156 131 187 150 149 188 184
0011 137 150 177 187 065 158 113 180
0012 067 159 120 186 138 147 176 182
0013 077 159 130 187 146 146 188 180
0014 145 148 184 182 073 158 127 189
0015 137 149 175 186 064 162 114 186
0016 139 146 177 183 065 163 119 190
0017 073 161 130 192 144 145 187 181
0018 075 162 130 191 151 148 193 182
0019 138 148 178 184 060 163 113 192
0020 144 147 182 182 067 163 119 191
0021 075 163 129 192 153 147 196 183
0022 151 150 193 184 067 166 124 197
0023 057 169 113 200 144 152 183 186
0024 059 169 114 200 143 154 184 191
0025 065 169 120 201 150 152 194 188
0026 155 155 196 190 061 169 112 201
0027 048 183 099 222 149 158 189 195
0028 149 176 188 227 046 201 097 239
0029 144 197 184 239 041 221 084 239
0030 143 215 180 239 000 000 000 000
