0000 060 213 114 239 000 000 000 000
0001 061 212 113 239 000 000 000 000
0002 060 211 114 239 000 000 000 000
0003 059 211 111 239 000 000 000 000
0004 060 211 112 239 000 000 000 000
0005 058 209 107 239 000 000 000 000
0006 050 207 101 239 000 000 000 000
0007 035 200 099 239 157 225 199 239
0008 129 203 185 238 026 188 092 230
0009 124 175 193 208 026 166 099 207
0010 029 153 100 194 127 152 181 178
0011 043 139 111 176 142 133 200 164
0012 163 126 224 165 066 132 136 168
0013 161 124 224 168 073 128 147 163
0014 037 134 109 180 128 132 196 163
0015 052 135 125 179 142 141 203 169
0016 071 126 139 170 169 136 236 170
0017 036 137 111 179 143 133 204 163
0018 058 135 126 176 141 141 208 170
0019 174 143 243 183 088 133 155 178
0020 070 134 144 177 167 143 232 172
0021 061 140 134 185 152 142 220 174
0022 098 136 163 179 172 146 244 179
0023 165 141 229 171 061 148 127 184
0024 059 137 138 178 158 146 220 175
0025 178 145 245 184 084 129 150 169
0026 061 135 141 177 157 138 220 168
0027 077 131 140 168 157 139 218 170
0028 167 140 232 174 065 130 143 168
0029 167 142 228 177 063 132 142 170
0030 165 146 231 182 065 134 139 173
0031 169 144 232 187 063 135 144 174
0032 169 147 231 196 066 140 131 183
0033 060 151 122 204 166 154 225 201
0034 056 167 107 239 163 173 220 221
0035 157 194 210 237 044 198 091 239
0036 043 207 085 239 160 209 208 239
0037 045 215 078 239 168 222 203 239
0038 046 224 078 239 000 000 000 000
