0000 128 207 190 239 000 000 000 000
0001 132 200 197 237 000 000 000 000
0002 141 182 201 236 000 000 000 000
0003 164 150 216 214 000 000 000 000
0004 166 126 213 189 000 000 000 000
0005 170 105 217 163 000 000 000 000
0006 174 096 218 149 000 000 000 000
0007 171 085 217 137 000 000 000 000
0008 172 075 218 132 000 000 000 000
0009 175 066 220 125 000 000 000 000
0010 174 059 221 121 000 000 000 000
0011 177 052 222 113 000 000 000 000
0012 173 053 221 111 000 000 000 000
0013 171 054 219 111 000 000 000 000
0014 172 058 224 121 000 000 000 000
0015 179 059 223 125 000 000 000 000
0016 179 060 220 119 000 000 000 000
0017 176 060 216 114 000 000 000 000
0018 173 060 217 116 000 000 000 000
0019 171 060 215 118 000 000 000 000
0020 171 063 215 120 000 000 000 000
0021 168 061 214 121 000 000 000 000
0022 169 065 213 120 000 000 000 000
0023 167 067 212 119 000 000 000 000
0024 170 067 212 120 000 000 000 000
0025 169 064 211 120 000 000 000 000
0026 167 064 213 117 000 000 000 000
0027 169 068 212 121 000 000 000 000
0028 167 063 213 119 000 000 000 000
0029 169 069 211 122 000 000 000 000
0030 171 074 210 128 000 000 000 000
0031 169 083 210 138 000 000 000 000
0032 166 112 211 170 000 000 000 000
0033 165 134 209 187 000 000 000 000
0034 159 156 206 216 000 000 000 000
0035 139 196 193 239 000 000 000 000
0036 147 213 200 239 000 000 000 000
0037 147 223 200 239 000 000 000 000
0038 147 222 194 239 000 000 000 000
0039 148 223 194 239 000 000 000 000
0040 148 224 198 239 000 000 000 000
0041 153 223 195 238 000 000 000 000
0042 148 222 195 239 000 000 000 000
0043 151 223 192 239 000 000 000 000
