0000 089 223 116 239 060 195 105 233
0002 090 222 119 239 000 000 000 000
0003 090 222 119 239 000 000 000 000
0004 089 222 120 239 000 000 000 000
0005 087 224 117 239 000 000 000 000
0006 084 222 120 237 000 000 000 000
0007 088 225 117 239 000 000 000 000
0008 085 223 119 238 000 000 000 000
0009 088 225 118 239 000 000 000 000
0010 088 223 118 239 000 000 000 000
0011 088 224 118 239 000 000 000 000
0012 091 224 120 239 000 000 000 000
0013 086 222 124 239 000 000 000 000
0014 086 222 126 239 169 223 200 239
0015 165 208 215 238 090 221 121 239
0016 172 176 227 221 089 224 123 239
0017 176 151 229 202 089 221 126 239
0018 175 132 233 184 087 221 120 237
0019 177 125 240 178 087 221 120 237
0020 178 120 241 171 086 221 119 237
0021 181 112 235 164 090 223 121 239
0022 184 111 236 163 086 222 119 237
0023 182 105 238 160 086 222 124 239
0024 186 114 238 162 084 222 118 239
0025 185 115 236 165 000 000 000 000
0026 183 113 235 161 000 000 000 000
0027 182 115 233 162 000 000 000 000
0028 181 113 232 161 000 000 000 000
0029 182 114 233 165 083 225 117 239
0030 181 114 236 165 084 223 120 237
0031 187 114 236 160 083 222 119 239
0032 185 116 236 162 086 222 119 239
0033 182 118 233 169 083 223 121 239
0034 183 119 234 169 085 222 121 237
0035 184 119 234 170 087 225 119 239
0036 182 116 240 170 055 194 097 234
0037 186 112 245 167 057 197 102 237
0038 183 108 249 167 060 198 111 236
0039 183 109 249 166 087 223 124 239
0040 185 111 246 164 087 224 124 239
0041 187 109 244 163 088 224 123 239
0042 183 118 238 168 088 223 124 239
0043 184 124 236 174 087 223 124 239
0044 178 153 231 201 089 224 121 239
0045 177 180 227 230 088 222 119 238
0046 172 199 222 236 087 222 125 239
0047 172 213 212 239 088 221 125 239
0048 089 223 117 239 000 000 000 000
0050 089 223 119 239 000 000 000 000
0051 089 223 118 239 000 000 000 000
0052 089 224 122 239 000 000 000 000
0053 093 222 124 239 000 000 000 000
0054 093 222 125 239 000 000 000 000
0055 090 224 122 239 000 000 000 000
0056 086 221 125 239 000 000 000 000
