0003 139 212 181 239 000 000 000 000
0004 149 178 195 229 000 000 000 000
0005 173 138 219 184 000 000 000 000
0006 183 099 233 155 000 000 000 000
0007 192 078 240 139 000 000 000 000
0008 197 068 248 131 000 000 000 000
0009 197 066 247 128 000 000 000 000
0010 197 065 249 128 000 000 000 000
0011 199 066 249 129 000 000 000 000
0012 198 066 247 130 000 000 000 000
0013 196 066 248 129 000 000 000 000
0014 198 068 244 130 000 000 000 000
0015 209 082 242 132 000 000 000 000
0016 207 080 239 130 000 000 000 000
0017 207 079 243 129 000 000 000 000
0018 210 080 241 123 000 000 000 000
0019 204 080 239 126 000 000 000 000
0020 208 080 240 124 000 000 000 000
0021 208 080 240 124 000 000 000 000
0022 208 081 239 129 000 000 000 000
0023 207 080 239 129 000 000 000 000
0024 208 080 241 132 000 000 000 000
0025 207 082 243 132 000 000 000 000
0026 204 092 237 143 000 000 000 000
0027 194 126 226 179 000 000 000 000
0028 168 179 208 228 000 000 000 000
0029 156 214 194 239 000 000 000 000
0032 040 223 082 239 000 000 000 000
0033 039 223 083 239 000 000 000 000
