0003 089 210 128 237 000 000 000 000
0004 072 205 131 239 175 224 222 239
0005 070 194 131 239 162 213 218 239
0006 068 176 134 232 143 195 203 238
0007 073 156 138 220 134 190 205 229
0008 071 153 135 218 128 175 201 218
0009 069 151 139 212 123 167 200 209
0010 073 142 139 211 112 162 193 207
0011 076 139 149 207 108 164 171 214
0012 076 142 138 202 092 167 168 215
0013 075 145 152 216 000 000 000 000
0014 073 143 145 206 000 000 000 000
0015 076 142 148 207 000 000 000 000
0016 077 147 149 221 000 000 000 000
0017 074 143 145 209 000 000 000 000
0018 076 145 151 210 000 000 000 000
0019 077 142 142 203 000 000 000 000
0020 071 167 146 213 077 140 140 187
0021 066 164 144 219 077 138 137 188
0022 072 146 147 209 000 000 000 000
0023 066 153 138 213 000 000 000 000
0024 064 145 142 206 000 000 000 000
0025 060 143 144 210 000 000 000 000
0026 063 149 136 213 000 000 000 000
0027 060 151 132 206 000 000 000 000
0028 052 145 140 203 000 000 000 000
0029 055 146 142 204 000 000 000 000
0030 043 143 138 201 000 000 000 000
0031 047 133 137 183 075 167 143 202
0032 061 118 129 178 078 155 141 203
0033 068 110 132 172 076 154 140 206
0034 073 111 138 171 078 156 140 207
0035 077 128 147 183 077 161 143 215
0036 077 133 157 189 077 164 138 217
0037 086 145 165 198 079 166 134 217
0038 097 149 165 196 091 180 140 215
0039 103 156 170 197 000 000 000 000
0040 112 156 186 199 091 172 141 213
0041 124 159 190 200 082 175 142 211
0042 133 162 197 204 085 174 144 214
0043 142 168 199 212 092 184 148 222
0044 141 171 203 215 093 187 140 224
0045 143 174 203 220 099 184 147 234
0046 148 176 205 227 101 183 148 229
0047 150 179 203 229 106 183 143 230
0048 151 183 203 234 108 186 151 236
0049 155 180 200 235 107 187 152 237
0050 151 183 204 236 107 187 155 237
0051 153 182 205 236 111 187 153 233
0052 154 183 205 235 109 184 157 232
0053 157 182 203 235 110 185 158 234
0054 157 183 206 236 111 184 158 233
0055 157 182 208 237 113 181 155 236
0056 111 182 158 236 159 181 208 237
0057 112 183 156 238 160 179 203 235
0058 113 183 158 237 159 179 207 237
0059 113 182 156 237 160 178 207 237
0060 111 184 160 239 156 177 207 237
0061 158 178 207 238 112 181 161 238
0062 112 183 161 239 159 178 208 238
0063 114 183 163 237 158 177 207 235
0064 115 181 165 239 160 175 208 234
0065 119 177 165 238 162 173 207 236
0066 118 173 169 236 163 168 207 231
0067 119 165 170 226 164 161 207 220
0068 163 158 209 214 122 160 167 225
0069 115 156 165 212 162 150 210 204
0070 118 151 164 205 163 145 213 197
0071 120 150 162 202 162 138 214 188
0072 119 144 163 190 163 132 215 179
0073 117 141 163 188 163 131 215 174
0074 165 125 216 166 118 135 161 181
0075 111 128 161 172 161 119 217 158
0076 112 126 161 166 164 118 218 155
0077 110 123 159 163 164 111 216 150
0078 110 115 161 155 164 111 218 147
0079 167 107 221 143 115 113 158 151
0080 165 105 216 143 108 108 156 144
0081 105 101 156 137 167 106 222 144
0082 103 096 156 131 169 101 221 138
0083 167 094 221 132 104 094 148 127
0084 103 093 146 126 178 090 223 132
0085 178 088 229 130 098 088 146 126
0086 094 086 141 127 179 087 232 130
0087 089 084 139 134 187 087 240 135
0088 086 085 138 139 188 085 243 137
0089 083 090 136 147 191 085 244 142
0090 083 099 130 158 190 094 245 147
0091 082 115 128 175 192 112 246 164
0092 080 126 130 184 192 118 249 173
0093 082 145 127 199 197 137 251 190
0094 078 158 125 211 198 151 254 201
0095 078 182 119 226 204 173 253 227
0096 198 195 250 238 081 202 125 238
0097 201 210 247 239 082 210 123 238
0098 083 215 124 239 208 218 241 237
0099 090 215 128 237 000 000 000 000
