0002 055 223 096 239 000 000 000 000
0003 059 213 100 239 000 000 000 000
0004 072 189 095 237 000 000 000 000
0005 080 170 099 216 000 000 000 000
0006 082 148 104 203 000 000 000 000
0007 083 145 107 196 141 223 168 239
0008 127 205 164 239 087 140 110 194
0009 120 178 162 228 089 136 110 190
0010 114 153 156 184 091 133 111 185
0011 091 130 112 184 111 147 150 176
0012 105 142 146 173 088 128 110 178
0013 106 141 147 172 086 129 109 179
0014 106 138 150 175 084 127 107 181
0015 112 143 149 169 090 125 112 178
0016 088 121 109 177 108 134 144 169
0017 098 131 144 169 089 121 107 177
0018 099 132 141 164 084 119 105 174
0019 086 121 107 173 108 131 143 163
0020 113 131 147 159 084 123 108 172
0021 082 124 105 175 094 129 151 162
0022 089 127 144 164 081 119 107 172
0023 084 121 105 173 106 130 145 161
0024 111 130 150 162 082 119 105 171
0025 109 130 145 164 082 119 104 171
0026 095 131 146 164 081 121 104 172
0027 090 130 146 165 080 117 105 175
0028 097 135 142 171 081 116 102 166
0029 103 137 145 170 082 120 101 170
0030 105 133 144 168 079 119 104 172
0031 082 126 139 166 000 000 000 000
0032 081 126 135 164 000 000 000 000
0033 097 130 142 169 079 118 102 173
0034 104 126 144 164 079 120 103 175
0035 087 126 145 161 081 122 103 173
0036 076 128 139 164 000 000 000 000
0037 080 124 135 171 000 000 000 000
0038 099 138 144 182 081 122 102 173
0039 102 146 150 197 078 127 101 177
0040 114 163 159 225 065 149 100 196
0041 123 185 169 239 051 180 089 229
0042 043 206 080 238 137 203 178 238
0043 141 208 179 238 043 222 077 239
0044 132 215 173 239 049 223 089 239
0045 116 205 168 239 054 211 106 239
0046 113 203 163 239 064 212 112 239
0047 112 197 166 239 059 207 112 239
0048 113 189 168 237 058 194 114 235
0049 113 178 170 221 061 184 115 222
0050 116 165 171 207 060 173 117 209
0051 118 156 174 193 061 164 117 197
0052 060 155 118 188 117 145 177 182
0053 061 146 119 179 117 139 177 171
0054 061 139 119 170 119 131 179 163
0055 117 124 181 156 062 132 117 163
0056 059 128 120 159 120 118 180 149
0057 060 120 118 151 117 113 180 146
0058 117 108 182 142 061 114 117 145
0059 059 107 117 138 117 099 178 132
0060 060 099 115 132 117 094 181 125
0061 060 090 113 126 120 087 177 115
0062 120 076 180 111 061 087 123 118
0063 060 079 115 116 125 068 180 105
0064 060 070 116 112 125 061 177 101
0065 064 062 116 104 124 059 181 095
0066 065 057 116 101 125 056 181 092
0067 126 051 178 091 067 054 117 095
0068 064 050 124 092 126 048 179 087
0069 069 044 120 087 123 043 177 086
0070 069 041 122 087 124 042 175 082
0071 070 037 122 083 125 040 174 081
0072 067 035 119 083 126 036 175 078
0073 065 040 118 086 124 040 173 080
0074 060 057 114 102 121 051 176 095
0075 054 087 105 130 123 080 179 118
0076 051 130 101 178 131 119 181 169
0077 129 158 183 222 047 175 098 225
0078 132 198 177 239 048 206 099 239
0079 139 216 179 239 049 220 093 239
0080 052 224 084 239 000 000 000 000
