0000 108 195 143 228 156 187 194 217
0001 156 187 194 217 105 194 142 227
0002 099 188 141 222 155 187 194 217
0003 073 166 126 210 156 187 194 216
0004 067 155 125 201 155 186 194 217
0005 063 147 120 195 156 183 195 216
0006 059 142 118 189 157 178 201 215
0007 056 137 115 186 162 172 205 212
0008 053 132 112 182 168 158 211 201
0009 047 132 107 178 168 144 214 183
0010 048 132 108 178 164 131 215 167
0011 043 130 106 182 152 122 210 154
0012 044 130 107 180 146 115 203 151
0013 043 131 107 179 145 113 201 145
0014 042 130 109 183 145 112 201 145
0015 042 131 109 183 143 111 202 144
0016 044 132 109 181 146 112 200 145
0017 045 134 110 184 144 120 198 160
0018 045 133 111 183 139 122 196 159
0019 132 123 192 164 046 133 111 184
0020 049 130 112 181 131 130 190 165
0021 048 131 111 183 128 136 184 164
0022 049 130 112 180 128 132 185 177
0023 048 133 112 180 124 131 185 176
0024 045 131 106 178 121 133 181 178
0025 046 133 109 183 113 137 176 178
0026 045 134 109 181 110 137 173 181
0027 045 131 109 182 107 140 166 187
0028 046 131 109 182 109 143 161 189
0029 046 132 108 182 097 147 159 192
0030 044 132 107 183 095 149 153 200
0031 044 132 107 181 084 153 152 200
0032 044 132 105 182 080 159 144 204
0033 043 132 108 181 067 160 141 205
0034 067 162 131 210 043 133 108 179
0035 062 160 129 212 042 133 109 178
0036 056 167 120 215 043 133 109 179
0037 043 135 110 182 051 172 114 217
0038 046 135 109 182 044 168 107 216
0039 046 136 109 182 044 171 103 218
0040 046 136 109 182 041 173 102 216
0041 046 137 109 181 041 173 101 217
0042 046 136 109 183 041 174 099 218
0043 047 136 110 182 042 172 102 220
0044 048 136 111 181 046 174 100 221
0045 048 138 109 187 050 176 101 222
0046 061 139 109 179 060 170 121 216
0047 067 143 109 182 069 173 136 213
0048 071 154 116 188 098 171 155 214
0049 129 168 180 219 079 164 131 199
0050 146 170 196 215 085 167 135 203
0051 089 169 142 210 158 168 211 208
0052 090 169 145 212 165 166 217 209
0053 093 171 145 215 170 166 218 207
0054 092 169 147 214 170 166 220 205
0055 093 168 149 212 170 165 222 205
0056 091 166 149 209 171 164 221 205
0057 091 164 149 207 171 161 222 201
0058 092 161 147 203 169 158 224 198
0059 089 157 146 199 168 157 222 193
0060 089 155 145 196 167 157 221 191
0061 085 153 145 192 168 152 222 186
0062 170 151 223 182 086 150 144 190
0063 086 151 143 188 167 149 222 179
0064 086 149 143 184 168 147 223 177
0065 084 146 144 182 168 143 221 172
0066 086 145 142 178 170 143 222 171
0067 085 141 142 173 171 139 223 165
0068 086 140 142 168 172 137 223 162
0069 085 138 139 164 174 137 227 160
0070 087 137 138 161 171 137 227 162
0071 169 138 226 162 085 139 138 162
0072 088 139 140 164 170 137 226 162
0073 087 140 139 163 172 138 224 163
0074 175 136 217 163 088 142 137 166
0075 093 147 144 185 168 139 209 171
0076 163 154 206 189 099 166 145 198
0077 104 182 145 216 158 171 200 204
0078 108 187 149 227 155 182 194 217
0079 108 189 149 227 156 192 190 216
0080 108 189 151 228 154 186 193 218
0081 110 190 150 228 155 189 190 219
0082 108 190 148 228 154 187 194 220
0083 107 190 147 228 154 193 190 218
