0000 153 197 173 229 082 196 105 229
0001 154 200 174 232 000 000 000 000
0002 154 197 175 230 083 196 106 228
0003 153 195 176 231 084 200 106 230
0004 154 197 178 234 082 196 101 229
0005 082 198 103 231 152 198 176 230
0006 142 182 172 212 079 199 103 233
0007 122 159 161 189 079 200 102 234
0008 080 200 102 233 117 140 156 164
0009 082 199 104 234 121 128 153 153
0010 120 129 147 151 082 199 104 234
0011 120 126 150 152 082 197 104 233
0012 082 199 104 234 121 129 150 155
0013 082 198 103 231 119 126 151 155
0014 080 198 102 233 121 130 151 155
0015 121 129 147 151 081 199 103 234
0016 119 137 148 160 082 199 104 235
0017 082 201 103 236 125 178 152 207
0018 132 189 166 221 082 199 102 233
0019 133 195 164 224 080 199 101 234
0020 134 195 164 224 080 199 101 233
0021 135 196 165 224 080 199 101 233
0022 137 194 166 223 080 199 102 234
0023 080 199 101 234 142 189 173 225
0024 080 200 101 234 141 196 174 225
0025 080 199 101 232 156 202 181 232
0026 158 203 181 235 081 199 102 234
0027 155 198 176 230 000 000 000 000
0028 155 196 175 231 083 198 102 228
0029 157 198 176 225 083 196 103 228
0030 156 195 176 228 000 000 000 000
0031 156 197 175 229 085 199 107 230
0032 083 198 105 232 156 197 175 230
0033 085 194 108 229 157 198 175 230
0034 089 190 112 225 156 198 175 232
0035 094 183 117 217 157 197 176 224
