0002 124 207 162 238 000 000 000 000
0003 118 171 147 203 000 000 000 000
0004 123 152 151 181 000 000 000 000
0005 133 137 157 164 000 000 000 000
0006 126 145 154 173 000 000 000 000
0007 123 164 149 194 000 000 000 000
0008 122 179 143 206 000 000 000 000
0009 121 173 146 193 000 000 000 000
0010 124 159 147 184 000 000 000 000
0011 124 157 149 183 000 000 000 000
0012 123 164 148 192 000 000 000 000
0013 123 175 148 202 000 000 000 000
0014 122 181 148 211 000 000 000 000
0015 124 177 146 205 000 000 000 000
0016 124 164 150 191 000 000 000 000
0017 124 167 149 194 000 000 000 000
0018 123 173 149 201 000 000 000 000
0019 121 175 147 201 000 000 000 000
0020 121 176 146 202 000 000 000 000
0021 118 187 148 220 000 000 000 000
0022 125 217 164 239 000 000 000 000
