0000 084 205 107 237 175 206 198 237
0001 175 205 198 237 087 204 111 237
0002 176 207 198 239 089 203 113 238
0003 175 207 198 239 092 202 113 237
0004 175 207 198 239 092 202 114 237
0005 175 208 197 239 089 204 113 238
0006 175 208 198 239 087 204 112 239
0007 176 208 198 239 087 208 110 239
0008 175 208 198 239 086 208 110 239
0009 086 208 110 239 174 208 197 235
0010 171 205 201 237 086 206 111 239
0011 172 207 196 239 088 206 111 239
0012 169 200 194 235 088 205 112 239
0013 088 204 112 238 153 188 185 218
0014 085 208 109 238 160 156 194 187
0015 084 206 106 234 160 125 185 151
0016 084 204 107 239 150 109 176 136
0017 085 205 106 236 157 107 178 131
0018 088 204 109 238 158 105 180 128
0019 085 207 107 238 157 106 179 131
0020 085 206 108 238 160 117 184 144
0021 086 206 108 238 156 137 190 169
0022 086 207 108 238 152 167 185 194
0023 086 207 108 237 152 173 183 202
0024 084 204 107 236 154 152 195 184
0025 083 204 107 235 152 145 202 173
0026 083 204 106 236 157 125 183 150
0027 086 204 107 237 156 113 184 140
0028 085 203 108 237 159 111 185 140
0029 087 204 109 237 161 127 187 152
0030 160 145 202 175 086 204 109 238
0031 155 170 187 197 085 205 108 238
0032 086 206 108 237 154 175 186 203
0033 086 206 107 237 158 176 186 203
0034 086 206 107 238 152 167 190 194
0035 086 206 107 238 152 155 195 183
0036 086 205 108 237 154 137 195 166
0037 087 206 108 237 163 123 191 152
0038 086 205 108 237 164 112 191 144
0039 086 205 109 237 148 116 174 136
0040 085 202 107 231 159 111 181 134
0041 085 205 107 237 157 112 186 144
0042 152 117 191 152 087 200 109 235
0043 154 139 195 168 085 205 108 237
0044 161 161 193 193 086 205 107 237
0045 153 180 196 217 086 205 107 236
0046 165 195 193 235 086 205 107 236
0047 169 205 197 239 086 204 107 236
0048 175 207 198 239 087 201 109 237
0049 174 206 198 239 087 202 110 237
