0000 084 199 107 233 153 195 175 228
0001 085 201 107 233 153 195 175 228
0002 085 200 107 233 153 195 175 229
0003 085 200 107 233 153 194 175 228
0004 085 200 107 234 153 195 175 228
0005 085 199 107 233 153 196 175 229
0006 085 200 107 233 155 197 176 226
0007 087 198 108 229 154 200 173 225
0008 086 200 108 233 154 196 176 229
0009 086 197 108 232 154 195 176 228
0010 086 199 109 230 156 195 176 228
0011 155 198 175 231 085 193 107 226
0012 086 195 108 231 153 194 176 230
0013 082 197 106 234 149 190 172 218
0014 082 201 105 237 138 174 169 203
0015 130 156 170 179 077 205 102 239
0016 125 128 163 154 076 202 099 234
0017 124 119 155 148 079 201 100 237
0018 122 119 152 144 080 200 100 236
0019 123 119 152 144 081 198 104 234
0020 123 119 152 145 082 199 105 236
0021 123 118 152 145 082 199 105 236
0022 123 117 152 145 082 200 104 235
0023 123 117 151 145 080 200 102 235
0024 123 122 154 148 079 199 101 235
0025 077 200 101 237 117 131 149 157
0026 077 201 101 236 116 158 147 187
0027 077 200 101 236 126 181 157 210
0028 125 183 163 214 077 202 100 236
0029 130 185 169 218 078 198 100 236
0030 077 201 101 237 131 183 168 215
0031 129 182 169 216 079 201 101 235
0032 079 201 102 235 127 182 165 215
0033 130 184 168 212 079 200 102 236
0034 131 183 167 213 079 201 101 235
0035 135 187 167 214 080 201 101 235
0036 080 200 101 235 140 192 169 220
0037 080 200 102 235 150 195 176 228
0038 161 202 182 230 079 199 101 233
0039 083 199 106 233 159 198 182 234
0040 086 200 107 233 154 195 176 229
