0002 180 168 219 208 000 000 000 000
0003 195 113 233 160 000 000 000 000
0004 194 079 226 119 000 000 000 000
0005 191 062 222 100 000 000 000 000
0006 192 061 224 098 000 000 000 000
0007 194 061 224 095 000 000 000 000
0008 192 062 224 098 000 000 000 000
0009 192 063 223 098 000 000 000 000
0010 191 062 223 096 000 000 000 000
0011 191 062 222 098 000 000 000 000
0012 192 060 223 098 000 000 000 000
0013 192 062 222 097 000 000 000 000
0014 195 061 224 097 000 000 000 000
0015 191 064 222 100 000 000 000 000
0016 192 066 223 101 000 000 000 000
0017 192 073 224 112 000 000 000 000
0018 193 095 225 132 000 000 000 000
0019 190 125 226 162 000 000 000 000
0020 176 170 215 204 000 000 000 000
0021 156 211 195 239 000 000 000 000
0022 146 219 185 239 000 000 000 000
