0000 067 201 102 237 000 000 000 000
0001 067 201 102 237 000 000 000 000
0002 067 202 101 237 000 000 000 000
0003 067 202 102 237 000 000 000 000
0004 067 202 102 238 000 000 000 000
0005 067 201 102 237 000 000 000 000
0006 067 202 102 237 000 000 000 000
0007 067 201 102 237 000 000 000 000
0008 067 202 102 238 000 000 000 000
0009 067 201 101 237 000 000 000 000
0010 066 201 101 237 000 000 000 000
0011 065 200 100 236 173 199 215 237
0012 063 200 099 235 189 159 228 215
0013 197 141 231 188 064 200 098 235
0014 203 107 242 155 063 199 097 235
0015 204 094 243 143 063 201 097 236
0016 203 078 239 126 061 201 100 237
0017 060 200 099 236 203 071 237 118
0018 061 199 099 235 204 067 239 120
0019 061 198 099 235 199 060 234 108
0020 062 198 100 237 197 060 231 107
0021 064 199 098 236 196 061 230 105
0022 197 061 231 104 065 199 099 237
0023 195 061 231 103 064 200 099 237
0024 196 058 232 102 063 199 099 236
0025 195 060 231 102 063 199 099 236
0026 195 060 231 101 063 200 099 235
0027 196 059 232 101 063 200 099 236
0028 063 200 099 236 195 060 231 101
0029 194 056 232 099 063 200 099 236
0030 194 055 232 100 063 199 099 236
0031 063 199 099 236 195 057 229 102
0032 063 200 098 235 194 055 233 100
0033 063 200 099 236 196 059 229 103
0034 063 200 099 236 196 060 230 103
0035 195 056 232 101 063 200 099 237
0036 197 059 229 099 064 201 098 235
0037 064 200 098 235 197 059 230 100
0038 064 201 098 234 196 059 230 100
0039 064 201 098 234 197 059 230 101
0040 197 060 230 101 064 200 098 235
0041 197 060 230 101 064 200 098 235
0042 197 060 230 100 064 200 098 235
0043 197 060 230 102 064 201 098 235
0044 197 059 231 102 064 201 098 234
0045 065 201 098 236 196 055 230 099
0046 064 201 099 237 196 055 230 100
0047 064 201 099 237 196 056 231 099
0048 065 201 097 236 197 061 230 102
0049 065 201 098 235 196 059 233 101
0050 065 201 098 235 198 064 231 107
0051 065 202 097 235 196 079 230 126
0052 067 203 102 238 182 143 221 208
0053 068 203 103 237 166 182 206 232
0054 069 201 105 237 000 000 000 000
0055 067 201 105 236 000 000 000 000
0056 067 202 105 237 172 220 208 239
0057 068 201 106 236 175 221 204 239
0058 068 201 105 236 175 220 203 239
0059 069 202 106 236 175 223 207 239
0060 066 202 106 235 000 000 000 000
0061 066 202 106 236 000 000 000 000
