0000 187 192 209 228 110 186 128 219
0001 187 192 209 228 110 184 129 217
0002 187 192 209 227 110 184 129 218
0003 187 192 209 228 110 184 129 217
0004 187 192 209 228 110 184 129 217
0005 187 192 209 227 110 184 129 217
0006 187 192 209 227 110 184 129 217
0007 187 192 209 227 110 184 129 217
0008 110 184 129 217 189 191 209 226
0009 197 191 216 223 110 184 129 217
0010 215 185 236 207 110 184 129 217
0011 109 186 128 217 238 154 265 177
0012 109 186 128 218 237 105 269 139
0013 236 079 266 111 109 186 128 218
0014 109 186 128 218 232 071 257 100
0015 223 053 253 084 109 186 128 219
0016 221 046 248 076 109 186 128 219
0017 109 185 128 219 219 041 247 072
0018 218 042 247 072 109 185 128 219
0019 217 039 246 069 109 186 128 219
0020 217 038 246 068 109 187 128 220
0021 218 036 247 067 109 186 128 220
0022 217 035 247 068 109 187 128 220
0023 217 035 247 067 109 186 128 219
0024 216 035 246 068 110 186 128 218
0025 217 035 246 068 110 186 128 219
0026 217 035 246 068 110 187 127 219
0027 217 035 246 067 110 186 127 219
0028 217 035 246 067 110 187 128 218
0029 217 036 246 068 110 187 127 218
0030 110 186 127 218 218 037 247 068
0031 216 038 253 069 110 187 127 218
0032 220 048 250 087 110 188 128 220
0033 221 059 251 096 110 188 128 219
0034 110 187 129 219 226 090 254 120
0035 110 188 129 220 219 128 253 159
0036 215 167 239 206 110 186 129 218
0037 110 186 128 218 206 182 225 220
0038 110 186 128 219 203 189 223 226
0039 110 185 128 218 196 194 211 224
0040 109 185 128 218 000 000 000 000
0041 109 185 128 218 197 194 211 223
0042 109 185 128 218 195 194 211 222
0043 110 184 129 218 195 194 210 222
0044 110 185 129 219 195 195 210 223
0045 110 185 130 218 195 197 212 223
0046 110 184 128 217 196 195 211 223
0047 110 185 129 217 194 197 211 224
0048 110 185 129 217 196 199 213 224
0049 109 185 128 217 196 199 213 224
