0000 146 222 182 239 000 000 000 000
0001 146 222 185 239 000 000 000 000
0002 148 215 188 239 000 000 000 000
0003 158 201 198 236 000 000 000 000
0004 176 158 217 200 000 000 000 000
0005 188 120 227 170 000 000 000 000
0006 196 090 231 138 000 000 000 000
0007 197 066 232 116 000 000 000 000
0008 198 059 232 104 000 000 000 000
0009 192 053 227 096 000 000 000 000
0010 193 053 226 098 000 000 000 000
0011 192 053 225 099 000 000 000 000
0012 189 050 223 098 000 000 000 000
0013 187 049 221 097 000 000 000 000
0014 188 054 216 093 000 000 000 000
0015 188 048 220 094 000 000 000 000
0016 188 047 220 092 000 000 000 000
0017 189 046 220 093 000 000 000 000
0018 188 047 220 094 000 000 000 000
0019 188 049 219 093 000 000 000 000
0020 189 048 219 089 000 000 000 000
0021 186 048 219 089 000 000 000 000
0022 187 048 222 087 000 000 000 000
0023 188 048 222 087 000 000 000 000
0024 190 049 219 089 000 000 000 000
0025 187 047 219 090 000 000 000 000
0026 186 045 220 086 000 000 000 000
0027 187 046 220 089 000 000 000 000
0028 190 048 222 088 000 000 000 000
0029 187 045 220 086 000 000 000 000
0030 190 045 223 088 000 000 000 000
0031 187 045 221 087 000 000 000 000
0032 191 049 220 089 000 000 000 000
0033 187 047 220 090 000 000 000 000
0034 190 046 223 088 000 000 000 000
0035 187 046 220 089 000 000 000 000
0036 190 045 225 087 000 000 000 000
0037 191 048 222 089 000 000 000 000
0038 191 047 222 088 000 000 000 000
0039 188 047 221 087 000 000 000 000
0040 191 048 221 090 000 000 000 000
0041 191 047 221 089 000 000 000 000
0042 192 051 222 093 000 000 000 000
0043 191 054 224 100 000 000 000 000
0044 190 087 227 143 000 000 000 000
0045 184 143 221 195 000 000 000 000
0046 166 205 204 237 000 000 000 000
0047 162 217 190 239 000 000 000 000
0048 163 223 190 239 000 000 000 000
0049 162 222 193 238 000 000 000 000
