0000 158 207 200 239 090 211 130 239
0001 158 207 200 239 090 211 131 239
0002 158 207 200 239 090 211 131 239
0003 158 207 200 239 090 211 132 239
0004 160 207 200 239 090 211 132 239
0005 163 207 202 237 090 211 132 239
0006 164 204 200 237 090 211 132 239
0007 168 203 208 236 090 211 132 239
0008 194 210 227 238 090 211 132 239
0009 217 192 257 229 090 211 132 239
0010 238 164 276 200 090 211 132 239
0011 246 125 285 169 091 212 132 239
0012 240 088 280 140 090 212 132 239
0013 227 062 261 108 090 212 133 239
0014 211 051 243 096 090 212 133 239
0015 200 046 234 087 090 212 132 239
0016 194 045 230 085 090 212 133 239
0017 191 046 227 085 090 212 133 239
0018 195 046 230 083 090 211 133 239
0019 197 047 231 085 090 211 133 239
0020 195 047 234 086 090 211 133 239
0021 198 047 232 086 090 211 133 239
0022 209 050 243 096 090 211 132 239
0023 218 063 249 109 090 211 133 239
0024 222 083 253 131 090 212 132 239
0025 212 109 252 157 090 212 132 239
0026 209 142 246 184 090 212 132 239
0027 200 167 233 205 090 212 132 239
0028 183 190 220 226 089 211 132 239
0029 166 201 201 236 089 213 131 239
0030 164 202 201 235 089 213 131 239
0031 164 206 202 236 089 213 131 239
0032 163 206 201 236 089 213 130 239
0033 162 205 201 237 090 213 129 239
