0009 112 210 166 239 000 000 000 000
0010 114 189 165 234 000 000 000 000
0011 101 155 169 198 000 000 000 000
0012 099 120 164 165 000 000 000 000
0013 100 097 159 141 000 000 000 000
0014 102 085 165 137 000 000 000 000
0015 101 081 164 132 000 000 000 000
0016 103 077 163 128 000 000 000 000
0017 102 075 163 125 000 000 000 000
0018 102 076 163 125 000 000 000 000
0019 101 077 164 126 000 000 000 000
0020 101 078 163 127 000 000 000 000
0021 101 079 162 128 000 000 000 000
0022 098 080 162 131 000 000 000 000
0023 100 119 168 156 000 000 000 000
0024 103 163 169 215 000 000 000 000
0025 128 207 165 239 000 000 000 000
0026 124 218 168 239 000 000 000 000
