0013 149 216 178 238 000 000 000 000
0014 142 216 185 239 000 000 000 000
0015 169 191 215 237 000 000 000 000
0016 171 163 239 225 000 000 000 000
0017 179 133 249 201 000 000 000 000
0018 188 114 263 180 000 000 000 000
0019 188 096 269 167 000 000 000 000
0020 193 091 279 167 000 000 000 000
0021 186 090 245 165 217 104 285 161
0022 191 088 280 154 000 000 000 000
0023 191 086 249 161 226 102 289 155
0024 191 088 249 160 220 102 285 161
0025 192 091 288 164 000 000 000 000
0026 191 092 282 161 000 000 000 000
0027 188 090 243 163 228 110 282 165
0028 185 092 242 168 226 110 289 160
0029 188 089 240 167 231 113 281 165
0030 186 094 245 165 231 115 283 167
0031 224 114 284 173 193 098 244 172
0032 202 108 280 177 000 000 000 000
0033 184 138 265 202 000 000 000 000
0034 173 181 240 236 118 205 143 234
0036 141 211 180 239 000 000 000 000
0038 145 210 179 238 000 000 000 000
0039 145 210 179 239 000 000 000 000
0040 143 213 175 239 000 000 000 000
0041 148 211 174 234 000 000 000 000
0042 145 214 173 235 014 220 043 239
0043 145 212 177 238 000 000 000 000
0044 145 213 178 239 043 211 102 235
