0011 113 200 164 239 000 000 000 000
0012 106 166 170 233 000 000 000 000
0013 093 147 170 205 000 000 000 000
0014 093 140 165 196 000 000 000 000
0015 091 133 164 190 000 000 000 000
0016 092 128 160 187 000 000 000 000
0017 092 130 159 186 000 000 000 000
0018 093 132 160 188 000 000 000 000
0019 096 131 158 185 000 000 000 000
0020 095 136 162 187 000 000 000 000
0021 097 134 161 188 000 000 000 000
0022 095 135 166 186 000 000 000 000
0023 095 138 163 188 000 000 000 000
0024 095 137 165 189 000 000 000 000
0025 095 136 163 187 000 000 000 000
0026 097 137 165 188 000 000 000 000
0027 097 137 165 188 000 000 000 000
0028 098 139 165 188 000 000 000 000
0029 098 136 163 187 000 000 000 000
0030 097 136 165 187 000 000 000 000
0031 098 155 166 195 000 000 000 000
0032 102 176 166 221 000 000 000 000
0051 176 220 205 239 000 000 000 000
0052 171 221 203 239 000 000 000 000
