0002 147 219 177 239 000 000 000 000
0003 147 219 177 239 000 000 000 000
0004 148 216 177 239 000 000 000 000
0005 147 215 175 238 000 000 000 000
0008 143 216 175 236 000 000 000 000
0010 139 209 176 236 000 000 000 000
0011 137 187 211 239 000 000 000 000
0012 143 153 210 218 000 000 000 000
0013 144 126 218 189 000 000 000 000
0014 154 101 227 168 000 000 000 000
0015 161 088 235 153 000 000 000 000
0016 171 084 239 150 000 000 000 000
0017 177 089 264 163 000 000 000 000
0018 198 109 279 177 000 000 000 000
0019 197 109 278 181 000 000 000 000
0020 197 108 275 181 000 000 000 000
0021 197 108 277 183 000 000 000 000
0022 195 111 281 184 000 000 000 000
0023 201 112 274 180 000 000 000 000
0024 199 112 281 178 000 000 000 000
0025 210 119 280 179 187 103 235 176
0026 195 107 273 177 000 000 000 000
0027 210 120 279 180 185 107 239 176
0028 187 115 277 186 000 000 000 000
0029 183 135 261 206 000 000 000 000
0030 169 182 236 233 000 000 000 000
0031 142 210 182 239 000 000 000 000
0034 147 214 172 238 000 000 000 000
0035 141 210 181 235 000 000 000 000
0036 145 214 172 237 000 000 000 000
0037 142 212 175 239 000 000 000 000
0038 143 213 176 239 000 000 000 000
0039 046 212 104 239 148 217 178 239
