0000 011 203 058 239 139 224 173 239
0001 012 204 059 239 135 222 170 239
0002 011 203 059 239 135 222 170 239
0003 008 203 059 239 135 222 170 239
0004 007 202 061 239 137 223 171 239
0005 003 206 060 239 142 220 181 235
0006 005 207 058 239 158 215 196 238
0007 178 193 236 238 005 206 060 238
0008 190 162 254 213 001 210 061 239
0009 196 133 261 186 004 207 057 239
0010 197 121 267 176 004 207 059 238
0011 201 115 271 170 003 207 054 239
0012 205 114 268 170 002 209 052 239
0013 206 113 269 167 001 209 052 239
0014 207 112 270 166 001 207 055 239
0015 207 112 269 166 002 208 055 239
0016 207 110 270 165 000 208 055 239
0017 207 110 270 165 001 208 055 239
0018 208 110 271 165 001 208 055 239
0019 208 110 271 165 004 209 055 239
0020 209 111 272 165 003 209 055 239
0021 209 111 272 167 006 206 055 239
0022 206 112 272 167 006 206 055 239
0023 205 112 272 167 006 206 056 239
0024 205 112 273 167 005 206 056 239
0025 207 114 271 170 005 207 056 239
0026 207 116 273 170 004 210 056 239
0027 206 116 272 171 003 209 056 239
0028 207 119 269 171 003 208 057 239
0029 207 126 265 172 005 204 056 238
0030 196 134 247 175 002 207 057 239
0031 192 143 234 196 004 208 056 239
0032 169 158 215 223 004 208 057 239
0033 144 191 191 239 006 208 057 239
0034 007 205 059 239 133 209 178 237
0035 012 206 059 239 136 223 169 239
0036 010 203 059 239 136 224 168 239
0037 008 200 059 239 137 222 168 239
0038 010 203 058 239 136 224 170 239
