0015 135 218 171 239 000 000 000 000
0016 155 201 223 239 000 000 000 000
0017 161 169 244 235 000 000 000 000
0018 169 150 244 210 000 000 000 000
0019 174 139 254 198 000 000 000 000
0020 181 126 258 183 000 000 000 000
0021 180 106 257 173 000 000 000 000
0022 183 096 260 162 000 000 000 000
0023 182 091 259 152 000 000 000 000
0024 186 088 262 146 000 000 000 000
0025 186 087 263 144 000 000 000 000
0026 187 085 263 144 000 000 000 000
0027 189 081 263 141 000 000 000 000
0028 189 080 264 141 000 000 000 000
0029 191 084 264 141 000 000 000 000
0030 188 079 262 143 000 000 000 000
0031 191 082 263 140 000 000 000 000
0032 187 087 260 144 000 000 000 000
0033 184 095 257 155 000 000 000 000
0034 181 121 252 180 000 000 000 000
0035 171 141 241 201 000 000 000 000
0036 152 180 219 234 000 000 000 000
0037 129 217 171 239 000 000 000 000
