0000 129 152 155 178 192 217 214 239
0001 129 151 154 178 191 217 214 239
0002 129 151 155 178 192 217 214 239
0003 129 152 155 177 192 216 214 239
0004 129 151 154 177 192 217 214 239
0005 125 153 152 174 192 218 214 239
0006 129 151 155 177 192 218 214 239
0007 129 152 155 178 192 218 214 239
0008 129 152 155 177 192 218 214 239
0009 129 152 155 177 192 218 214 239
0010 129 152 155 179 193 219 215 239
0011 197 208 223 239 126 152 152 176
0012 226 135 253 173 125 153 153 180
0013 237 067 266 106 125 151 153 177
0014 129 155 156 180 229 023 265 062
0015 129 154 157 180 220 008 244 040
0016 129 155 157 180 188 010 216 040
0017 157 022 185 049 130 154 159 180
0018 135 028 168 056 131 153 157 178
0019 140 014 167 040 130 152 159 179
0020 129 153 157 179 180 000 202 025
0021 125 155 153 180 202 001 242 031
0022 126 154 153 178 218 007 245 042
0023 125 154 154 179 198 026 228 061
0024 126 154 153 178 150 038 184 064
0025 126 153 154 178 131 034 170 062
0026 126 152 154 179 125 021 160 045
0027 144 002 171 029 125 154 153 180
0028 124 155 153 180 183 000 207 026
0029 124 154 154 179 208 000 235 028
0030 210 014 248 043 124 154 154 178
0031 124 153 153 178 182 023 210 050
0032 125 153 153 179 143 029 181 057
0033 131 026 172 050 125 153 153 179
0034 141 005 171 033 125 154 153 179
0035 125 154 154 180 172 000 196 023
0036 126 153 154 177 203 000 236 037
0037 216 032 251 067 126 153 154 178
0038 218 104 249 147 126 155 154 180
0039 128 154 155 181 208 171 236 223
0040 193 193 222 239 129 154 155 181
0041 179 203 213 238 129 153 156 180
0042 129 152 155 180 181 208 209 239
0043 129 152 156 180 180 205 214 239
0044 183 206 210 239 129 152 157 179
