0000 109 186 128 219 192 193 209 225
0001 110 186 128 218 192 193 209 225
0002 111 187 129 218 191 193 209 225
0003 111 186 129 218 192 193 209 224
0004 110 186 128 219 191 195 207 225
0005 110 187 128 219 192 193 209 224
0006 110 186 128 219 192 194 209 225
0007 110 185 128 219 192 194 209 224
0008 110 185 128 219 192 193 209 224
0009 109 185 128 220 192 193 209 225
0010 184 188 205 220 113 186 131 213
0011 175 176 201 205 117 176 139 203
0012 165 172 193 199 129 160 155 184
0013 135 139 164 168 159 169 190 197
0014 139 124 172 153 149 151 184 177
0015 141 121 182 157 000 000 000 000
0016 141 133 172 164 151 098 177 123
0017 149 109 174 139 119 121 152 151
0018 147 102 178 131 149 128 178 151
0019 134 120 163 148 148 105 184 142
0020 141 124 172 159 152 098 177 121
0021 145 125 171 151 153 106 174 133
0022 149 111 177 134 149 133 179 159
0023 139 113 170 146 000 000 000 000
0024 138 127 165 160 153 101 176 126
0025 147 115 178 147 000 000 000 000
0026 146 136 183 159 146 109 174 138
0027 135 133 160 159 148 110 177 137
0028 140 132 165 159 148 105 172 130
0029 145 115 183 148 000 000 000 000
0030 149 139 180 166 119 119 153 149
0031 146 113 179 152 123 123 151 152
0032 141 114 181 143 148 143 172 165
0033 145 142 174 166 139 110 168 140
0034 142 146 174 174 138 121 165 143
0035 147 131 178 161 135 157 165 181
0036 130 164 156 194 155 154 188 190
0037 124 170 153 198 163 165 196 200
0038 115 176 145 209 172 181 206 217
0039 112 182 137 211 187 191 209 224
0040 109 182 131 213 194 193 213 226
0041 110 188 126 218 197 194 212 222
0042 110 186 128 217 195 195 213 220
0043 110 185 128 217 196 197 213 222
0044 110 185 129 217 196 195 213 222
0045 111 184 129 217 196 196 214 221
