0000 064 207 099 238 153 198 176 236
0001 153 195 176 231 070 205 102 239
0002 076 200 107 235 151 184 177 221
0003 087 195 116 229 144 168 172 202
0004 094 183 132 217 136 141 173 173
0005 102 174 137 207 135 130 173 158
0006 112 159 150 189 133 122 166 150
0007 135 131 176 159 115 145 155 170
0008 113 130 152 152 129 150 167 175
0009 114 129 156 150 121 151 160 176
0010 114 144 151 164 114 123 154 143
0011 110 124 158 157 000 000 000 000
0012 111 141 148 166 117 111 156 137
0013 113 141 150 167 120 110 154 137
0014 127 124 166 154 112 133 149 157
0015 111 123 152 146 122 145 158 168
0016 118 144 155 164 111 123 152 148
0017 109 135 148 163 117 121 156 146
0018 111 141 145 165 120 110 154 136
0019 112 141 151 164 120 120 156 143
0020 107 129 151 147 124 140 162 164
0021 113 124 151 146 123 147 152 170
0022 109 125 148 150 118 140 155 161
0023 110 125 152 157 000 000 000 000
0024 109 140 150 164 115 108 150 133
0025 113 141 152 165 117 107 153 133
0026 111 139 150 161 119 120 156 144
0027 127 140 158 169 113 131 150 154
0028 122 151 156 178 112 127 149 151
0029 107 127 147 152 120 155 155 182
0030 105 136 146 162 116 159 148 183
0031 102 145 142 172 116 164 148 189
0032 105 158 141 184 130 188 159 219
0033 140 198 167 230 105 165 140 192
0034 149 200 176 230 100 176 138 202
0035 099 178 131 204 151 199 178 234
0036 098 180 129 209 152 200 176 234
