0002 180 223 209 239 000 000 000 000
0003 160 198 193 229 000 000 000 000
0004 151 166 186 198 119 195 142 227
0005 130 167 156 199 148 141 176 164
0006 149 137 176 158 136 156 164 188
0007 148 132 174 155 142 156 167 182
0008 147 133 176 155 140 151 171 180
0009 146 134 178 157 140 151 168 177
0010 138 151 168 180 145 131 182 159
0011 138 149 166 176 151 132 181 155
0012 139 142 181 167 000 000 000 000
0013 139 137 176 177 000 000 000 000
0014 143 158 174 186 142 129 170 157
0015 144 161 172 187 141 125 170 154
0016 147 157 177 182 142 128 173 159
0017 148 155 178 179 139 132 173 162
0018 149 155 179 180 140 130 177 162
0019 150 157 179 180 137 130 171 161
0020 138 140 179 171 000 000 000 000
0021 137 146 164 180 152 139 179 164
0022 141 156 168 183 154 137 182 159
0023 144 157 170 185 150 132 178 157
0024 143 157 174 187 149 139 179 161
0025 141 160 171 188 146 140 182 167
0026 142 162 172 189 148 144 181 167
0027 139 164 168 193 151 147 180 169
0028 137 170 164 203 149 149 183 174
0029 130 187 154 220 150 165 188 193
0030 159 183 192 217 119 201 140 230
0031 168 196 198 231 115 211 138 236
0032 174 214 207 239 109 221 131 239
