0001 145 224 177 239 000 000 000 000
0002 147 216 178 239 000 000 000 000
0003 155 185 182 230 000 000 000 000
0004 154 127 185 191 000 000 000 000
0005 156 091 187 159 000 000 000 000
0006 153 069 185 135 000 000 000 000
0007 151 061 178 131 000 000 000 000
0008 149 061 183 125 000 000 000 000
0009 151 056 185 120 000 000 000 000
0010 150 055 185 121 000 000 000 000
0011 151 050 186 120 000 000 000 000
0012 150 050 187 119 000 000 000 000
0013 149 053 185 118 000 000 000 000
0014 148 050 182 119 000 000 000 000
0015 149 051 182 116 000 000 000 000
0016 148 051 185 120 000 000 000 000
0017 149 056 184 118 000 000 000 000
0018 145 062 181 128 000 000 000 000
0019 139 125 176 177 000 000 000 000
0020 129 184 173 236 000 000 000 000
0021 128 212 165 238 000 000 000 000
