0000 055 153 112 205 169 173 211 211
0001 055 153 112 205 171 175 213 210
0002 055 153 112 205 168 173 211 211
0003 055 153 112 205 170 175 213 210
0004 054 152 112 205 173 175 214 210
0005 055 152 112 205 173 176 214 210
0006 055 152 112 205 173 175 213 209
0007 055 152 112 206 170 169 212 209
0008 054 151 112 205 171 152 212 200
0009 055 151 111 205 176 147 213 188
0010 055 154 111 205 177 127 211 168
0011 055 153 110 206 181 107 220 166
0012 183 089 221 152 056 153 110 205
0013 056 152 110 205 182 077 219 144
0014 176 068 219 141 056 152 110 205
0015 176 056 216 134 056 152 110 205
0016 053 152 111 205 176 048 213 126
0017 053 152 111 205 178 045 216 121
0018 176 038 215 121 053 152 110 205
0019 177 038 214 116 053 152 110 204
0020 177 039 214 114 053 152 110 204
0021 179 039 214 117 056 150 106 205
0022 177 031 217 114 055 154 109 204
0023 181 035 220 113 055 155 109 203
0024 181 034 220 111 055 154 108 203
0025 181 036 221 110 055 154 108 203
0026 182 035 220 111 055 155 110 202
0027 182 036 220 112 059 154 112 204
0028 182 037 221 112 054 154 110 205
0029 054 151 110 203 179 037 215 108
0030 057 151 113 204 180 036 215 109
0031 177 033 217 111 057 153 110 203
0032 176 032 216 113 056 149 111 203
0033 178 039 216 115 057 150 113 203
0034 053 152 110 204 182 059 221 129
0035 057 152 109 204 182 069 220 140
0036 057 152 109 204 179 080 216 148
0037 057 152 110 205 180 111 217 159
0038 057 152 111 204 176 145 218 183
0039 057 152 111 204 174 158 217 201
0040 056 152 111 205 171 170 218 211
0041 057 152 111 204 171 170 218 210
0042 056 152 111 205 171 169 215 210
0043 056 153 111 204 170 171 216 210
