0002 224 144 281 232 255 165 301 222
0003 203 084 254 177 000 000 000 000
0004 185 050 245 147 000 000 000 000
0005 177 043 230 139 000 000 000 000
0006 165 041 225 127 000 000 000 000
0007 158 032 220 124 000 000 000 000
0008 156 032 217 123 000 000 000 000
0009 155 030 218 124 000 000 000 000
0010 157 036 213 132 000 000 000 000
0011 159 031 219 132 000 000 000 000
0012 163 042 213 130 000 000 000 000
0013 160 034 217 129 000 000 000 000
0014 162 040 220 138 000 000 000 000
0015 170 042 220 136 000 000 000 000
0016 163 040 220 139 000 000 000 000
0017 164 037 222 136 000 000 000 000
0018 165 038 223 140 000 000 000 000
0019 167 044 226 146 000 000 000 000
0020 172 061 229 172 000 000 000 000
0021 185 111 246 206 000 000 000 000
