0000 129 211 158 239 062 212 092 234
0001 129 211 157 239 062 212 091 234
0002 129 211 158 239 062 211 091 234
0003 130 210 158 239 060 208 088 235
0004 128 208 157 237 063 211 091 237
0005 129 198 157 228 060 211 086 236
0006 129 182 155 216 063 213 090 234
0007 134 173 157 209 059 211 087 236
0008 135 146 159 194 060 209 088 234
0009 139 128 164 179 058 212 087 236
0010 143 111 170 169 061 210 087 235
0011 146 096 174 153 060 211 087 237
0012 147 089 175 148 061 211 087 237
0013 151 093 175 146 061 210 087 236
0014 149 090 177 149 060 211 087 236
0015 147 092 178 150 061 211 087 235
0016 146 091 177 150 000 000 000 000
0017 145 091 175 152 000 000 000 000
0018 144 093 175 154 061 211 087 234
0019 147 092 175 151 060 211 087 237
0020 149 093 177 155 061 209 087 236
0021 148 093 175 155 057 213 088 239
0022 144 101 171 160 060 210 086 236
0023 142 114 169 169 000 000 000 000
0024 138 129 163 178 065 213 090 238
0025 134 146 157 190 061 211 087 236
0026 131 169 157 203 059 215 088 239
0027 125 198 155 229 059 212 088 237
0028 123 210 155 239 064 211 090 236
0029 125 210 153 235 060 210 087 236
0030 123 212 153 236 061 210 087 235
0031 122 213 156 239 061 210 087 235
0032 124 213 154 237 065 209 091 235
0033 125 211 156 238 000 000 000 000
