0000 131 211 170 239 000 000 000 000
0001 131 210 170 239 000 000 000 000
0005 134 205 174 239 000 000 000 000
0006 137 221 173 239 000 000 000 000
0007 156 171 209 231 000 000 000 000
0008 170 126 224 187 000 000 000 000
0009 177 087 230 161 000 000 000 000
0010 185 059 231 140 000 000 000 000
0011 185 052 231 130 000 000 000 000
0012 183 044 232 122 000 000 000 000
0013 185 048 231 123 000 000 000 000
0014 186 042 231 121 000 000 000 000
0015 181 042 233 128 000 000 000 000
0016 185 043 230 121 000 000 000 000
0017 184 045 233 123 000 000 000 000
0018 183 050 232 126 000 000 000 000
0019 181 052 231 129 000 000 000 000
0020 177 057 222 137 000 000 000 000
0021 165 080 201 151 000 000 000 000
0022 147 119 182 180 000 000 000 000
0023 130 169 170 217 000 000 000 000
0024 112 202 154 238 000 000 000 000
0025 104 215 149 234 000 000 000 000
0026 107 210 169 239 000 000 000 000
0027 109 212 165 239 000 000 000 000
0028 121 206 170 237 000 000 000 000
0030 130 211 171 239 000 000 000 000
0031 129 210 171 239 000 000 000 000
0032 129 210 170 239 000 000 000 000
0033 127 209 171 239 000 000 000 000
