0000 114 198 159 239 000 000 000 000
0001 117 158 160 227 000 000 000 000
0002 117 129 161 204 000 000 000 000
0003 119 114 161 189 000 000 000 000
0004 113 101 165 175 000 000 000 000
0005 117 088 162 164 000 000 000 000
0006 117 075 162 156 000 000 000 000
0007 119 071 163 149 000 000 000 000
0008 119 067 164 150 000 000 000 000
0009 118 064 163 143 000 000 000 000
0010 118 063 165 143 000 000 000 000
0011 118 061 166 143 000 000 000 000
0012 114 057 163 142 000 000 000 000
0013 118 060 166 139 000 000 000 000
0014 118 061 164 139 000 000 000 000
0015 117 061 164 140 000 000 000 000
0016 117 062 163 141 000 000 000 000
0017 118 063 164 149 000 000 000 000
0018 119 068 163 148 000 000 000 000
0019 115 069 161 148 000 000 000 000
0020 123 076 167 158 000 000 000 000
0021 123 122 176 175 000 000 000 000
0022 133 168 179 212 000 000 000 000
0023 132 215 183 239 000 000 000 000
0024 174 219 204 239 000 000 000 000
0025 179 223 211 239 000 000 000 000
