0009 185 206 247 239 000 000 000 000
0010 195 162 245 223 000 000 000 000
0011 184 139 247 211 000 000 000 000
0012 186 110 232 186 000 000 000 000
0013 179 091 227 175 000 000 000 000
0014 171 083 219 168 000 000 000 000
0015 172 077 216 163 000 000 000 000
0016 170 071 210 154 000 000 000 000
0017 163 067 205 156 000 000 000 000
0018 163 067 203 149 000 000 000 000
0019 161 067 205 152 000 000 000 000
0020 164 069 205 153 000 000 000 000
0021 165 070 208 154 000 000 000 000
0022 165 070 210 155 000 000 000 000
0023 165 068 210 153 000 000 000 000
0024 166 070 207 154 000 000 000 000
0025 168 069 210 153 000 000 000 000
0026 166 068 211 154 000 000 000 000
0027 167 068 210 153 000 000 000 000
0028 168 069 212 156 000 000 000 000
0029 171 073 215 158 000 000 000 000
0030 174 079 219 161 000 000 000 000
0031 173 081 219 164 000 000 000 000
0032 178 098 223 178 000 000 000 000
0033 184 127 232 197 000 000 000 000
0034 190 174 243 236 000 000 000 000
0035 184 222 227 239 000 000 000 000
