0014 163 196 212 237 000 000 000 000
0015 171 169 222 230 000 000 000 000
0016 183 135 234 205 000 000 000 000
0017 188 108 234 188 000 000 000 000
0018 191 093 235 170 000 000 000 000
0019 188 086 233 163 000 000 000 000
0020 190 080 231 161 000 000 000 000
0021 191 079 231 159 000 000 000 000
0022 189 078 229 158 000 000 000 000
0023 188 079 228 158 000 000 000 000
0024 188 079 228 158 000 000 000 000
0025 189 080 229 157 000 000 000 000
0026 187 082 229 158 000 000 000 000
0027 187 082 229 158 000 000 000 000
0028 188 081 230 159 000 000 000 000
0029 189 084 231 163 000 000 000 000
0030 188 085 232 162 000 000 000 000
0031 188 085 235 169 000 000 000 000
0032 190 090 237 165 000 000 000 000
0033 188 094 238 170 000 000 000 000
0034 184 098 236 176 000 000 000 000
0035 188 116 238 182 000 000 000 000
0036 167 175 213 236 000 000 000 000
0037 152 212 191 239 000 000 000 000
0048 161 223 193 239 000 000 000 000
