0000 132 211 169 239 000 000 000 000
0004 138 204 178 239 000 000 000 000
0006 136 216 177 238 000 000 000 000
0007 154 176 200 232 000 000 000 000
0008 171 117 216 185 000 000 000 000
0009 178 090 226 162 000 000 000 000
0010 180 073 227 152 000 000 000 000
0011 181 059 229 142 000 000 000 000
0012 182 057 228 132 000 000 000 000
0013 179 054 225 137 000 000 000 000
0014 179 055 224 137 000 000 000 000
0015 179 059 225 140 000 000 000 000
0016 179 055 225 137 000 000 000 000
0017 179 058 224 137 000 000 000 000
0018 179 057 224 137 000 000 000 000
0019 179 058 224 140 000 000 000 000
0020 177 064 221 142 000 000 000 000
0021 169 071 211 151 000 000 000 000
0022 154 111 189 171 000 000 000 000
0023 134 151 179 208 000 000 000 000
0024 107 203 152 239 000 000 000 000
0025 106 214 152 237 000 000 000 000
0027 130 211 172 239 000 000 000 000
0028 132 209 172 238 000 000 000 000
0029 132 209 171 239 000 000 000 000
0030 133 210 172 239 000 000 000 000
