0001 142 211 175 237 000 000 000 000
0002 143 212 175 237 000 000 000 000
0003 146 208 179 236 000 000 000 000
0004 148 202 186 237 000 000 000 000
0005 144 206 185 238 000 000 000 000
0006 152 189 201 239 000 000 000 000
0007 164 157 216 218 000 000 000 000
0008 177 123 228 191 000 000 000 000
0009 183 096 235 171 000 000 000 000
0010 182 085 231 165 000 000 000 000
0011 184 072 232 151 000 000 000 000
0012 182 076 230 157 000 000 000 000
0013 182 079 229 159 000 000 000 000
0014 182 075 232 156 000 000 000 000
0015 182 079 229 159 000 000 000 000
0016 182 073 229 158 000 000 000 000
0017 182 079 229 158 000 000 000 000
0018 182 079 229 159 000 000 000 000
0019 182 080 229 160 000 000 000 000
0020 181 079 230 155 000 000 000 000
0021 176 083 225 159 000 000 000 000
0022 175 091 214 164 000 000 000 000
0023 165 112 200 173 000 000 000 000
0024 144 143 180 200 154 177 194 218
0025 134 169 177 222 000 000 000 000
0026 113 209 158 239 000 000 000 000
0027 114 202 176 237 000 000 000 000
0028 131 208 171 239 000 000 000 000
0029 132 214 170 239 000 000 000 000
0030 134 211 171 238 000 000 000 000
0031 132 209 170 239 000 000 000 000
0032 133 211 170 238 000 000 000 000
0033 133 212 170 238 000 000 000 000
0034 133 210 170 238 000 000 000 000
0035 134 212 170 239 000 000 000 000
