0000 054 167 112 207 162 174 205 208
0001 054 166 113 207 162 174 206 209
0002 054 167 113 207 163 174 204 208
0003 162 170 201 208 053 164 113 206
0004 169 158 205 208 053 163 113 206
0005 165 150 205 201 053 163 113 206
0006 174 126 213 179 051 163 111 203
0007 177 107 214 170 053 163 113 205
0008 052 165 112 208 182 091 225 157
0009 187 075 229 149 051 165 113 208
0010 190 062 228 135 051 165 113 208
0011 188 053 229 126 052 163 113 205
0012 183 038 223 112 053 163 113 205
0013 183 032 222 109 053 163 113 205
0014 183 027 219 108 053 163 113 206
0015 176 026 221 104 053 166 112 207
0016 179 024 223 103 053 166 112 206
0017 179 024 223 104 053 166 111 206
0018 180 023 222 101 054 166 112 206
0019 180 024 221 104 054 164 111 206
0020 181 018 221 098 054 164 112 206
0021 183 023 221 097 054 166 112 207
0022 182 018 221 097 055 166 111 206
0023 054 166 112 207 183 019 221 102
0024 184 022 223 102 054 164 112 206
0025 183 025 223 103 054 166 111 207
0026 183 024 224 106 053 164 112 206
0027 052 166 114 207 184 035 220 118
0028 052 166 114 206 180 054 221 115
0029 052 166 114 206 182 075 221 133
0030 178 092 219 147 052 166 114 206
0031 169 117 215 167 052 166 114 206
0032 052 166 114 206 173 139 205 174
0033 052 165 114 206 169 147 209 190
0034 165 156 213 202 052 166 114 207
0035 168 161 212 206 050 166 115 207
0036 164 163 204 206 049 165 117 207
0037 166 163 204 207 050 165 116 206
0038 050 165 116 206 165 164 206 208
0039 168 171 214 210 049 164 117 202
0040 167 170 206 208 051 167 110 206
0041 052 167 111 207 167 170 214 208
0042 167 169 214 209 051 166 111 206
0043 167 170 214 209 051 166 111 206
