0002 167 214 206 239 090 210 145 237
0003 168 131 207 195 090 136 126 183
0004 163 091 202 149 087 098 120 147
0005 158 078 198 133 085 082 122 131
0006 156 064 199 123 087 073 125 125
0007 150 056 200 124 093 067 134 128
0008 144 054 204 129 097 061 140 123
0009 141 051 208 125 095 050 136 123
0010 139 049 212 122 091 047 134 120
0011 147 045 224 116 083 045 134 123
0012 169 030 233 099 082 029 135 117
0013 068 028 122 101 176 017 239 082
0014 191 012 246 073 051 016 116 094
0015 046 022 102 092 195 010 250 071
0016 194 012 248 074 044 018 107 098
0017 193 013 249 075 045 019 107 100
0018 192 012 250 075 050 021 104 094
0019 192 013 251 079 047 023 112 099
0020 191 015 250 082 049 019 113 103
0021 182 039 241 109 064 046 111 128
0022 177 101 225 172 087 132 149 227
0023 170 189 214 239 000 000 000 000
