0005 067 211 116 239 123 216 154 239
0006 071 172 114 214 127 173 161 226
0007 075 141 119 179 120 139 156 191
0008 081 138 122 176 119 131 154 182
0009 120 116 155 171 085 122 124 167
0010 125 098 163 160 092 106 126 154
0011 122 083 170 149 090 086 129 144
0012 126 074 179 140 086 082 127 137
0013 126 058 181 131 078 062 121 130
0014 132 054 186 122 069 056 117 120
0015 139 050 188 119 060 047 112 117
0016 145 047 194 114 057 045 105 114
0017 146 047 193 115 055 046 105 113
0018 050 048 101 115 144 051 197 119
0019 049 050 099 113 143 049 197 113
0020 049 050 099 114 143 048 197 114
0021 052 049 103 114 145 048 197 113
0022 048 049 100 115 139 054 189 121
0023 053 058 097 128 136 065 175 129
0024 129 099 171 151 059 097 103 150
0025 123 159 168 215 073 168 122 216
0026 125 211 159 239 074 216 124 239
