0000 165 179 224 232 112 177 171 228
0001 165 180 225 232 115 176 170 228
0002 166 179 225 231 113 176 170 225
0003 166 180 225 232 114 175 168 225
0004 166 184 223 233 114 175 169 227
0005 166 181 223 230 114 176 171 227
0006 166 180 223 231 114 176 170 226
0007 163 180 223 229 114 177 170 226
0008 113 177 170 227 167 181 222 230
0009 114 177 171 226 167 181 220 229
0010 115 177 171 226 166 181 221 232
0011 168 184 221 232 116 177 171 226
0012 169 184 224 233 117 177 172 228
0013 117 177 173 228 169 180 225 229
0014 169 179 229 227 119 177 176 222
0015 172 175 233 224 120 175 177 221
0016 122 172 177 221 175 166 240 214
0017 122 171 177 221 179 157 245 206
0018 122 174 177 221 182 158 245 196
0019 123 176 177 220 188 146 253 190
0020 123 177 178 221 194 128 249 172
0021 121 178 179 220 202 108 247 163
0022 123 177 178 222 207 088 253 149
0023 124 177 179 222 213 072 259 141
0024 124 177 178 223 218 067 261 133
0025 124 177 178 222 221 060 266 125
0026 228 048 268 123 124 177 178 222
0027 232 046 274 118 124 177 179 222
0028 227 047 266 118 124 177 178 222
0029 124 176 178 222 212 056 256 122
0030 125 177 178 222 190 082 239 135
0031 122 177 178 221 172 097 231 140
0032 123 178 177 224 170 097 231 142
0033 123 178 177 224 171 097 232 142
0034 125 178 177 224 171 097 231 142
0035 125 177 177 226 173 098 230 142
0036 125 177 177 225 178 095 234 139
0037 124 177 177 225 198 076 240 131
0038 125 177 177 225 221 073 265 123
0039 124 177 178 226 234 046 273 118
0040 235 049 277 121 126 177 178 226
0041 233 049 274 123 125 177 178 226
0042 234 053 272 122 124 177 178 225
0043 227 061 268 133 123 176 177 224
0044 216 070 255 140 125 176 177 224
0045 127 176 175 224 194 106 240 155
0046 173 121 233 164 127 177 175 221
0047 172 119 233 164 126 179 175 225
0048 124 176 177 223 183 118 238 163
0049 124 176 178 223 199 114 250 161
0050 211 112 257 156 126 177 175 221
0051 231 096 275 151 126 177 175 221
0052 237 087 285 153 127 178 175 223
0053 235 087 284 147 127 175 175 223
0054 125 177 176 224 237 086 280 155
0055 228 091 278 156 122 176 179 222
0056 217 105 266 167 123 176 179 221
0057 123 176 179 222 206 138 246 179
0058 120 176 179 222 190 145 241 192
0059 123 177 179 222 179 154 229 199
0060 122 179 176 224 179 156 230 201
0061 123 176 177 224 185 159 234 203
0062 122 176 178 224 185 159 234 205
0063 122 177 176 224 187 158 233 206
0064 119 176 175 223 185 159 234 208
0065 185 157 234 204 113 172 173 210
0066 187 154 239 197 115 169 168 202
0067 121 163 167 193 185 149 240 189
0068 121 162 168 195 187 149 241 190
0069 119 163 168 196 189 143 238 182
0070 118 158 164 187 181 141 234 176
0071 183 136 238 170 101 150 157 182
0072 095 131 154 176 185 123 242 170
0073 096 125 158 171 187 113 240 166
0074 099 119 157 169 186 110 246 165
0075 106 114 159 161 187 099 249 162
0076 190 093 247 159 111 108 157 153
0077 188 086 245 154 111 099 164 154
0078 187 086 245 152 114 098 162 151
0079 186 082 244 150 112 092 166 150
0080 185 078 242 146 109 088 171 145
0081 183 079 243 150 111 093 169 157
0082 184 086 242 155 107 095 165 158
0083 185 098 242 163 105 107 168 161
0084 172 114 236 169 104 135 162 168
0085 173 136 229 176 108 149 160 178
0086 104 158 161 195 173 154 232 183
0087 100 167 161 211 169 165 233 207
0088 172 172 230 229 091 176 160 229
0089 169 173 226 226 092 178 157 232
0090 170 174 227 228 096 183 157 235
0091 173 177 226 234 086 180 155 236
0092 169 177 227 234 089 185 155 234
0093 170 180 226 239 089 186 152 235
0094 170 180 225 239 087 185 153 235
0095 170 183 224 238 088 186 151 238
0096 170 186 222 238 097 188 153 239
0097 101 187 154 239 171 192 221 239
0098 171 197 222 239 103 190 154 239
0099 104 197 155 238 173 204 222 239
0100 110 202 158 236 174 209 220 239
0101 107 203 161 236 173 208 222 239
0102 114 207 159 237 172 210 221 239
0103 115 208 161 239 173 212 223 238
