0008 146 154 182 209 000 000 000 000
0009 163 093 190 140 000 000 000 000
0010 176 057 202 109 000 000 000 000
0011 181 041 214 092 000 000 000 000
0012 180 027 212 086 000 000 000 000
0013 166 042 197 088 000 000 000 000
0014 166 041 202 095 000 000 000 000
0015 178 042 209 097 000 000 000 000
0016 173 051 203 105 000 000 000 000
0017 156 073 189 120 000 000 000 000
0018 154 078 186 130 000 000 000 000
0019 151 090 184 142 000 000 000 000
0020 144 099 180 148 000 000 000 000
0021 142 098 180 150 000 000 000 000
0022 143 097 181 148 000 000 000 000
0023 146 098 189 147 000 000 000 000
0024 076 188 127 230 163 098 197 147
0025 074 158 128 193 169 094 209 143
0026 175 087 222 138 080 133 137 161
0027 178 086 229 132 081 120 143 151
0028 184 075 236 123 089 101 150 136
0029 183 071 234 121 091 098 149 128
0030 090 104 148 132 178 083 233 132
0031 171 092 224 142 087 114 142 144
0032 069 129 131 155 163 109 213 153
0033 150 124 195 170 052 139 118 173
0034 137 145 183 183 039 153 098 191
0035 129 155 177 197 030 159 089 197
0036 018 165 067 205 120 167 169 210
0037 118 168 167 213 017 166 063 208
0038 017 163 063 206 115 166 168 205
0039 118 165 167 206 016 163 067 203
0040 022 164 072 205 118 168 166 211
0041 119 179 169 229 035 182 090 226
0042 051 204 107 238 123 208 170 239
