0000 106 220 135 239 153 223 193 239
0001 108 222 138 239 157 222 196 238
0002 108 221 138 239 153 223 193 239
0003 106 223 136 239 161 223 198 239
0004 108 224 138 239 161 223 199 239
0005 163 222 197 239 106 223 137 239
0006 105 218 137 239 162 222 196 239
0007 103 212 134 239 149 213 192 239
0008 106 202 142 237 155 170 196 196
0009 107 198 141 237 162 118 201 160
0010 177 061 207 120 105 191 142 229
0011 189 046 224 108 105 193 142 230
0012 187 044 219 107 107 193 143 229
0013 104 194 146 233 151 070 184 112
0014 109 194 143 229 130 072 169 116
0015 110 194 147 232 134 072 175 120
0016 107 200 140 236 153 058 192 117
0017 189 063 223 122 104 197 145 235
0018 107 197 143 234 200 063 234 125
0019 108 194 149 234 166 086 198 124
0020 108 193 143 231 146 092 182 134
0021 107 191 144 228 127 102 169 144
0022 097 187 126 220 162 106 206 156
0023 182 121 220 163 089 169 127 207
0024 183 121 223 151 090 151 128 183
0025 169 097 209 133 084 119 132 156
0026 095 083 137 120 167 077 201 113
0027 095 076 131 108 168 073 197 107
0028 156 080 193 114 098 079 138 106
0029 094 094 136 124 146 102 183 133
0030 137 134 182 188 094 133 131 184
0031 087 150 128 198 137 145 185 199
0032 088 146 130 200 133 149 180 199
0033 130 146 173 198 091 147 128 201
0034 089 145 130 195 133 148 179 195
0035 134 151 184 194 092 151 130 199
0036 137 166 184 205 093 161 130 209
0037 148 195 191 237 101 192 133 237
0038 099 206 138 239 153 207 193 236
0039 153 213 192 239 107 217 137 239
0040 160 222 192 239 112 222 141 239
0041 159 223 192 239 000 000 000 000
0042 155 222 193 239 000 000 000 000
