0000 207 116 237 164 094 187 139 232
0001 109 202 149 237 214 081 244 137
0002 109 202 149 236 218 063 247 118
0003 110 202 150 237 221 054 249 106
0004 111 202 150 236 222 046 249 099
0005 110 202 150 236 220 040 248 093
0006 110 202 150 237 219 041 247 093
0007 109 202 150 237 220 038 247 091
0008 110 202 151 237 220 039 247 091
0009 110 202 151 237 220 035 248 088
0010 109 202 151 237 221 035 249 087
0011 110 200 151 236 219 039 248 094
0012 109 200 151 236 214 044 243 102
0013 109 202 151 236 205 053 232 106
0014 109 202 150 237 204 061 230 111
0015 109 202 150 237 206 063 234 113
0016 110 202 150 237 213 059 243 114
0017 109 202 150 237 227 061 257 113
0018 109 202 150 237 231 063 269 118
0019 109 202 151 237 232 062 268 119
0020 109 202 151 237 230 064 263 119
0021 110 201 151 237 221 074 255 125
0022 109 202 151 237 202 090 240 132
0023 110 202 150 237 201 097 232 134
0024 109 199 149 236 205 098 235 139
0025 105 177 150 223 210 100 239 135
0026 121 149 173 182 213 098 245 138
0027 214 101 255 136 139 124 192 152
0028 212 101 262 139 153 102 207 140
0029 216 101 266 137 169 087 225 126
0030 224 102 267 138 168 081 232 126
0031 223 106 268 145 175 080 236 130
0032 225 107 267 146 178 082 229 129
0033 177 091 224 140 222 121 259 160
0034 214 126 253 171 173 101 218 154
0035 204 135 245 182 166 113 208 169
0036 196 143 237 191 155 124 198 181
0037 149 130 188 188 187 149 228 201
0038 179 157 219 210 136 137 178 194
0039 129 141 166 201 175 160 214 216
0040 164 165 212 215 126 142 165 205
0041 123 149 160 212 166 166 207 215
0042 119 145 163 208 163 166 211 210
0043 169 163 207 216 121 147 164 206
0044 121 148 161 208 167 164 208 211
0045 166 166 207 215 126 155 169 213
0046 117 166 169 214 167 171 204 223
0047 166 177 203 222 111 176 163 227
0048 106 185 155 233 160 186 201 231
0049 103 192 146 234 155 189 196 231
0050 108 195 149 235 155 193 195 230
0051 106 196 149 236 155 193 195 232
