0001 180 214 221 239 000 000 000 000
0002 189 159 225 217 000 000 000 000
0003 189 090 235 151 000 000 000 000
0004 196 056 237 121 000 000 000 000
0005 200 036 241 100 000 000 000 000
0006 204 024 237 087 000 000 000 000
0007 200 024 242 085 000 000 000 000
0008 203 025 240 086 000 000 000 000
0009 204 019 238 086 000 000 000 000
0010 198 026 233 090 000 000 000 000
0011 184 038 221 097 000 000 000 000
0012 165 076 213 121 000 000 000 000
0013 184 059 232 113 000 000 000 000
0014 211 046 250 101 000 000 000 000
0015 235 043 274 094 000 000 000 000
0016 244 036 282 095 000 000 000 000
0017 246 041 284 096 000 000 000 000
0018 232 046 277 112 000 000 000 000
0019 216 080 256 144 000 000 000 000
0020 199 121 239 169 000 000 000 000
0021 201 123 241 170 000 000 000 000
0022 203 126 240 169 000 000 000 000
0023 204 123 246 169 000 000 000 000
0024 205 119 246 167 000 000 000 000
0025 202 112 243 161 000 000 000 000
0026 204 077 254 143 105 132 153 183
0027 208 059 264 126 118 071 164 131
0028 205 061 265 131 114 062 165 127
0029 191 080 251 152 105 081 166 141
0030 160 176 221 225 073 176 140 221
0031 155 182 215 232 063 195 134 233
0032 155 180 216 229 066 190 135 229
0033 073 188 138 226 157 183 219 233
0034 162 182 223 234 073 191 141 227
0035 162 182 222 235 073 190 141 226
0036 163 186 221 236 074 188 139 225
0037 075 193 137 238 165 203 213 239
0038 081 212 137 239 167 219 212 239
