0004 169 199 221 239 000 000 000 000
0005 191 135 230 186 000 000 000 000
0006 201 085 246 139 000 000 000 000
0007 208 062 249 124 000 000 000 000
0008 214 039 254 100 000 000 000 000
0009 219 031 251 091 000 000 000 000
0010 220 024 253 086 000 000 000 000
0011 222 024 257 084 000 000 000 000
0012 223 023 256 080 000 000 000 000
0013 225 024 256 087 000 000 000 000
0014 221 027 254 089 000 000 000 000
0015 218 030 247 097 000 000 000 000
0016 202 043 235 100 000 000 000 000
0017 194 049 232 112 000 000 000 000
0018 180 069 223 115 000 000 000 000
0019 178 071 223 116 000 000 000 000
0020 180 071 227 116 000 000 000 000
0021 189 070 233 117 000 000 000 000
0022 201 064 243 115 000 000 000 000
0023 217 058 260 114 000 000 000 000
0024 229 055 265 108 000 000 000 000
0025 234 052 274 112 000 000 000 000
0026 237 050 277 109 000 000 000 000
0027 237 057 277 114 000 000 000 000
0028 234 059 272 117 000 000 000 000
0029 231 062 265 120 000 000 000 000
0030 222 073 259 126 000 000 000 000
0031 215 082 251 131 000 000 000 000
0032 198 099 241 143 000 000 000 000
0033 193 106 234 145 000 000 000 000
0034 192 106 232 146 000 000 000 000
0035 194 110 233 147 000 000 000 000
0036 193 111 233 148 000 000 000 000
0037 194 111 234 150 000 000 000 000
0038 194 107 236 148 000 000 000 000
0039 112 173 177 223 198 102 240 143
0040 124 126 184 165 203 086 248 139
0041 209 074 258 130 134 090 194 138
0042 215 063 266 120 143 065 205 114
0043 221 056 269 115 153 060 219 106
0044 155 052 215 105 220 054 269 115
0045 157 051 216 104 221 052 271 113
0046 220 054 271 113 159 052 221 103
0047 220 054 271 114 159 052 221 104
0048 220 054 272 115 158 054 218 107
0049 151 063 218 114 218 056 270 120
0050 207 083 264 145 142 085 209 132
0051 131 122 203 163 194 130 246 177
0052 194 143 243 191 124 143 196 176
0053 191 148 243 190 124 146 195 179
0054 189 148 240 189 126 144 195 176
0055 189 145 246 188 126 145 195 178
0056 189 145 244 192 127 147 196 179
0057 189 145 243 192 126 145 195 177
0058 189 145 241 192 125 145 196 177
0059 188 146 239 192 126 147 195 179
0060 191 146 240 193 122 147 197 178
0061 191 146 239 192 127 147 195 179
0062 187 146 239 195 122 150 199 181
0063 191 149 240 194 124 152 194 185
0064 186 152 233 199 120 154 190 193
0065 183 162 232 212 119 171 184 208
0066 176 183 224 234 109 200 173 237
0067 167 210 215 239 000 000 000 000
