0012 195 185 238 236 000 000 000 000
0013 201 209 247 239 193 175 244 226
0014 154 158 220 196 000 000 000 000
0015 118 126 209 161 000 000 000 000
0016 092 117 190 151 000 000 000 000
0017 077 110 169 149 000 000 000 000
0018 066 114 167 149 000 000 000 000
0019 062 111 159 149 000 000 000 000
0020 059 113 159 153 000 000 000 000
0021 054 119 151 154 000 000 000 000
0022 053 116 148 158 000 000 000 000
0023 053 116 148 158 000 000 000 000
0024 054 117 143 157 000 000 000 000
0025 053 117 145 157 000 000 000 000
0026 052 119 145 155 000 000 000 000
0027 053 119 145 155 000 000 000 000
0028 055 120 145 154 000 000 000 000
0029 054 120 145 157 000 000 000 000
0030 055 122 143 158 000 000 000 000
0031 060 119 154 154 000 000 000 000
0032 067 121 164 156 000 000 000 000
0033 081 123 164 161 000 000 000 000
0034 099 139 165 187 000 000 000 000
0035 114 166 169 225 000 000 000 000
0036 130 204 187 239 000 000 000 000
