0004 180 224 212 239 000 000 000 000
0005 156 210 210 239 000 000 000 000
0006 149 197 211 237 000 000 000 000
0007 150 187 211 222 000 000 000 000
0008 143 181 208 212 000 000 000 000
0009 141 178 207 207 000 000 000 000
0010 141 174 207 206 000 000 000 000
0011 144 169 208 201 000 000 000 000
0012 143 166 209 197 000 000 000 000
0013 143 162 209 195 000 000 000 000
0014 144 161 208 193 000 000 000 000
0015 144 161 210 192 000 000 000 000
0016 145 159 209 193 000 000 000 000
0017 142 158 208 191 000 000 000 000
0018 142 156 208 190 000 000 000 000
0019 143 156 208 187 000 000 000 000
0020 144 155 209 187 000 000 000 000
0021 144 154 208 186 000 000 000 000
0022 142 151 209 187 000 000 000 000
0023 145 150 209 185 000 000 000 000
0024 144 151 209 185 000 000 000 000
0025 144 151 208 182 000 000 000 000
0026 140 152 209 185 000 000 000 000
0027 143 152 210 183 000 000 000 000
0028 147 151 213 184 000 000 000 000
0029 149 149 214 182 000 000 000 000
0030 151 150 214 182 000 000 000 000
0031 153 148 216 180 000 000 000 000
0032 156 151 218 186 000 000 000 000
0033 160 153 222 187 000 000 000 000
0034 163 152 221 188 000 000 000 000
0035 167 151 227 186 000 000 000 000
0036 169 151 233 183 000 000 000 000
0037 170 151 231 181 000 000 000 000
0038 169 150 231 181 000 000 000 000
0039 167 149 231 180 000 000 000 000
0040 167 150 232 182 000 000 000 000
0041 169 149 232 182 000 000 000 000
0042 169 149 233 183 000 000 000 000
0043 170 149 235 182 000 000 000 000
0044 171 149 235 182 000 000 000 000
0045 171 149 235 181 000 000 000 000
0046 171 149 235 181 000 000 000 000
0047 168 151 236 183 000 000 000 000
0048 168 155 234 188 000 000 000 000
0049 166 164 226 199 000 000 000 000
0050 161 182 217 223 000 000 000 000
0051 156 209 212 239 000 000 000 000
0052 176 223 210 239 000 000 000 000
