0001 126 218 174 237 000 000 000 000
0002 120 196 185 239 000 000 000 000
0003 128 173 189 225 000 000 000 000
0004 128 148 194 196 000 000 000 000
0005 132 128 199 172 000 000 000 000
0006 126 113 203 152 000 000 000 000
0007 128 106 201 138 000 000 000 000
0008 130 099 203 126 000 000 000 000
0009 128 094 199 121 000 000 000 000
0010 128 086 201 112 000 000 000 000
0011 126 082 201 113 000 000 000 000
0012 125 083 197 111 000 000 000 000
0013 124 084 199 112 000 000 000 000
0014 123 087 205 114 000 000 000 000
0015 124 087 203 114 000 000 000 000
0016 127 087 203 119 000 000 000 000
0017 126 086 202 117 000 000 000 000
0018 125 086 199 114 000 000 000 000
0019 123 094 199 120 000 000 000 000
0020 126 104 193 135 000 000 000 000
0021 128 120 188 161 000 000 000 000
0022 126 144 181 190 000 000 000 000
0023 112 180 177 232 000 000 000 000
0024 110 197 168 239 000 000 000 000
0025 110 215 164 238 000 000 000 000
