0003 181 204 247 239 000 000 000 000
0004 200 191 258 224 000 000 000 000
0005 203 177 271 209 000 000 000 000
0006 208 169 278 199 000 000 000 000
0007 214 164 279 196 000 000 000 000
0008 214 159 283 195 000 000 000 000
0009 213 161 279 191 000 000 000 000
0010 213 160 284 189 000 000 000 000
0011 212 160 284 190 000 000 000 000
0012 214 160 281 190 000 000 000 000
0013 214 159 281 189 000 000 000 000
0014 213 160 279 189 000 000 000 000
0015 214 160 279 189 000 000 000 000
0016 216 161 283 190 000 000 000 000
0017 216 171 270 209 000 000 000 000
0018 200 190 251 234 000 000 000 000
0019 166 213 209 239 000 000 000 000
