0009 104 216 158 239 000 000 000 000
0010 088 199 153 238 000 000 000 000
0011 083 190 147 233 000 000 000 000
0012 077 177 145 218 000 000 000 000
0013 072 168 139 204 000 000 000 000
0014 067 159 134 194 000 000 000 000
0015 064 149 137 184 000 000 000 000
0016 056 143 133 177 000 000 000 000
0017 055 141 132 176 000 000 000 000
0018 060 140 132 173 000 000 000 000
0019 053 137 132 171 000 000 000 000
0020 056 139 127 171 000 000 000 000
0021 052 139 130 171 000 000 000 000
0022 053 139 128 171 000 000 000 000
0023 054 139 128 171 000 000 000 000
0024 054 140 128 172 000 000 000 000
0025 053 140 128 172 000 000 000 000
0026 054 137 129 171 000 000 000 000
0027 054 137 129 171 000 000 000 000
0028 054 137 129 171 000 000 000 000
0029 056 138 125 170 000 000 000 000
0030 056 138 126 170 000 000 000 000
0031 058 140 137 172 000 000 000 000
0032 073 154 136 191 000 000 000 000
0033 084 165 138 203 000 000 000 000
0034 098 201 150 238 000 000 000 000
0035 106 211 154 239 000 000 000 000
