0006 170 220 204 239 000 000 000 000
0007 183 202 241 239 000 000 000 000
0008 194 173 259 214 000 000 000 000
0009 202 156 269 189 000 000 000 000
0010 207 146 279 175 000 000 000 000
0011 206 140 273 169 000 000 000 000
0012 209 137 281 165 000 000 000 000
0013 209 135 274 164 000 000 000 000
0014 208 134 273 164 000 000 000 000
0015 209 134 273 164 000 000 000 000
0016 209 133 274 164 000 000 000 000
0017 207 135 275 164 000 000 000 000
0018 208 134 275 164 000 000 000 000
0019 205 135 275 166 000 000 000 000
0020 207 135 276 166 000 000 000 000
0021 208 135 275 165 000 000 000 000
0022 205 135 276 166 000 000 000 000
0023 207 137 274 166 000 000 000 000
0024 206 143 272 175 000 000 000 000
0025 194 157 261 201 000 000 000 000
0026 185 190 233 238 000 000 000 000
0027 167 218 203 237 000 000 000 000
