0003 155 223 187 239 000 000 000 000
0004 142 198 194 239 000 000 000 000
0005 130 168 187 227 000 000 000 000
0006 124 145 180 191 000 000 000 000
0007 118 132 172 168 000 000 000 000
0008 114 120 171 155 000 000 000 000
0009 111 116 165 147 000 000 000 000
0010 110 109 167 139 000 000 000 000
0011 110 108 164 134 000 000 000 000
0012 108 110 164 138 000 000 000 000
0013 108 108 165 139 000 000 000 000
0014 107 109 164 138 000 000 000 000
0015 106 110 160 138 000 000 000 000
0016 108 113 158 140 000 000 000 000
0017 108 112 163 140 000 000 000 000
0018 108 109 163 139 000 000 000 000
0019 108 108 163 139 000 000 000 000
0020 107 110 164 138 000 000 000 000
0021 110 111 163 140 000 000 000 000
0022 111 118 165 153 000 000 000 000
0023 115 133 163 179 000 000 000 000
0024 119 157 168 207 000 000 000 000
0025 121 192 172 239 000 000 000 000
