0007 126 223 161 239 000 000 000 000
0008 110 216 161 239 000 000 000 000
0009 092 194 161 235 000 000 000 000
0010 087 183 155 220 000 000 000 000
0011 083 170 151 206 000 000 000 000
0012 073 158 147 194 000 000 000 000
0013 073 144 149 182 000 000 000 000
0014 062 141 148 175 000 000 000 000
0015 061 138 144 176 000 000 000 000
0016 056 134 144 168 000 000 000 000
0017 058 130 142 167 000 000 000 000
0018 061 134 139 168 000 000 000 000
0019 061 135 140 169 000 000 000 000
0020 055 131 141 169 000 000 000 000
0021 059 130 142 169 000 000 000 000
0022 055 132 145 169 000 000 000 000
0023 052 135 149 170 000 000 000 000
0024 060 131 142 169 000 000 000 000
0025 060 133 146 172 000 000 000 000
0026 052 133 145 170 000 000 000 000
0027 053 133 145 170 000 000 000 000
0028 057 136 135 169 000 000 000 000
0029 054 133 144 169 000 000 000 000
0030 057 136 133 170 000 000 000 000
0031 056 136 135 171 000 000 000 000
0032 053 132 143 170 000 000 000 000
0033 053 133 143 170 000 000 000 000
0034 061 131 139 170 000 000 000 000
0035 059 137 132 171 000 000 000 000
0036 055 131 141 171 000 000 000 000
0037 054 131 145 170 000 000 000 000
0038 064 139 143 173 000 000 000 000
0039 075 153 136 192 000 000 000 000
0040 092 187 143 233 000 000 000 000
0041 111 210 162 239 000 000 000 000
