0000 109 221 132 239 203 224 226 239
0001 109 220 132 239 203 224 226 239
0002 111 222 131 239 203 224 226 239
0003 110 221 132 239 203 224 226 239
0004 111 222 131 239 208 223 231 239
0005 211 209 241 239 110 220 130 237
0006 219 178 259 215 111 220 130 237
0007 216 149 258 176 112 223 131 239
0008 217 125 260 155 110 221 129 237
0009 218 114 261 143 107 221 126 239
0010 218 112 263 143 106 216 126 239
0011 218 113 263 142 110 220 129 237
0012 219 114 264 143 110 221 129 238
0013 220 114 264 144 106 216 131 238
0014 221 117 265 145 107 219 128 239
0015 221 121 264 150 106 216 130 238
0016 215 139 260 171 107 216 131 238
0017 218 156 262 182 107 219 131 239
0018 225 169 269 194 106 217 129 238
0019 225 169 266 196 105 217 129 238
0020 225 178 269 201 106 215 131 238
0021 221 186 267 208 107 216 131 237
0022 225 188 266 217 107 216 131 238
0023 226 196 265 223 107 216 130 238
0024 225 198 265 228 107 217 130 238
0025 226 201 267 229 108 217 130 237
0026 225 200 268 229 107 215 127 239
0027 226 197 266 228 109 220 129 238
0028 225 196 267 228 107 215 126 239
0029 226 197 267 228 108 216 131 237
0030 226 199 267 229 108 218 132 239
0031 223 201 264 234 108 219 132 239
0032 210 212 244 239 109 217 133 237
0033 109 215 129 239 207 222 229 239
0034 109 215 129 239 198 222 221 239
0035 108 223 131 239 201 223 225 239
0036 108 216 130 237 206 223 227 238
0037 109 216 132 238 208 224 229 239
0038 110 222 132 239 205 223 227 238
