0000 116 212 133 237 176 217 200 239
0001 113 214 137 239 178 217 201 239
0002 116 213 133 237 178 219 201 239
0003 117 213 135 237 179 220 201 239
0004 117 213 135 238 178 220 201 239
0005 117 213 135 237 177 220 200 239
0006 117 212 134 237 175 219 199 239
0007 174 218 199 239 117 213 135 237
0008 173 212 200 239 117 213 134 237
0009 174 207 200 235 114 209 137 237
0010 181 187 209 218 114 210 137 237
0011 194 156 224 186 114 210 137 237
0012 115 210 135 238 201 131 228 158
0013 206 090 230 122 117 212 134 235
0014 200 053 227 090 117 214 134 236
0015 195 032 220 070 115 211 135 238
0016 189 025 216 065 115 213 133 236
0017 181 027 205 062 113 210 135 237
0018 180 034 209 072 114 214 136 239
0019 180 054 209 095 113 214 132 239
0020 183 075 209 111 116 214 134 235
0021 184 110 209 146 117 213 134 236
0022 113 213 132 239 181 146 207 177
0023 180 170 205 199 114 214 132 239
0024 182 174 210 210 115 212 132 236
0025 184 166 210 198 113 212 130 236
0026 192 118 221 145 111 214 129 238
0027 190 085 217 115 112 214 129 237
0028 187 036 213 077 111 213 129 238
0029 180 014 205 053 113 214 130 239
0030 171 015 194 049 113 214 131 239
0031 167 015 191 051 117 213 135 238
0032 162 016 188 051 112 210 136 238
0033 162 017 191 056 110 208 136 239
0034 169 033 197 075 112 214 130 239
0035 173 061 197 092 111 212 130 238
0036 112 213 128 238 177 123 202 154
0037 170 164 197 196 113 212 130 236
0038 111 207 130 237 177 182 204 210
0039 182 164 211 192 112 208 128 236
0040 109 210 127 231 191 105 222 132
0041 189 053 215 089 110 208 126 235
0042 187 027 213 068 110 209 127 236
0043 179 010 205 049 111 212 129 236
0044 176 010 203 049 112 213 129 238
0045 169 014 197 049 113 212 132 235
0046 170 024 198 066 112 214 128 236
0047 175 059 204 096 109 214 126 238
0048 108 210 124 236 185 143 208 172
0049 177 186 202 223 108 212 125 232
0050 174 208 198 239 109 212 126 232
0051 109 207 130 234 174 213 198 238
0052 112 208 129 235 175 221 196 239
0053 115 209 131 234 172 221 196 239
0054 111 206 134 235 178 217 201 239
0055 112 206 135 237 179 218 201 239
0056 113 212 131 238 180 218 202 239
0057 107 207 132 236 178 217 200 239
0058 111 209 131 238 172 216 197 239
0059 111 209 131 238 174 215 196 236
0060 112 212 131 239 170 212 199 239
