0000 081 196 110 231 180 186 198 217
0001 094 198 114 230 186 187 206 217
0002 289 159 310 222 098 197 122 231
0003 099 197 121 228 288 160 309 222
0004 100 196 123 230 289 161 308 222
0005 104 195 127 230 186 188 206 221
0006 106 195 131 228 185 192 202 219
0007 107 195 132 227 288 160 310 227
0008 106 199 131 231 189 189 211 224
0009 104 202 130 235 288 160 310 228
0010 100 204 127 237 288 158 310 222
0011 101 208 130 236 288 160 309 227
0012 153 148 184 179 107 212 138 239
0013 129 127 169 154 118 211 145 236
0014 128 207 153 235 111 113 151 138
0015 102 105 143 132 138 201 162 232
0016 099 104 139 126 149 195 172 225
0017 101 106 139 129 289 158 311 218
0018 103 105 140 130 289 160 310 219
0019 106 111 149 145 289 160 310 223
0020 121 133 157 172 162 196 183 225
0021 129 143 171 183 289 159 309 221
0022 131 143 169 182 164 195 188 225
0023 130 143 169 183 168 194 191 222
0024 134 144 167 184 168 190 189 222
0025 131 143 169 184 166 189 187 222
0026 129 144 169 186 164 193 187 222
0027 130 145 169 184 164 195 187 224
0028 131 144 169 185 163 194 188 227
0029 130 145 167 186 165 196 184 225
0030 129 144 168 184 166 196 186 222
0031 157 193 183 227 131 142 168 176
0032 143 202 169 230 150 151 174 185
0033 127 204 154 233 160 167 177 196
0034 104 213 135 236 167 180 185 210
0035 080 213 109 237 170 187 188 216
0036 067 202 100 236 286 159 309 221
