0000 099 188 122 224 185 190 204 225
0001 099 188 123 225 000 000 000 000
0002 098 186 126 225 185 192 204 225
0003 098 182 128 216 183 188 204 223
0004 103 174 134 210 186 192 206 225
0005 112 158 156 196 178 188 202 224
0006 113 159 151 193 176 184 202 222
0007 120 152 157 187 164 171 194 210
0008 125 150 160 188 159 151 185 185
0009 131 150 161 186 144 131 177 153
0010 130 149 166 190 131 105 177 134
0011 134 148 165 189 123 095 165 122
0012 135 149 165 189 116 097 157 122
0013 135 148 166 191 111 106 145 150
0014 135 149 166 191 111 110 148 148
0015 135 150 166 191 110 110 146 151
0016 135 152 165 192 112 108 147 149
0017 136 155 166 194 112 098 154 124
0018 136 155 165 194 112 111 147 156
0019 135 153 166 193 112 111 148 157
0020 133 150 171 191 110 106 155 143
0021 133 149 170 190 110 106 152 143
0022 133 150 170 190 112 111 152 150
0023 136 151 165 186 119 122 155 149
0024 129 149 166 189 128 128 170 153
0025 130 153 163 192 131 135 172 157
0026 129 140 172 190 000 000 000 000
0027 135 145 179 190 000 000 000 000
0028 154 148 189 181 129 151 158 192
0029 158 151 196 186 131 155 160 195
0030 162 154 203 190 129 156 158 195
0031 164 156 205 196 128 156 160 196
0032 125 155 155 197 167 158 209 203
0033 124 156 153 196 167 161 209 198
0034 123 154 153 196 166 160 209 206
0035 166 157 210 202 122 156 153 197
0036 167 160 210 207 122 157 151 197
0037 168 161 209 208 120 156 153 199
0038 169 162 211 214 119 155 148 195
0039 116 162 148 199 172 166 211 215
0040 175 170 214 215 112 167 146 203
0041 107 169 144 208 176 174 211 220
0042 179 181 213 220 101 175 135 211
0043 181 186 212 224 097 179 128 215
0044 094 182 122 217 182 191 210 228
0045 094 185 119 217 186 199 209 227
0046 095 185 119 221 186 197 208 228
0047 098 191 120 222 184 190 205 226
0048 098 192 118 223 184 195 205 226
0049 099 192 117 221 182 194 205 226
0050 098 191 117 223 185 196 205 228
0051 097 192 118 222 177 190 209 224
