0000 021 221 050 239 103 223 133 239
0001 016 221 046 239 105 224 137 239
0002 016 213 052 239 103 224 134 239
0003 011 210 051 239 103 223 133 239
0004 011 210 052 237 100 222 137 239
0005 013 209 048 237 100 223 135 239
0006 017 204 057 237 079 219 124 237
0007 034 198 066 236 067 186 108 228
0008 061 195 101 233 049 156 095 192
0009 086 182 126 221 037 146 092 178
0010 046 145 104 177 081 177 132 219
0011 058 146 118 185 086 174 136 213
0012 074 151 140 194 000 000 000 000
0013 088 146 141 196 000 000 000 000
0014 082 156 145 195 073 138 139 175
0015 098 157 148 196 055 129 115 162
0016 094 152 148 191 060 136 111 170
0017 094 153 149 192 073 138 120 177
0018 095 136 147 184 000 000 000 000
0019 094 154 153 193 079 135 106 174
0020 103 158 146 195 056 132 102 170
0021 096 156 141 196 050 131 106 164
0022 088 157 138 196 066 136 109 172
0023 080 156 141 196 077 142 126 176
0024 084 153 133 205 000 000 000 000
0025 079 163 137 207 071 173 102 218
0026 093 183 139 231 043 188 092 232
0027 088 211 137 238 011 211 052 239
0028 001 204 040 235 095 222 127 239
0029 000 213 031 237 000 000 000 000
0030 002 214 031 239 000 000 000 000
0031 009 221 036 239 000 000 000 000
0032 009 222 038 239 000 000 000 000
0033 013 221 042 239 000 000 000 000
0034 009 222 040 239 000 000 000 000
0035 009 221 038 239 000 000 000 000
0036 008 220 039 239 107 224 134 239
