0000 049 220 088 239 000 000 000 000
0001 051 209 098 239 114 222 145 239
0002 050 199 102 238 119 216 155 239
0003 055 192 107 239 119 184 157 230
0004 063 193 118 239 099 152 147 189
0005 075 185 142 239 066 131 124 161
0006 087 179 151 239 043 130 106 161
0007 102 171 159 224 014 133 081 177
0008 005 144 067 189 109 172 172 223
0009 001 148 064 194 107 177 173 227
0010 106 178 170 230 002 153 061 200
0011 006 150 059 199 105 176 167 232
0012 002 154 058 200 103 179 168 231
0013 002 152 059 199 104 178 166 232
0014 002 149 064 194 103 177 164 232
0015 093 182 152 236 013 142 079 183
0016 072 193 125 239 042 145 104 187
0017 071 162 123 206 051 202 109 234
0018 091 191 135 235 048 209 098 239
0019 052 211 099 236 103 215 143 239
0020 046 218 104 239 109 216 142 239
0021 051 215 102 239 111 222 142 239
0022 109 220 142 239 053 220 097 239
0023 109 221 142 239 053 221 092 237
0024 110 222 142 239 055 222 093 239
