0000 028 202 068 236 204 194 259 236
0001 033 196 069 230 205 195 259 236
0002 043 193 079 228 208 190 259 235
0003 057 190 092 227 205 196 260 236
0004 078 187 111 222 206 197 260 236
0005 081 184 124 226 209 192 258 235
0006 095 182 138 235 206 197 260 236
0007 100 195 148 237 206 197 259 235
0008 101 197 148 238 206 196 259 236
0009 103 200 149 239 205 197 259 235
0010 103 203 150 238 209 194 258 234
0011 203 195 260 236 111 207 151 238
0012 205 190 260 236 113 207 153 237
0013 207 183 259 237 117 204 155 238
0014 200 176 252 232 116 203 154 236
0015 202 158 246 223 120 200 158 239
0016 193 138 239 203 116 201 155 237
0017 189 129 236 189 117 203 156 239
0018 183 118 232 180 115 198 155 237
0019 177 113 226 173 114 198 156 239
0020 164 113 213 171 115 200 155 238
0021 157 112 208 165 116 201 154 236
0022 137 107 193 159 118 202 156 239
0023 124 105 182 154 116 203 156 238
0024 113 098 174 147 154 096 220 134
0025 112 103 166 147 122 207 154 237
0026 114 106 170 146 116 205 155 236
0027 116 112 170 151 118 204 156 239
0028 127 115 180 158 117 206 158 237
0029 128 118 187 160 117 205 155 238
0030 138 125 186 174 117 205 155 237
0031 148 131 199 178 186 109 246 151
0032 155 138 210 191 189 108 249 151
0033 163 140 214 196 197 109 248 152
0034 169 138 220 198 190 110 249 156
0035 168 132 213 191 119 204 161 239
0036 158 124 211 181 119 204 158 239
0037 159 122 206 176 118 202 157 238
0038 155 122 209 173 118 203 157 238
0039 155 113 213 162 115 202 157 237
0040 163 105 215 150 116 204 157 239
0041 170 097 216 143 120 202 156 235
0042 178 072 224 134 115 203 157 236
0043 183 053 216 127 118 202 159 239
0044 186 046 212 117 117 201 156 239
0045 185 037 209 109 120 201 156 235
0046 183 035 213 115 114 201 156 236
0047 184 039 214 117 114 202 156 236
0048 182 037 211 108 120 201 159 235
0049 187 035 216 108 118 199 157 239
0050 189 038 221 112 119 205 159 238
0051 189 034 218 109 119 203 160 239
0052 190 036 218 109 119 204 161 239
0053 190 038 219 111 119 202 159 234
0054 188 037 220 112 118 201 157 239
0055 189 037 220 112 118 201 159 234
0056 191 036 222 114 119 202 160 239
0057 188 036 221 114 118 202 158 239
0058 191 043 223 114 117 206 159 237
0059 190 063 225 128 118 202 163 238
0060 187 108 232 157 107 195 160 239
0061 099 194 151 239 185 136 239 180
0062 091 196 141 239 206 169 242 208
0063 087 199 142 238 198 185 257 231
0064 198 198 254 235 092 201 135 237
0065 200 197 257 234 090 203 136 238
0066 203 200 255 237 093 201 138 238
0067 198 197 257 236 093 203 139 237
0068 199 196 258 236 093 201 138 238
0069 198 195 259 236 091 202 137 238
