0009 144 214 185 236 000 000 000 000
0010 152 137 188 191 000 000 000 000
0011 142 074 180 132 000 000 000 000
0012 128 034 164 096 000 000 000 000
0013 121 029 160 088 000 000 000 000
0014 118 030 156 084 000 000 000 000
0015 121 029 158 084 000 000 000 000
0016 131 036 165 094 000 000 000 000
0017 143 055 177 116 000 000 000 000
0018 161 122 193 171 000 000 000 000
0019 161 196 196 234 000 000 000 000
0020 157 201 186 236 000 000 000 000
0021 159 195 190 231 000 000 000 000
0022 159 184 196 230 000 000 000 000
0023 160 167 199 218 000 000 000 000
0024 164 157 208 195 000 000 000 000
0025 163 149 209 183 000 000 000 000
0026 150 138 202 172 000 000 000 000
0027 132 126 181 163 000 000 000 000
0028 108 126 163 160 000 000 000 000
0029 105 129 159 163 000 000 000 000
0030 111 136 164 178 000 000 000 000
0031 127 139 167 184 000 000 000 000
0032 141 139 183 190 000 000 000 000
0033 145 140 193 193 000 000 000 000
0034 152 143 199 190 000 000 000 000
0035 150 142 194 185 000 000 000 000
0036 133 141 173 176 000 000 000 000
0037 125 140 168 174 000 000 000 000
0038 112 138 166 176 000 000 000 000
0039 108 139 163 176 000 000 000 000
0040 111 141 161 178 000 000 000 000
0041 112 142 165 182 000 000 000 000
0042 120 142 170 182 000 000 000 000
0043 122 142 170 181 000 000 000 000
0044 121 141 170 181 000 000 000 000
0045 119 144 168 183 000 000 000 000
0046 118 149 168 192 000 000 000 000
0047 120 180 170 234 000 000 000 000
0048 129 216 168 239 000 000 000 000
