0000 157 217 197 239 000 000 000 000
0001 145 171 191 227 000 000 000 000
0002 145 095 191 153 000 000 000 000
0003 156 057 184 126 000 000 000 000
0004 157 035 180 109 000 000 000 000
0005 144 042 168 110 000 000 000 000
0006 134 097 169 163 000 000 000 000
0007 130 112 171 175 000 000 000 000
0008 130 108 170 172 000 000 000 000
0009 130 108 172 168 000 000 000 000
0010 130 110 171 169 000 000 000 000
0011 120 116 173 167 000 000 000 000
0012 108 131 165 178 000 000 000 000
0013 092 147 156 187 000 000 000 000
0014 079 148 149 186 000 000 000 000
0015 102 143 165 183 000 000 000 000
0016 124 147 176 189 000 000 000 000
0017 117 151 170 196 000 000 000 000
0018 095 147 160 187 000 000 000 000
0019 090 146 161 182 000 000 000 000
0020 109 144 170 184 000 000 000 000
0021 115 145 173 195 000 000 000 000
0022 127 167 181 223 000 000 000 000
0023 148 208 196 239 000 000 000 000
