0000 181 180 205 206 135 178 161 211
0001 180 173 204 200 138 174 157 208
0002 178 162 199 188 140 167 161 198
0003 176 147 200 178 144 156 165 188
0004 175 135 198 168 143 141 170 175
0005 174 132 197 160 144 136 169 165
0006 150 126 174 149 175 119 201 150
0007 174 108 203 135 146 113 175 136
0008 145 105 176 126 174 098 205 123
0009 138 092 174 113 178 088 207 110
0010 185 069 210 092 138 075 163 100
0011 194 056 211 079 137 059 158 088
0012 130 047 150 076 200 047 220 074
0013 127 042 147 069 201 044 221 068
0014 122 042 144 072 205 043 225 068
0015 122 045 143 075 203 045 224 070
0016 124 043 145 071 205 045 225 069
0017 124 042 144 070 207 043 227 066
0018 120 043 143 075 204 042 224 065
0019 120 044 142 076 206 042 224 067
0020 120 044 142 077 207 045 227 068
0021 120 044 142 076 207 044 227 067
0022 120 044 142 076 207 044 226 068
0023 122 045 143 075 207 043 226 068
0024 122 044 143 076 208 043 225 067
0025 121 045 143 076 206 044 226 069
0026 122 045 142 074 206 046 225 070
0027 124 046 142 075 204 049 223 073
0028 123 055 145 084 196 053 217 080
0029 129 060 150 089 190 060 212 086
0030 135 074 156 101 182 077 205 102
0031 176 100 202 127 143 094 166 121
0032 149 109 173 137 175 112 199 138
0033 176 129 200 149 150 118 176 146
0034 152 132 175 154 177 139 200 162
0035 176 151 202 177 153 144 175 166
0036 145 154 172 178 175 165 202 190
0037 149 164 174 190 176 174 202 198
0038 144 175 171 200 179 182 204 205
0039 180 183 206 207 145 184 168 206
0040 181 182 206 206 142 178 170 206
0041 181 182 206 206 141 178 171 206
