0000 045 173 076 200 230 150 264 177
0001 043 155 077 183 217 139 263 165
0002 220 113 262 149 038 129 071 158
0003 043 097 072 127 221 075 256 115
0004 047 075 076 107 287 161 312 224
0005 055 049 087 087 290 159 311 223
0006 204 027 225 073 063 035 097 067
0007 072 031 104 061 195 024 221 064
0008 185 027 213 064 081 026 111 058
0009 180 027 208 060 084 029 113 058
0010 180 028 210 062 086 026 114 057
0011 180 029 208 063 087 029 115 058
0012 181 028 212 061 088 030 119 058
0013 181 028 210 062 088 026 118 059
0014 181 028 210 062 088 030 118 059
0015 184 027 215 061 088 027 118 058
0016 188 024 213 056 088 030 119 060
0017 187 027 214 061 087 031 117 062
0018 089 029 118 059 189 022 213 060
0019 089 029 111 058 286 159 309 219
0020 086 026 111 058 189 024 211 055
0021 187 022 218 062 089 025 113 057
0022 182 019 210 062 093 025 119 059
0023 173 017 212 066 097 025 124 059
0024 176 021 208 065 097 026 126 059
0025 165 021 206 063 098 027 128 057
0026 169 022 202 064 099 029 128 061
0027 164 021 204 065 099 029 128 062
0028 166 022 200 065 099 027 128 062
0029 167 024 201 064 101 027 128 061
0030 169 024 201 063 101 028 130 062
0031 166 021 206 062 101 033 126 063
0032 165 022 206 064 103 028 131 061
0033 168 025 201 064 103 028 131 062
0034 167 024 201 064 103 028 131 063
0035 167 025 200 064 103 029 131 063
0036 168 025 200 066 103 029 131 062
0037 166 023 200 067 104 027 131 063
0038 167 024 200 067 104 029 131 062
0039 169 026 200 065 104 029 131 061
0040 165 026 207 067 104 027 132 062
0041 170 027 200 064 103 032 127 062
0042 167 026 208 068 103 029 132 062
0043 167 027 208 067 103 029 131 062
0044 167 027 208 067 104 030 131 064
0045 102 031 131 066 170 029 197 066
0046 103 030 132 065 169 029 196 067
0047 170 029 196 066 100 030 127 061
0048 166 021 198 063 095 027 123 058
0049 171 026 203 063 089 027 118 062
0050 079 043 105 078 183 041 211 074
0051 193 068 222 106 072 070 095 106
0052 066 092 093 130 204 090 227 121
0053 061 121 086 155 216 126 240 148
0054 047 137 074 162 233 131 260 160
0055 235 133 275 158 035 139 061 165
0056 021 139 047 157 246 130 281 161
0057 023 139 048 160 243 131 276 160
0058 022 142 051 165 287 163 312 225
0059 028 146 056 167 286 163 312 225
0060 029 149 056 166 286 161 312 224
0061 029 148 057 170 287 158 313 220
0062 030 148 058 170 285 153 312 224
0063 030 148 058 171 287 155 313 223
0064 032 149 058 172 289 157 308 225
0065 034 151 061 173 288 156 308 226
