0000 185 193 206 226 106 207 135 237
0001 121 191 142 214 186 175 206 201
0002 120 117 147 148 188 113 209 143
0003 182 072 208 105 110 074 134 099
0004 175 058 208 081 105 052 131 078
0005 182 044 212 069 104 041 127 067
0006 196 034 223 065 097 033 118 057
0007 088 033 111 064 210 039 232 069
0008 087 031 112 066 214 041 236 075
0009 089 034 112 063 213 040 233 072
0010 089 033 112 062 214 040 235 070
0011 212 036 234 073 091 034 112 062
0012 092 034 112 061 212 036 234 073
0013 091 033 115 062 210 035 232 068
0014 099 034 122 065 205 040 229 072
0015 186 058 216 086 109 057 133 078
0016 176 081 203 108 112 079 134 103
0017 174 096 201 129 125 102 146 122
0018 127 118 152 140 176 120 196 148
0019 118 162 156 191 183 164 205 192
0020 116 191 141 217 186 181 207 212
0021 106 207 131 234 191 189 209 219
0022 102 203 125 233 188 190 209 226
0023 098 203 121 235 193 195 211 227
0024 192 194 212 227 098 204 122 237
0025 104 207 124 235 192 194 212 226
0026 192 193 212 224 105 205 127 234
0027 192 193 211 225 106 207 128 231
