0010 112 216 166 239 000 000 000 000
0011 117 184 168 225 000 000 000 000
0012 117 164 171 204 000 000 000 000
0013 130 109 174 162 000 000 000 000
0014 136 085 175 145 000 000 000 000
0015 137 078 173 136 000 000 000 000
0016 137 073 175 131 000 000 000 000
0017 138 073 176 130 000 000 000 000
0018 136 069 178 129 000 000 000 000
0019 136 069 179 125 000 000 000 000
0020 136 069 179 129 000 000 000 000
0021 140 072 177 131 000 000 000 000
0022 140 071 177 132 000 000 000 000
0023 141 073 177 133 000 000 000 000
0024 140 072 176 131 000 000 000 000
0025 137 068 179 126 000 000 000 000
0026 137 070 178 126 000 000 000 000
0027 132 084 179 137 000 000 000 000
0028 131 102 183 151 000 000 000 000
0029 108 167 161 199 000 000 000 000
0030 108 200 163 239 000 000 000 000
0031 125 216 169 239 000 000 000 000
