0000 128 208 164 239 074 209 103 235
0001 129 208 165 239 074 209 103 235
0002 128 208 165 239 074 210 104 235
0003 129 208 165 239 074 209 103 234
0004 132 209 164 237 074 209 104 234
0005 132 205 166 236 074 209 104 234
0006 134 199 171 232 074 206 104 233
0007 140 181 176 215 074 209 104 235
0008 074 209 104 234 151 152 173 192
0009 157 118 184 175 072 207 106 234
0010 160 089 185 142 074 206 101 234
0011 170 084 194 132 073 206 104 235
0012 173 072 198 114 074 206 104 233
0013 175 058 203 103 075 210 103 235
0014 179 054 206 093 074 210 103 235
0015 178 043 207 087 074 206 103 233
0016 179 042 206 082 074 206 104 234
0017 179 042 207 084 074 206 103 233
0018 179 042 207 082 074 210 103 235
0019 179 041 207 081 074 206 104 233
0020 178 038 208 082 074 209 103 235
0021 178 039 208 082 072 210 103 238
0022 179 037 208 080 074 207 104 234
0023 179 039 207 080 074 206 104 233
0024 179 040 208 081 074 209 103 235
0025 177 039 204 077 074 208 103 235
0026 177 040 205 077 074 209 103 235
0027 178 040 205 078 074 209 103 235
0028 179 040 208 081 074 209 104 236
0029 179 041 208 085 074 209 104 235
0030 181 048 207 093 074 209 104 236
0031 177 079 200 118 074 209 104 235
0032 074 209 103 235 169 093 195 142
0033 163 134 189 177 074 209 103 235
0034 074 209 103 235 151 164 176 197
0035 143 175 168 205 075 210 103 235
0036 137 193 166 217 074 209 103 235
0037 129 208 167 236 074 210 104 235
0038 130 209 168 236 074 206 104 234
0039 130 211 167 236 071 210 103 238
0040 130 211 167 236 071 210 103 238
0041 130 211 167 236 071 209 103 238
0042 130 211 167 236 071 210 103 238
0043 130 211 167 236 074 207 103 234
0044 130 211 167 236 074 206 103 234
0045 130 211 167 236 071 210 103 238
