0006 170 182 206 235 000 000 000 000
0007 150 111 197 178 000 000 000 000
0008 138 086 183 143 000 000 000 000
0009 129 072 180 129 000 000 000 000
0010 128 075 176 132 000 000 000 000
0011 129 076 177 135 000 000 000 000
0012 132 077 177 136 000 000 000 000
0013 132 077 177 136 000 000 000 000
0014 132 077 178 136 000 000 000 000
0015 132 077 178 136 000 000 000 000
0016 130 077 178 133 000 000 000 000
0017 134 077 177 138 000 000 000 000
0018 134 096 182 157 000 000 000 000
0019 145 135 184 209 000 000 000 000
