0003 205 166 246 214 000 000 000 000
0004 221 116 264 164 000 000 000 000
0005 229 082 270 133 000 000 000 000
0006 229 069 272 119 000 000 000 000
0007 230 056 276 102 000 000 000 000
0008 231 055 277 100 000 000 000 000
0009 229 055 276 101 000 000 000 000
0010 229 053 275 102 000 000 000 000
0011 230 052 276 100 000 000 000 000
0012 230 049 278 101 000 000 000 000
0013 231 048 277 100 000 000 000 000
0014 231 049 278 100 000 000 000 000
0015 231 047 279 101 000 000 000 000
0016 231 048 278 101 000 000 000 000
0017 231 048 277 101 000 000 000 000
0018 231 048 279 101 000 000 000 000
0019 232 050 279 103 000 000 000 000
0020 232 050 278 102 000 000 000 000
0021 232 050 278 102 000 000 000 000
0022 232 050 277 102 000 000 000 000
0023 231 049 277 103 000 000 000 000
0024 231 053 276 108 000 000 000 000
0025 230 060 273 119 000 000 000 000
0026 224 090 266 145 000 000 000 000
0027 206 156 249 204 000 000 000 000
0028 178 197 225 236 000 000 000 000
0029 161 222 202 239 000 000 000 000
