0005 154 204 177 234 000 000 000 000
0006 126 212 171 239 000 000 000 000
0007 126 170 179 234 000 000 000 000
0008 128 142 184 203 000 000 000 000
0009 127 122 178 183 000 000 000 000
0010 133 089 185 153 000 000 000 000
0011 140 077 186 143 000 000 000 000
0012 140 063 189 128 000 000 000 000
0013 137 050 186 118 000 000 000 000
0014 140 047 191 111 000 000 000 000
0015 137 040 190 102 000 000 000 000
0016 139 035 191 100 000 000 000 000
0017 139 036 191 100 000 000 000 000
0018 137 040 189 103 000 000 000 000
0019 138 041 189 103 000 000 000 000
0020 138 041 190 102 000 000 000 000
0021 138 039 191 103 000 000 000 000
0022 138 038 191 103 000 000 000 000
0023 141 042 191 104 000 000 000 000
0024 141 037 190 103 000 000 000 000
0025 143 045 200 109 000 000 000 000
0026 144 043 195 113 000 000 000 000
0027 142 046 191 120 000 000 000 000
0028 144 070 189 144 000 000 000 000
0029 149 110 188 172 000 000 000 000
0030 142 151 185 205 000 000 000 000
0031 130 196 177 239 000 000 000 000
