0000 123 206 172 238 000 000 000 000
0001 123 205 167 239 000 000 000 000
0002 123 203 164 238 000 000 000 000
0003 119 199 164 238 000 000 000 000
0004 115 188 162 234 000 000 000 000
0005 114 165 160 221 000 000 000 000
0006 109 139 164 202 000 000 000 000
0007 108 122 163 191 000 000 000 000
0008 109 106 156 181 000 000 000 000
0009 100 098 153 170 000 000 000 000
0010 101 092 152 164 000 000 000 000
0011 101 087 150 158 000 000 000 000
0012 099 088 154 163 000 000 000 000
0013 102 084 150 154 000 000 000 000
0014 100 087 151 154 000 000 000 000
0015 102 086 152 156 000 000 000 000
0016 100 086 152 156 000 000 000 000
0017 099 088 151 156 000 000 000 000
0018 100 090 151 158 000 000 000 000
0019 106 107 158 173 000 000 000 000
0020 118 141 171 207 000 000 000 000
0021 128 198 176 238 000 000 000 000
0022 144 219 175 237 000 000 000 000
0023 149 221 179 239 000 000 000 000
0025 148 218 174 238 000 000 000 000
0026 145 221 177 237 000 000 000 000
0027 148 221 177 239 000 000 000 000
0033 148 223 177 239 000 000 000 000
