0002 118 219 163 239 000 000 000 000
0003 117 211 162 239 037 222 065 239
0004 113 208 161 239 000 000 000 000
0005 111 198 165 236 036 223 067 239
0006 109 190 167 234 036 222 067 239
0007 108 180 170 225 036 222 067 239
0008 112 167 176 212 041 223 067 239
0009 114 154 177 197 000 000 000 000
0010 121 142 182 181 041 223 067 239
0011 127 110 189 156 045 224 071 239
0012 133 095 194 145 044 224 071 239
0013 138 074 196 133 000 000 000 000
0014 144 065 201 127 000 000 000 000
0015 152 061 203 115 000 000 000 000
0016 154 053 210 108 000 000 000 000
0017 162 048 216 106 000 000 000 000
0018 165 044 219 099 045 222 072 239
0019 169 042 219 096 044 221 072 239
0020 170 040 220 095 000 000 000 000
0021 170 039 221 093 000 000 000 000
0022 168 038 222 093 000 000 000 000
0023 171 039 220 094 000 000 000 000
0024 168 036 222 092 000 000 000 000
0025 169 040 220 095 000 000 000 000
0026 167 035 221 091 000 000 000 000
0027 168 037 222 089 000 000 000 000
0028 168 038 223 090 000 000 000 000
0029 167 035 221 090 000 000 000 000
0030 170 036 220 091 000 000 000 000
0031 170 036 219 091 000 000 000 000
0032 169 036 219 090 000 000 000 000
0033 168 036 218 090 000 000 000 000
0034 166 035 215 089 000 000 000 000
0035 165 036 216 091 000 000 000 000
0036 164 038 217 093 000 000 000 000
0037 165 045 214 101 000 000 000 000
0038 157 062 210 111 000 000 000 000
0039 148 085 203 131 000 000 000 000
0040 139 121 192 162 000 000 000 000
0041 127 163 183 207 000 000 000 000
0042 118 201 169 239 000 000 000 000
0043 119 215 167 238 000 000 000 000
0044 035 224 068 239 000 000 000 000
