0000 116 224 139 239 000 000 000 000
0001 104 216 127 236 000 000 000 000
0002 077 183 107 220 220 222 242 239
0003 064 122 098 151 219 219 250 237
0004 078 054 106 099 220 214 250 237
0005 090 027 119 072 213 207 246 237
0006 097 022 128 065 192 144 234 180
0007 189 092 231 146 098 021 129 066
0008 097 022 127 067 208 074 248 121
0009 096 021 127 067 224 069 272 115
0010 093 025 121 068 261 104 308 152
0011 091 026 120 068 259 164 302 193
0012 091 025 121 070 207 193 260 220
0013 095 025 124 066 168 171 221 202
0014 158 122 206 171 092 026 123 073
0015 171 094 217 138 093 026 123 074
0016 195 073 242 120 092 027 120 073
0017 226 073 273 126 090 028 120 074
0018 088 033 116 072 228 086 277 138
0019 224 086 272 140 088 033 117 074
0020 223 085 273 138 089 032 116 071
0021 221 082 272 137 089 029 119 078
0022 222 085 270 140 087 032 115 078
0023 220 092 264 148 085 040 112 087
0024 079 072 106 111 219 136 260 178
0025 063 150 097 179 215 201 251 235
0026 076 190 111 226 213 222 240 239
0027 105 220 128 239 214 221 236 239
0028 119 223 141 239 214 222 235 239
0029 116 221 144 239 000 000 000 000
0030 115 221 134 239 000 000 000 000
0031 110 220 136 239 000 000 000 000
0032 115 221 141 239 000 000 000 000
0033 116 223 142 239 000 000 000 000
0034 120 221 140 239 000 000 000 000
