0000 117 194 140 227 191 191 212 225
0001 117 194 140 226 190 190 212 225
0002 117 194 140 226 189 192 211 223
0003 122 197 139 223 185 188 211 227
0004 184 189 211 227 119 194 142 225
0005 184 189 211 227 120 193 143 222
0006 123 188 146 218 189 194 209 227
0007 126 177 151 206 188 188 213 223
0008 176 169 204 201 135 149 165 175
0009 163 153 193 178 143 125 174 153
0010 144 138 181 157 154 106 187 131
0011 167 105 195 126 133 129 168 145
0012 168 100 191 121 129 127 162 144
0013 162 105 189 125 133 129 170 146
0014 150 105 176 125 153 132 190 149
0015 142 102 166 121 161 132 194 150
0016 144 105 173 127 157 129 194 150
0017 152 105 181 127 149 129 187 146
0018 162 106 190 126 134 129 174 147
0019 163 106 190 128 128 128 163 144
0020 160 106 188 126 135 127 170 142
0021 146 104 180 127 143 127 182 142
0022 138 106 168 128 161 131 197 148
0023 143 103 173 127 158 129 197 152
0024 147 129 185 146 150 105 175 124
0025 153 101 186 126 142 128 179 145
0026 162 106 191 126 132 126 163 144
0027 160 107 192 126 133 127 167 146
0028 154 109 184 132 141 133 180 151
0029 162 137 201 161 143 123 171 143
0030 183 155 220 187 127 147 156 173
0031 118 169 143 197 196 175 219 205
0032 115 191 135 217 199 189 219 223
0033 111 197 133 226 198 193 217 230
