0000 183 198 202 229 112 200 131 231
0001 179 200 202 232 112 197 136 231
0002 179 199 201 233 112 201 132 231
0003 179 198 201 233 112 200 133 230
0004 178 196 204 233 114 198 132 223
0005 182 186 209 223 109 182 131 210
0006 174 162 205 193 110 157 138 185
0007 120 122 151 147 160 128 197 156
0008 132 099 162 121 149 116 189 138
0009 142 117 180 132 143 092 175 113
0010 152 093 181 112 128 114 162 130
0011 132 111 169 130 152 092 185 114
0012 141 114 177 132 139 093 174 114
0013 133 099 163 119 149 117 187 133
0014 131 099 169 118 152 116 190 137
0015 143 105 178 134 000 000 000 000
0016 127 113 164 132 153 101 183 121
0017 129 117 164 136 157 100 181 119
0018 138 099 175 123 139 116 175 134
0019 136 103 163 120 149 120 187 140
0020 129 102 160 121 158 123 194 145
0021 135 102 165 123 155 121 193 144
0022 139 123 178 142 139 098 173 118
0023 127 125 163 142 154 099 183 119
0024 124 116 155 136 153 101 183 120
0025 137 100 173 122 129 121 165 139
0026 143 128 182 144 130 104 164 129
0027 115 122 147 149 161 143 193 163
0028 110 148 135 178 176 166 204 195
0029 187 188 208 222 109 170 130 205
0030 109 189 127 218 188 196 207 232
