0000 202 190 223 223 122 189 145 224
0001 202 191 221 222 120 188 145 223
0002 200 190 223 223 120 187 144 222
0003 198 189 220 222 121 188 145 223
0004 124 186 148 218 195 185 219 219
0005 185 172 213 204 130 176 157 209
0006 173 160 203 189 137 171 165 197
0007 155 135 191 157 153 158 188 185
0008 163 148 195 173 126 112 173 155
0009 171 143 203 167 135 120 178 144
0010 180 145 209 170 000 000 000 000
0011 181 143 210 166 000 000 000 000
0012 182 143 210 167 000 000 000 000
0013 177 140 207 165 133 120 170 143
0014 170 140 205 163 131 124 177 143
0015 160 135 199 157 121 112 162 152
0016 123 109 167 150 163 132 195 152
0017 164 132 198 154 126 111 168 148
0018 170 131 202 153 170 117 209 143
0019 172 132 207 156 132 121 179 147
0020 180 133 210 156 165 112 211 139
0021 180 132 213 159 000 000 000 000
0022 180 134 210 158 133 113 167 135
0023 171 134 207 156 170 116 214 137
0024 162 127 202 151 000 000 000 000
0025 116 110 162 156 160 122 194 146
0026 121 112 163 155 159 125 192 147
0027 120 112 168 156 163 125 193 148
0028 166 129 203 152 132 117 173 148
0029 171 133 200 153 132 116 175 146
0030 168 132 208 156 169 116 215 141
0031 174 135 207 157 166 115 208 139
0032 176 141 206 162 000 000 000 000
0033 174 141 205 162 000 000 000 000
0034 175 137 205 163 000 000 000 000
0035 169 143 198 168 163 126 208 147
0036 160 150 189 177 123 113 181 151
0037 150 159 178 187 156 131 195 153
0038 140 166 168 195 167 139 208 161
0039 178 153 210 181 131 175 159 204
0040 123 181 149 217 194 173 220 209
0041 198 184 222 218 123 189 145 224
0042 203 194 225 223 119 194 142 228
0043 205 194 222 224 118 191 140 226
