0000 082 155 106 184 158 187 180 217
0001 082 155 107 185 157 187 181 217
0002 082 155 107 185 157 187 181 218
0003 084 154 107 183 157 187 181 217
0004 083 156 108 186 157 188 180 217
0005 083 157 108 186 157 186 181 217
0006 083 154 107 185 157 187 179 217
0007 082 156 107 186 157 187 180 217
0008 082 154 107 186 157 188 179 217
0009 083 151 107 183 157 188 179 217
0010 085 155 108 185 157 187 179 217
0011 086 156 109 187 157 188 179 217
0012 082 151 106 184 158 187 181 216
0013 085 154 108 186 159 187 181 216
0014 085 154 108 186 158 186 181 216
0015 086 155 108 187 158 187 181 216
0016 158 186 181 216 085 152 106 186
0017 086 154 108 186 158 186 181 216
0018 086 154 109 186 158 187 180 215
0019 081 151 105 184 156 172 182 209
0020 164 138 184 174 082 153 105 187
0021 161 073 186 113 086 156 108 188
0022 161 053 186 095 085 155 109 188
0023 156 042 184 085 086 156 109 187
0024 156 042 183 082 085 155 108 188
0025 156 044 183 084 086 155 108 189
0026 157 047 184 091 085 156 108 188
0027 162 086 187 126 086 155 108 187
0028 086 157 108 189 168 158 195 199
0029 161 182 184 218 086 156 109 188
0030 159 187 183 221 084 149 106 181
0031 161 188 183 219 083 151 108 184
0032 082 151 105 185 160 188 181 218
0033 086 155 109 188 160 185 178 216
0034 082 153 108 185 163 187 182 212
0035 083 152 110 185 160 185 180 214
