0000 142 216 174 239 000 000 000 000
0001 141 215 174 239 000 000 000 000
0002 139 213 174 239 000 000 000 000
0003 143 217 175 239 000 000 000 000
0004 144 213 178 237 000 000 000 000
0005 150 206 185 237 000 000 000 000
0006 162 195 200 237 000 000 000 000
0007 170 168 210 211 000 000 000 000
0008 183 137 225 189 000 000 000 000
0009 185 093 233 157 000 000 000 000
0010 186 073 228 145 000 000 000 000
0011 184 072 231 136 000 000 000 000
0012 186 059 228 128 000 000 000 000
0013 181 054 228 118 000 000 000 000
0014 185 048 226 109 000 000 000 000
0015 186 039 229 099 000 000 000 000
0016 185 032 230 093 000 000 000 000
0017 183 024 228 087 000 000 000 000
0018 181 025 225 083 000 000 000 000
0019 178 022 223 079 000 000 000 000
0020 179 024 223 080 000 000 000 000
0021 179 025 225 084 000 000 000 000
0022 180 028 225 085 000 000 000 000
0023 180 029 226 088 000 000 000 000
0024 182 029 222 091 000 000 000 000
0025 182 030 222 092 000 000 000 000
0026 182 032 227 090 000 000 000 000
0027 181 032 228 092 000 000 000 000
0028 182 034 227 095 000 000 000 000
0029 186 034 227 093 000 000 000 000
0030 183 037 222 098 000 000 000 000
0031 184 035 226 100 000 000 000 000
0032 183 036 222 098 000 000 000 000
0033 183 038 226 099 000 000 000 000
0034 184 040 228 102 000 000 000 000
0035 185 044 223 107 000 000 000 000
0036 185 062 231 125 000 000 000 000
0037 189 094 239 159 000 000 000 000
0038 180 159 225 208 000 000 000 000
0039 161 204 203 239 000 000 000 000
0040 156 223 184 239 000 000 000 000
