0000 148 224 180 239 000 000 000 000
0001 150 222 182 239 000 000 000 000
0002 146 214 183 239 000 000 000 000
0003 150 197 189 238 000 000 000 000
0004 157 175 199 216 000 000 000 000
0005 165 138 203 186 000 000 000 000
0006 169 101 209 163 000 000 000 000
0007 176 071 210 138 000 000 000 000
0008 171 053 209 118 000 000 000 000
0009 171 048 204 111 000 000 000 000
0010 170 044 208 106 000 000 000 000
0011 171 044 205 107 000 000 000 000
0012 171 044 205 106 000 000 000 000
0013 169 045 207 105 000 000 000 000
0014 169 044 208 105 000 000 000 000
0015 170 045 208 105 000 000 000 000
0016 170 045 208 106 000 000 000 000
0017 169 045 209 105 000 000 000 000
0018 171 045 204 106 000 000 000 000
0019 170 045 205 105 000 000 000 000
0020 171 044 205 105 000 000 000 000
0021 171 043 205 104 000 000 000 000
0022 169 042 209 101 000 000 000 000
0023 169 040 209 099 000 000 000 000
0024 170 039 205 100 000 000 000 000
0025 170 038 206 100 000 000 000 000
0026 171 038 205 100 000 000 000 000
0027 171 035 206 096 000 000 000 000
0028 169 034 210 093 000 000 000 000
0029 169 034 209 092 000 000 000 000
0030 170 034 211 092 000 000 000 000
0031 171 035 211 092 000 000 000 000
0032 170 033 210 092 000 000 000 000
0033 171 032 207 093 000 000 000 000
0034 170 033 210 091 000 000 000 000
0035 171 034 210 094 000 000 000 000
0036 172 036 210 100 000 000 000 000
0037 174 052 213 114 000 000 000 000
0038 178 091 219 146 000 000 000 000
0039 174 151 215 207 000 000 000 000
0040 153 197 196 237 000 000 000 000
0041 150 222 181 239 000 000 000 000
0042 153 224 184 239 000 000 000 000
0043 157 222 185 239 000 000 000 000
0044 154 224 186 239 000 000 000 000
0045 156 224 185 239 000 000 000 000
