0000 150 201 193 235 000 000 000 000
0001 182 153 222 210 000 000 000 000
0002 197 112 234 172 000 000 000 000
0003 203 091 240 153 000 000 000 000
0004 206 084 241 143 000 000 000 000
0005 206 083 239 140 000 000 000 000
0006 204 079 242 139 000 000 000 000
0007 205 080 243 140 000 000 000 000
0008 204 079 242 139 000 000 000 000
0009 205 080 242 140 000 000 000 000
0010 204 080 239 140 000 000 000 000
0011 205 079 242 139 000 000 000 000
0012 205 079 242 139 000 000 000 000
0013 204 085 242 143 000 000 000 000
0014 204 100 244 153 000 000 000 000
0015 194 133 230 182 000 000 000 000
0016 165 180 202 232 000 000 000 000
0017 140 220 176 239 000 000 000 000
