0000 112 223 147 239 000 000 000 000
0001 114 221 150 236 000 000 000 000
0002 126 207 165 239 000 000 000 000
0003 141 163 190 207 000 000 000 000
0004 151 099 194 151 000 000 000 000
0005 156 058 188 109 000 000 000 000
0006 154 045 185 099 000 000 000 000
0007 152 039 183 095 000 000 000 000
0008 154 043 184 098 000 000 000 000
0009 156 044 184 098 000 000 000 000
0010 156 046 187 100 000 000 000 000
0011 161 057 193 116 000 000 000 000
0012 152 088 189 147 000 000 000 000
0013 137 153 185 200 000 000 000 000
0014 109 194 149 233 000 000 000 000
0015 092 222 130 239 000 000 000 000
0017 099 223 138 239 000 000 000 000
