0004 161 221 192 239 000 000 000 000
0005 165 185 210 233 000 000 000 000
0006 177 142 221 197 000 000 000 000
0007 196 103 233 169 031 197 068 238
0008 198 080 244 142 000 000 000 000
0009 205 062 242 129 000 000 000 000
0010 203 050 241 115 000 000 000 000
0011 199 047 242 113 000 000 000 000
0012 197 041 240 105 000 000 000 000
0013 200 040 242 106 000 000 000 000
0014 200 037 242 103 000 000 000 000
0015 197 036 238 101 000 000 000 000
0016 197 038 237 101 000 000 000 000
0017 194 039 241 100 000 000 000 000
0018 194 040 242 101 000 000 000 000
0019 195 039 243 099 000 000 000 000
0020 197 038 238 101 000 000 000 000
0021 195 041 243 103 000 000 000 000
0022 197 048 236 113 000 000 000 000
0023 189 082 231 133 000 000 000 000
0024 178 131 219 171 000 000 000 000
0025 164 171 215 227 000 000 000 000
0026 161 208 206 239 000 000 000 000
