0007 117 206 173 239 000 000 000 000
0008 124 144 168 211 000 000 000 000
0009 127 095 165 167 000 000 000 000
0010 129 056 160 119 000 000 000 000
0011 126 043 156 104 000 000 000 000
0012 121 047 151 105 000 000 000 000
0013 120 051 150 112 000 000 000 000
0014 123 064 148 119 000 000 000 000
0015 117 071 144 128 000 000 000 000
0016 118 079 143 134 000 000 000 000
0017 118 078 144 131 000 000 000 000
0018 117 077 144 128 000 000 000 000
0019 117 083 148 140 000 000 000 000
0020 116 117 148 170 000 000 000 000
0021 123 171 158 227 000 000 000 000
0022 131 225 164 239 000 000 000 000
