0000 115 201 158 238 193 213 227 239
0001 116 201 158 238 192 214 227 239
0002 115 201 158 238 066 191 117 228
0003 115 201 157 238 193 219 225 239
0004 114 202 156 239 195 218 227 239
0005 114 202 157 239 067 191 114 228
0006 114 203 157 239 191 213 223 238
0007 113 203 157 238 193 189 226 236
0008 113 202 158 239 181 134 216 184
0009 113 201 158 239 177 093 212 152
0010 114 202 158 238 176 076 205 132
0011 114 203 157 238 167 067 204 130
0012 114 201 158 238 168 068 201 128
0013 114 203 157 238 167 066 201 126
0014 113 202 157 239 164 069 199 120
0015 113 202 157 238 164 072 196 123
0016 112 202 157 239 163 071 196 124
0017 112 201 157 238 162 071 196 125
0018 112 202 157 239 167 070 201 122
0019 112 202 157 239 163 072 195 121
0020 113 202 157 239 167 072 202 122
0021 112 202 156 239 165 077 196 127
0022 113 203 155 239 167 097 198 163
0023 162 125 199 195 112 203 155 238
0024 160 147 205 209 112 201 156 238
0025 161 156 204 216 113 201 156 237
0026 113 201 158 238 161 158 204 219
0027 113 202 157 238 159 164 198 223
0028 114 202 157 238 159 164 197 223
0029 114 201 156 238 158 166 202 225
0030 113 203 156 238 163 170 202 228
0031 113 201 157 238 183 203 219 238
0032 114 200 156 237 068 193 113 229
0033 114 202 158 238 069 193 112 229
0034 114 201 158 238 068 192 114 227
0035 114 203 157 238 069 194 112 230
0036 113 202 158 238 067 192 111 230
0037 116 202 157 238 070 192 113 229
0038 116 202 157 238 074 191 112 228
0039 114 200 157 238 074 190 110 229
0040 113 200 158 238 073 190 111 229
0041 113 200 158 238 067 192 116 230
0042 113 200 158 238 075 190 111 229
0043 113 200 158 238 068 187 116 230
