0004 119 192 160 238 000 000 000 000
0005 125 112 154 171 000 000 000 000
0006 113 074 142 141 000 000 000 000
0007 101 055 131 124 000 000 000 000
0008 092 052 127 119 000 000 000 000
0009 082 052 123 117 000 000 000 000
0010 081 050 120 116 000 000 000 000
0011 077 053 118 115 000 000 000 000
0012 081 056 119 115 000 000 000 000
0013 081 056 120 117 000 000 000 000
0014 081 058 120 118 000 000 000 000
0015 080 058 121 118 000 000 000 000
0016 079 060 123 123 000 000 000 000
0017 078 064 122 123 000 000 000 000
0018 078 070 123 129 000 000 000 000
0019 077 080 121 135 000 000 000 000
0020 077 087 124 141 000 000 000 000
0021 079 096 124 144 000 000 000 000
0022 072 101 128 147 000 000 000 000
0023 075 102 127 148 000 000 000 000
0024 074 102 128 148 000 000 000 000
0025 074 102 127 148 000 000 000 000
0026 079 103 125 150 000 000 000 000
0027 088 108 124 164 000 000 000 000
0028 096 138 128 194 000 000 000 000
0029 098 182 134 238 000 000 000 000
