0000 107 194 147 237 156 189 197 221
0001 107 195 147 237 156 189 196 222
0002 107 194 146 237 154 185 195 218
0003 107 196 148 237 157 168 195 203
0004 161 131 195 183 107 195 148 237
0005 158 103 197 160 107 194 148 237
0006 101 200 145 239 157 080 190 138
0007 107 195 148 237 160 076 187 128
0008 147 078 187 127 107 195 148 237
0009 149 075 180 124 107 195 148 238
0010 145 077 181 126 107 196 150 236
0011 107 195 150 237 147 077 177 126
0012 143 078 180 129 106 195 150 237
0013 143 079 180 130 107 195 151 236
0014 107 195 151 237 145 078 182 130
0015 106 194 150 238 142 081 179 135
0016 106 196 150 239 141 084 179 137
0017 107 195 151 237 143 091 179 141
0018 106 194 151 238 143 094 180 145
0019 107 195 151 238 144 091 180 145
0020 107 195 151 237 145 094 180 144
0021 106 195 148 238 145 092 181 145
0022 107 195 148 237 145 090 181 145
0023 106 195 148 238 145 092 180 143
0024 107 194 149 237 145 093 180 142
0025 107 196 149 238 149 091 181 144
0026 107 196 148 239 147 101 182 154
0027 107 196 148 239 150 124 183 170
0028 149 146 188 186 105 194 148 238
0029 106 194 148 239 151 171 191 202
0030 107 195 146 239 147 183 188 217
0031 106 195 146 239 144 187 187 221
0032 106 196 146 239 148 188 189 219
0033 106 196 145 238 143 189 188 221
0034 106 195 145 238 146 189 188 219
0035 106 195 146 238 146 189 188 219
