0006 151 202 188 235 000 000 000 000
0007 142 150 187 202 000 000 000 000
0008 144 117 186 168 000 000 000 000
0009 141 104 179 153 000 000 000 000
0010 139 104 175 149 000 000 000 000
0011 140 102 171 148 000 000 000 000
0012 138 096 170 146 000 000 000 000
0013 139 098 168 146 000 000 000 000
0014 136 098 168 148 000 000 000 000
0015 136 103 170 149 000 000 000 000
0016 133 107 173 150 000 000 000 000
0017 136 110 167 151 000 000 000 000
0018 137 107 174 151 000 000 000 000
0019 134 113 177 154 000 000 000 000
0020 131 119 174 158 000 000 000 000
0021 133 118 173 160 000 000 000 000
0022 134 119 176 157 000 000 000 000
0023 128 122 177 161 000 000 000 000
0024 132 125 176 158 000 000 000 000
0025 133 123 178 159 000 000 000 000
0026 134 123 175 160 000 000 000 000
0027 126 110 176 156 000 000 000 000
0028 130 119 178 171 000 000 000 000
0029 151 182 194 234 000 000 000 000
