0006 178 169 218 224 000 000 000 000
0007 184 102 221 163 000 000 000 000
0008 184 048 221 104 000 000 000 000
0009 184 016 221 068 000 000 000 000
0010 179 010 220 061 000 000 000 000
0011 188 026 228 074 000 000 000 000
0012 200 044 238 095 000 000 000 000
0013 202 079 255 142 000 000 000 000
0014 162 112 221 176 000 000 000 000
0015 139 098 174 160 000 000 000 000
0016 131 105 174 150 000 000 000 000
0017 139 101 181 152 000 000 000 000
0018 141 106 182 154 000 000 000 000
0019 141 105 183 154 000 000 000 000
0020 142 104 182 154 000 000 000 000
0021 141 109 181 159 000 000 000 000
0022 147 153 186 207 000 000 000 000
0023 159 211 204 239 000 000 000 000
