0002 157 177 195 228 000 000 000 000
0003 161 093 195 155 000 000 000 000
0004 160 056 193 112 000 000 000 000
0005 153 027 191 086 000 000 000 000
0006 152 015 189 070 000 000 000 000
0007 152 011 191 069 000 000 000 000
0008 154 010 188 066 000 000 000 000
0009 160 013 193 069 000 000 000 000
0010 161 014 194 075 000 000 000 000
0011 162 019 195 084 000 000 000 000
0012 161 031 196 092 000 000 000 000
0013 161 050 194 108 000 000 000 000
0014 159 063 196 122 000 000 000 000
0015 158 079 196 132 000 000 000 000
0016 156 088 196 139 000 000 000 000
0017 155 099 196 151 000 000 000 000
0018 154 107 191 159 000 000 000 000
0019 151 112 189 165 000 000 000 000
0020 151 112 189 164 000 000 000 000
0021 150 107 189 158 000 000 000 000
0022 149 103 186 159 000 000 000 000
0023 140 109 184 159 000 000 000 000
0024 135 113 183 165 000 000 000 000
0025 137 150 180 201 000 000 000 000
0026 138 217 180 239 000 000 000 000
