0003 088 224 124 239 151 224 190 239
0004 120 196 177 234 082 214 124 239
0005 065 197 102 239 096 162 152 197
0006 044 182 094 231 080 142 141 183
0007 028 177 086 223 071 134 125 182
0008 019 182 086 233 062 157 120 188
0009 021 182 084 236 077 158 145 195
0010 026 174 087 222 105 138 158 180
0011 041 152 092 199 115 130 166 157
0012 048 124 100 181 122 101 172 154
0013 063 117 111 171 135 116 176 181
0014 132 148 186 196 074 140 126 173
0015 138 156 201 194 079 153 134 184
0016 088 153 141 197 154 143 214 186
0017 099 151 150 197 165 126 226 170
0018 107 145 159 183 173 120 234 153
0019 184 113 243 156 110 136 168 177
0020 112 131 173 176 191 117 247 175
0021 194 143 247 196 110 145 169 182
0022 105 168 160 199 179 168 245 219
0023 176 185 229 233 097 187 154 216
0024 091 189 148 234 166 197 229 234
0025 088 187 147 235 160 189 223 236
0026 160 171 225 229 092 176 145 238
0027 164 149 220 211 092 161 142 221
0028 163 128 220 187 087 143 144 195
0029 085 124 143 162 162 097 220 154
0030 161 081 216 133 084 102 141 135
0031 075 080 140 121 162 068 214 111
0032 077 068 128 117 165 063 218 098
0033 073 071 124 125 161 062 216 109
0034 162 068 217 130 072 082 117 143
0035 073 099 115 168 163 086 216 153
0036 166 109 220 175 075 120 116 190
0037 158 135 213 195 071 150 125 209
0038 154 167 210 214 076 177 133 226
0039 155 190 212 226 077 191 136 233
0040 154 190 208 235 077 196 132 236
0041 153 185 212 239 076 194 136 239
0042 074 184 132 239 156 174 213 235
0043 074 167 128 231 159 155 216 218
0044 071 153 124 211 161 133 220 199
0045 069 131 120 182 162 111 218 172
0046 064 114 120 149 166 093 219 147
0047 166 081 221 125 061 093 118 132
0048 062 074 113 124 169 069 222 106
0049 061 067 113 126 162 064 220 112
0050 062 071 115 137 162 066 219 125
0051 163 086 222 148 058 094 113 163
0052 161 125 222 187 056 136 109 196
0053 060 190 111 235 159 174 212 226
0054 152 217 203 239 071 219 115 239
