0000 054 205 096 237 000 000 000 000
0001 055 206 096 237 000 000 000 000
0002 055 206 098 237 000 000 000 000
0003 054 205 097 237 000 000 000 000
0004 052 204 096 237 000 000 000 000
0005 044 196 087 239 000 000 000 000
0006 037 187 078 233 195 201 238 233
0007 027 183 076 236 000 000 000 000
0008 106 176 163 235 023 170 075 221
0009 018 162 075 213 071 159 133 208
0010 014 153 080 198 052 152 114 195
0011 015 144 071 190 046 149 106 192
0012 015 133 072 180 046 137 099 179
0013 015 118 072 162 034 134 101 169
0014 031 119 098 156 018 098 072 141
0015 038 113 102 160 033 095 074 136
0016 040 123 105 168 029 101 074 153
0017 035 113 091 164 056 141 115 185
0018 037 128 092 185 062 147 133 195
0019 077 147 142 197 057 139 098 195
0020 098 136 152 185 073 142 114 205
0021 102 117 158 164 134 114 189 159
0022 096 096 145 153 125 099 183 146
0023 106 084 156 139 139 081 184 145
0024 127 095 192 156 000 000 000 000
0025 126 110 175 167 156 130 204 181
0026 161 146 206 195 127 118 178 180
0027 139 139 193 211 184 156 232 215
0028 197 145 245 204 159 148 207 206
0029 165 138 236 182 203 125 259 183
0030 201 097 262 156 178 122 231 159
0031 211 097 260 154 175 099 227 145
0032 190 111 262 171 000 000 000 000
0033 184 143 251 191 161 121 216 173
0034 166 156 235 207 150 130 200 191
0035 170 159 225 211 139 140 190 204
0036 156 143 214 194 130 134 181 192
0037 156 113 207 159 121 123 173 172
0038 103 100 146 154 128 096 177 151
0039 081 114 128 163 116 113 161 161
0040 099 133 147 186 072 138 119 193
0041 061 149 100 216 093 155 143 217
0042 097 162 150 224 061 152 102 220
0043 099 162 149 228 065 154 101 223
0044 101 166 149 227 065 153 101 222
0045 069 151 112 225 104 165 152 230
0046 069 143 110 212 105 155 155 213
0047 111 105 165 149 065 098 125 144
0048 074 050 124 106 114 050 162 117
0049 076 019 125 075 120 021 175 085
0050 078 013 126 067 122 014 175 080
0051 079 017 131 074 128 022 175 085
0052 080 036 128 092 123 037 175 100
0053 074 090 128 142 130 097 170 149
0054 071 135 120 206 123 150 177 206
0055 119 186 173 237 071 176 119 238
0056 124 204 175 237 073 195 122 238
0057 127 201 176 238 069 194 117 238
0058 066 177 115 239 125 185 179 237
0059 129 149 182 204 066 139 119 203
0060 069 105 123 164 135 121 183 167
0061 143 079 185 127 076 066 122 117
0062 142 038 194 098 074 025 124 084
0063 075 006 126 071 145 022 194 083
0064 081 003 125 067 148 017 198 082
0065 079 006 119 072 143 021 196 086
0066 147 055 202 118 073 042 121 107
0067 153 092 198 144 065 087 116 139
0068 155 144 201 203 059 142 104 205
0069 154 171 204 239 054 173 105 237
0070 157 194 207 239 062 200 108 239
0071 152 183 203 239 066 190 113 239
0072 152 145 202 211 068 143 120 208
0073 152 099 194 147 067 100 120 150
0074 154 031 203 094 070 022 119 090
0075 157 000 208 067 070 000 120 062
0076 160 000 209 057 067 000 112 048
0077 067 000 109 072 164 009 213 076
0078 064 027 110 098 161 048 215 109
0079 057 097 106 152 164 104 208 151
0080 162 152 208 208 061 162 106 223
0081 164 188 207 235 060 208 105 239
