0000 121 191 176 239 000 000 000 000
0001 103 170 158 230 000 000 000 000
0002 084 138 142 184 018 207 087 239
0003 072 111 130 155 004 168 061 236
0004 002 110 059 170 079 083 135 128
0005 032 067 086 128 124 075 156 148
0006 066 074 113 132 126 112 168 173
0007 125 128 190 176 077 112 125 160
0008 148 116 207 162 086 112 149 143
0009 157 097 214 142 090 097 148 137
0010 101 065 153 128 168 070 224 114
0011 101 056 149 125 173 059 225 116
0012 182 064 231 126 099 060 148 129
0013 175 084 228 152 100 100 154 156
0014 168 133 224 195 092 156 147 195
0015 079 186 143 228 158 192 216 231
0016 157 210 211 239 079 203 138 235
0017 157 202 215 239 084 202 141 236
0018 160 184 220 237 078 200 142 234
0019 164 154 222 216 079 176 140 238
0020 164 121 222 181 083 149 144 217
0021 165 083 221 141 089 114 139 168
0022 088 087 141 135 161 061 220 113
0023 167 046 218 091 090 059 138 100
0024 086 041 137 086 168 041 218 074
0025 086 038 133 087 162 038 217 071
0026 167 039 217 081 082 034 130 092
0027 167 042 216 094 081 041 128 100
0028 167 048 217 107 081 049 122 121
0029 176 062 215 128 080 074 122 147
0030 174 082 216 151 080 087 122 162
0031 176 109 219 180 085 114 126 186
0032 171 140 209 203 085 151 137 207
0033 165 164 209 216 091 171 140 221
0034 162 190 212 233 093 187 142 236
0035 090 186 145 234 160 188 212 234
0036 083 180 142 236 164 173 220 228
0037 074 152 139 214 169 134 225 197
0038 077 123 131 184 170 103 225 164
0039 170 071 219 132 081 099 130 148
0040 168 052 220 107 074 073 129 107
0041 169 042 218 095 078 057 132 093
0042 077 028 135 080 169 032 216 075
0043 169 028 216 066 080 022 126 081
0044 177 027 219 094 083 032 123 098
0045 178 062 216 134 085 063 128 140
0046 175 092 216 163 089 090 129 167
0047 173 126 215 198 093 134 134 204
0048 096 189 141 234 164 175 208 229
0049 162 202 208 238 094 215 139 239
0050 160 219 207 239 000 000 000 000
