0000 181 177 228 218 135 174 183 206
0001 181 177 230 217 130 173 185 205
0002 186 175 235 215 130 171 182 203
0003 186 172 234 212 131 170 185 201
0004 135 169 188 209 185 170 230 212
0005 182 167 226 215 141 166 190 214
0006 138 166 191 216 184 164 223 220
0007 180 166 226 221 138 166 191 218
0008 178 164 226 221 140 165 192 216
0009 180 162 227 220 139 161 188 214
0010 182 158 225 217 144 158 188 214
0011 182 150 228 209 144 153 193 208
0012 185 138 229 192 148 138 198 192
0013 154 126 200 170 189 126 233 172
0014 193 112 234 144 154 108 201 145
0015 199 096 248 138 151 096 199 126
0016 203 087 254 135 145 091 198 126
0017 140 087 192 124 206 083 257 134
0018 211 084 261 134 139 087 189 122
0019 209 092 259 137 139 089 190 125
0020 207 103 259 147 135 094 186 129
0021 207 113 260 151 140 108 183 142
0022 203 125 253 155 142 118 194 150
0023 199 131 250 164 146 125 193 163
0024 202 137 252 182 146 133 197 176
0025 145 137 199 185 201 141 246 186
0026 144 143 197 192 194 146 239 197
0027 147 147 191 206 198 150 241 207
0028 146 156 194 219 190 157 232 226
0029 147 163 194 225 188 162 230 228
0030 145 165 193 230 190 162 229 232
0031 147 160 197 233 190 157 234 228
0032 145 160 196 222 193 156 231 221
0033 147 159 195 220 186 159 225 220
0034 148 149 203 197 187 152 228 201
0035 145 133 200 173 197 137 233 169
0036 201 116 254 158 141 114 191 147
0037 209 106 258 150 139 107 187 142
0038 217 101 267 144 137 096 187 138
0039 216 099 270 145 142 094 182 137
0040 216 101 269 149 137 100 182 138
0041 217 106 269 152 143 105 189 140
0042 215 111 268 153 146 109 199 145
0043 217 120 267 157 152 115 200 148
0044 210 129 263 164 151 126 207 160
0045 151 132 210 172 210 138 260 179
0046 153 147 210 187 206 149 255 187
0047 158 157 208 203 202 156 253 198
0048 158 162 208 210 202 160 251 212
0049 158 163 207 215 203 163 248 212
0050 156 166 210 221 201 164 248 220
0051 153 170 211 224 196 165 234 223
0052 191 165 237 221 154 171 208 226
0053 191 164 241 220 156 169 210 222
0054 164 160 212 212 199 159 245 213
0055 159 146 215 192 198 150 245 194
0056 167 129 212 170 203 137 247 174
0057 162 125 219 163 207 130 247 164
0058 200 120 253 158 160 113 222 144
0059 162 097 215 135 210 106 260 147
0060 216 098 264 143 162 093 214 132
0061 219 098 268 141 160 095 213 132
0062 160 098 217 135 215 104 266 147
0063 217 116 266 157 162 106 218 142
0064 157 112 218 150 215 127 265 165
0065 161 124 220 164 219 135 264 178
0066 171 137 218 187 217 148 264 189
0067 168 148 218 204 218 160 260 213
0068 167 160 219 221 211 161 261 222
0069 167 170 219 231 207 177 257 236
0070 161 174 209 233 202 183 250 237
0071 160 180 203 238 200 189 246 237
0072 158 190 203 238 200 196 239 237
0073 195 197 240 239 154 196 203 238
0074 194 197 241 238 152 193 202 238
0075 197 197 240 239 150 195 202 238
0076 195 196 239 239 148 195 198 238
0077 196 194 240 239 150 195 196 237
0078 150 195 197 239 196 193 238 239
0079 195 194 240 239 143 193 196 238
0080 191 194 240 239 135 196 186 238
0081 189 197 240 239 129 201 182 236
0082 189 201 235 239 126 207 170 237
0083 187 203 233 239 122 207 165 236
0084 115 202 162 236 185 206 233 239
0085 116 204 162 237 185 206 235 239
0086 186 206 234 239 115 202 163 236
0087 185 206 235 239 117 204 163 237
0088 115 202 163 237 186 206 235 239
0089 116 205 161 237 187 206 236 239
0090 116 205 160 237 187 205 235 239
0091 186 203 237 239 113 201 157 237
0092 106 191 155 239 189 193 239 239
0093 106 184 156 239 187 185 238 239
0094 190 177 240 238 106 177 157 239
0095 190 168 243 227 101 165 154 229
0096 191 159 243 217 105 159 156 217
0097 101 152 153 205 196 150 245 207
0098 099 140 153 194 195 145 245 196
0099 106 134 156 186 193 140 246 188
0100 103 127 156 176 195 132 245 176
0101 196 125 246 169 104 121 155 164
0102 193 120 244 159 106 117 155 156
0103 196 113 244 151 109 110 156 146
0104 104 101 156 138 196 111 247 149
0105 105 097 158 134 194 104 250 144
0106 107 097 157 131 194 099 246 140
0107 106 092 157 130 194 095 249 132
0108 109 088 157 124 199 090 247 127
0109 108 088 157 125 193 092 243 126
0110 106 086 157 124 192 085 247 126
0111 195 084 246 124 107 080 150 119
0112 200 076 248 121 105 080 157 118
0113 199 072 247 124 102 079 158 116
0114 105 077 157 116 198 066 247 120
0115 197 066 248 120 105 073 157 116
0116 195 066 250 120 106 073 159 115
0117 195 069 249 120 104 075 156 113
0118 197 074 248 122 106 075 156 112
0119 196 078 246 121 102 082 156 116
0120 198 083 250 125 104 086 155 117
0121 197 087 247 126 103 088 155 120
0122 192 092 248 131 105 092 157 128
0123 104 100 156 137 196 098 247 133
0124 101 114 156 151 196 100 249 139
0125 100 119 154 162 194 107 245 146
0126 104 126 149 173 194 112 248 149
0127 099 131 154 183 194 121 247 155
0128 104 137 157 185 192 126 244 162
0129 107 139 158 187 193 129 248 165
0130 106 142 158 190 191 133 244 170
0131 104 145 154 196 189 139 243 178
0132 190 147 241 185 106 145 157 199
0133 106 150 156 205 188 152 246 193
0134 107 156 157 209 187 157 242 201
0135 107 160 158 216 187 163 242 208
0136 110 159 154 221 186 164 240 212
0137 104 168 157 230 186 166 241 214
0138 106 171 157 233 183 171 239 222
0139 185 172 242 225 107 173 155 238
0140 184 173 236 229 106 174 158 239
0141 105 176 157 239 182 177 236 235
0142 106 180 157 239 181 178 236 233
0143 104 180 157 239 185 179 235 234
0144 104 179 157 239 182 177 235 235
0145 104 175 156 238 184 176 234 234
0146 185 171 237 229 107 173 156 237
0147 183 169 237 227 110 168 155 231
0148 107 163 158 226 186 162 237 217
0149 106 156 158 214 185 156 238 205
0150 108 144 156 202 189 147 240 196
0151 107 136 155 187 190 139 242 180
0152 105 128 157 180 189 132 243 170
0153 101 119 157 167 187 121 242 156
0154 103 113 157 151 189 114 241 149
0155 104 105 157 142 191 107 245 139
0156 191 102 242 139 106 095 157 132
0157 195 099 248 137 104 091 157 124
0158 194 095 247 136 104 080 158 116
0159 106 076 157 112 196 087 247 133
0160 105 074 157 112 197 084 246 132
0161 105 074 156 113 200 076 247 131
0162 198 074 248 128 104 073 154 113
0163 197 068 248 123 102 074 151 113
0164 198 071 246 127 103 072 152 115
0165 198 075 249 129 102 079 154 116
0166 197 080 246 132 100 081 151 118
0167 196 087 247 136 097 089 149 126
0168 099 093 152 128 198 091 248 135
0169 096 100 150 134 194 099 248 139
0170 098 106 149 146 195 102 246 145
0171 096 117 148 161 194 114 244 148
0172 093 128 146 177 195 126 246 163
0173 094 139 146 193 188 134 246 167
0174 095 145 148 201 192 143 242 181
0175 100 150 146 211 192 148 241 190
0176 094 157 150 216 187 160 240 201
0177 101 165 150 222 190 169 243 211
0178 189 175 239 222 103 171 146 237
0179 190 180 239 229 098 176 150 238
0180 100 186 151 239 188 182 236 230
0181 187 183 236 236 102 191 149 239
0182 186 188 237 237 108 197 147 238
0183 186 194 233 238 105 201 149 238
0184 183 197 232 239 101 203 148 239
0185 179 199 232 239 106 208 150 236
0186 181 203 233 239 103 208 150 236
0187 185 205 233 239 104 208 151 237
0188 179 204 232 238 107 208 153 236
0189 110 204 159 239 174 207 222 239
0190 168 206 223 239 124 208 164 237
