0014 124 215 175 239 000 000 000 000
0015 054 204 102 239 115 202 165 237
0016 048 182 091 234 106 171 162 212
0017 105 152 161 190 044 164 091 208
0018 101 138 167 175 043 150 094 177
0019 113 127 169 168 048 134 096 167
0020 123 128 169 172 053 127 100 162
0021 125 139 175 177 060 136 104 160
0022 127 148 180 183 061 141 107 163
0023 067 147 114 182 138 156 186 188
0024 071 150 118 191 142 158 192 193
0025 075 153 121 194 156 150 199 190
0026 080 151 122 190 164 146 203 180
0027 084 139 130 176 166 138 205 169
0028 161 127 208 164 089 133 139 165
0029 169 123 213 154 095 130 145 157
0030 175 120 215 155 098 125 147 152
0031 181 127 225 162 104 128 155 153
0032 108 129 158 158 188 133 224 167
0033 112 133 163 168 194 143 230 170
0034 193 143 242 176 111 134 164 171
0035 116 137 167 169 196 140 244 175
0036 196 136 235 170 113 133 166 165
0037 111 133 164 159 187 129 224 164
0038 176 125 215 164 104 133 158 159
0039 098 136 151 165 172 125 213 165
0040 163 147 207 182 086 160 133 192
0041 161 165 200 197 080 180 130 210
0042 072 189 128 227 156 180 199 210
0043 072 199 122 236 157 189 196 224
0044 153 196 196 232 071 202 120 238
0045 150 206 192 238 069 207 118 239
0046 149 206 192 238 069 208 115 239
0047 148 206 192 238 067 214 113 239
0048 152 202 194 238 065 202 115 234
0049 151 193 196 234 065 195 115 239
0050 150 180 196 223 064 189 115 236
0051 066 180 114 223 151 175 196 213
0052 154 167 198 202 062 169 113 211
0053 062 165 112 204 156 162 198 195
0054 153 152 197 183 062 157 113 195
0055 062 154 113 189 154 149 197 179
0056 062 151 113 184 149 141 199 173
0057 154 134 193 167 061 146 114 179
0058 153 132 193 164 061 145 113 175
0059 152 130 199 164 061 141 113 170
0060 061 138 115 166 156 127 201 163
0061 154 125 201 163 063 136 114 168
0062 155 124 202 166 064 139 114 174
0063 066 146 115 185 152 138 196 178
0064 068 157 110 193 152 146 198 182
0065 154 163 190 191 065 174 113 206
0066 062 182 111 217 147 171 194 206
0067 148 182 194 212 063 191 110 224
0068 061 199 111 232 146 187 196 223
0069 060 205 108 237 144 192 196 228
0070 061 207 110 239 142 195 192 232
0071 145 201 193 236 062 210 110 239
0072 141 207 189 238 063 214 111 239
0073 142 207 187 238 067 221 105 239
