0006 082 221 121 238 000 000 000 000
0007 083 222 123 239 000 000 000 000
0010 084 221 119 237 000 000 000 000
0011 080 216 121 237 151 215 198 238
0012 082 214 128 237 145 214 196 239
0013 143 211 193 239 086 212 128 237
0014 135 202 190 239 083 209 126 236
0015 136 199 189 239 083 207 129 235
0016 134 192 191 238 078 206 125 239
0017 131 188 188 235 079 199 131 237
0018 132 181 189 232 080 189 134 234
0019 080 183 136 225 133 177 188 228
0020 134 174 188 222 078 179 137 220
0021 131 170 187 218 085 177 136 214
0022 134 171 182 219 087 176 137 216
0023 133 170 182 220 086 175 136 219
0024 133 170 181 224 085 173 136 221
0025 133 171 181 230 087 172 136 224
0026 133 172 182 234 088 173 138 226
0027 133 171 177 233 086 169 140 220
0028 133 168 182 225 089 166 138 218
0029 135 159 182 212 092 159 140 205
0030 134 148 179 194 092 150 142 189
0031 139 144 189 187 094 145 141 184
0032 096 132 143 166 142 134 190 170
0033 098 123 144 156 146 122 198 160
0034 093 113 143 149 150 112 199 152
0035 154 112 203 153 093 111 141 147
0036 092 109 134 146 159 114 203 152
0037 160 117 205 154 096 118 138 149
0038 161 124 207 163 095 119 145 156
0039 161 128 202 165 093 128 143 158
0040 161 138 204 176 098 132 143 164
0041 158 147 199 187 103 141 146 175
0042 156 154 200 199 105 150 150 189
0043 111 154 153 204 157 162 200 209
0044 108 157 153 208 154 165 201 214
0045 153 169 198 215 108 156 157 211
0046 151 170 198 224 108 157 158 214
0047 106 159 157 218 150 173 195 226
0048 111 158 153 221 146 176 193 228
0049 107 162 155 221 151 172 196 224
0050 150 166 197 214 115 156 159 212
0051 155 156 199 202 113 149 154 200
0052 157 142 197 182 116 138 163 172
0053 121 125 172 161 163 125 200 161
0054 163 115 212 150 120 117 170 152
0055 166 110 215 150 126 106 173 149
0056 126 095 175 140 168 106 217 142
0057 131 092 176 137 168 099 224 142
0058 127 095 177 138 175 106 225 148
0059 130 104 183 144 177 112 226 151
0060 178 121 230 161 126 115 183 152
0061 180 132 235 168 125 122 179 156
0062 183 144 231 177 127 133 182 164
0063 182 145 229 183 126 136 179 170
0064 120 148 175 188 176 157 233 205
0065 122 163 171 209 172 171 220 223
0066 165 183 213 238 114 177 168 231
0067 164 192 209 239 113 180 165 239
0068 116 181 162 238 156 192 204 238
0069 158 194 202 239 117 182 161 238
0070 158 194 204 238 117 182 162 238
0071 115 184 164 239 159 194 204 238
0072 120 182 169 239 162 191 210 237
0073 119 177 170 235 165 188 207 237
0074 124 168 176 227 168 178 214 230
0075 128 157 182 203 172 166 212 214
0076 130 139 192 176 178 148 226 185
0077 137 122 198 158 175 136 225 169
0078 142 116 203 151 178 120 235 159
0079 183 109 242 154 146 106 211 144
0080 184 105 246 152 157 096 218 142
0081 196 103 251 149 156 096 221 144
0082 197 107 252 156 159 098 223 145
0083 197 121 256 164 156 107 223 149
0084 149 118 217 157 191 137 252 174
0085 187 145 251 181 142 131 205 164
0086 142 139 203 176 190 153 240 192
0087 136 147 198 187 188 154 230 202
0088 129 159 192 200 179 166 230 216
0089 170 176 225 222 125 165 180 211
0090 165 184 217 237 119 180 172 228
0091 113 186 166 235 162 192 207 234
0092 158 198 204 236 113 195 161 238
0093 156 207 203 238 105 206 153 237
0094 152 208 202 239 101 208 147 238
0095 151 210 200 239 100 205 145 237
0096 153 211 192 239 088 203 141 238
0097 147 212 194 239 091 206 139 239
0098 098 207 135 237 146 214 194 237
0099 144 214 192 238 100 209 135 238
0100 144 212 194 239 094 216 142 239
0101 146 210 191 239 095 213 140 236
0102 142 212 189 239 093 212 137 236
0103 141 213 188 239 092 210 137 239
0104 141 211 185 238 092 210 143 239
0105 141 202 186 238 098 202 145 239
0106 140 179 191 227 103 182 150 234
0107 146 158 196 197 111 164 151 205
0108 107 149 155 191 154 138 196 179
0109 159 126 201 167 108 133 147 177
0110 168 114 208 160 101 127 147 171
0111 165 113 210 155 097 124 143 169
0112 171 113 218 156 085 118 139 170
0113 171 111 221 157 082 119 138 168
0114 086 122 138 170 174 113 219 163
0115 171 125 213 169 087 131 137 177
0116 166 133 215 175 094 131 146 179
0117 102 142 148 185 164 139 203 179
0118 101 152 148 189 160 147 204 185
0119 102 157 152 196 157 153 208 196
0120 106 166 153 213 157 163 204 209
0121 104 175 154 227 158 173 203 221
0122 157 183 203 239 105 188 158 239
0123 107 195 155 239 154 187 194 239
0124 150 192 196 238 106 197 155 239
0125 151 198 199 238 105 198 154 239
0126 151 202 196 237 104 200 152 237
0127 108 203 151 237 150 203 201 238
0128 108 204 150 237 152 206 195 239
0129 151 206 196 239 106 204 147 238
0130 148 209 194 239 096 202 144 236
0131 149 210 189 239 098 208 135 235
0132 085 212 129 238 152 215 201 238
0133 089 215 128 238 155 215 202 238
0134 085 216 124 239 156 219 199 239
0135 085 216 123 239 000 000 000 000
0136 080 216 121 239 160 222 195 239
0137 075 214 113 239 000 000 000 000
0138 071 213 112 239 000 000 000 000
0139 074 213 113 236 000 000 000 000
0140 076 214 111 236 000 000 000 000
0141 078 213 116 239 000 000 000 000
0142 079 213 116 239 000 000 000 000
0143 082 214 116 239 000 000 000 000
0144 081 207 118 235 000 000 000 000
0145 081 211 119 236 000 000 000 000
0146 088 215 124 239 000 000 000 000
0147 087 214 124 236 000 000 000 000
0148 088 208 127 236 000 000 000 000
0149 096 214 129 239 000 000 000 000
0150 099 214 136 239 000 000 000 000
0151 098 213 138 237 000 000 000 000
0152 101 214 137 239 000 000 000 000
0153 099 208 143 239 155 218 193 237
0154 101 209 139 237 148 211 196 239
0155 147 211 196 239 100 205 141 237
0156 150 207 201 238 096 197 138 238
0157 096 200 142 238 152 205 201 238
0158 152 202 205 238 094 198 141 237
0159 152 199 205 239 095 195 142 237
0160 152 198 204 238 096 195 143 237
0161 093 191 142 235 150 193 201 238
0162 155 190 197 239 094 185 136 234
0163 151 188 203 239 094 189 138 238
0164 098 179 140 235 152 183 202 238
0165 150 181 206 235 092 176 141 231
0166 151 179 206 231 095 176 141 230
0167 096 174 141 224 152 178 204 227
0168 096 171 144 222 155 172 208 222
0169 097 170 143 215 157 168 209 218
0170 094 163 142 211 157 164 208 211
0171 095 161 141 205 158 162 207 206
0172 157 158 210 201 094 157 142 201
0173 158 156 208 200 094 156 140 197
0174 092 154 141 198 158 154 209 198
0175 092 153 141 196 160 152 207 194
0176 092 152 139 191 156 148 208 190
0177 089 145 139 184 158 141 206 181
0178 160 138 207 177 090 140 140 175
0179 161 134 208 173 090 136 140 174
0180 160 131 205 169 093 131 142 169
0181 092 130 137 166 160 127 205 164
0182 160 125 204 165 092 129 140 163
0183 160 122 205 158 086 126 136 161
0184 162 120 207 158 089 126 137 161
0185 161 119 210 156 089 127 136 160
0186 086 121 140 156 163 116 211 155
0187 089 121 137 151 169 113 211 147
0188 086 120 139 156 167 114 211 152
0189 084 120 138 155 168 116 206 151
0190 082 120 139 154 167 113 212 150
0191 084 118 138 154 166 112 215 152
0192 077 111 145 157 162 109 218 154
0193 075 110 143 158 160 109 215 154
0194 075 115 144 159 159 111 218 154
0195 079 120 144 163 163 116 220 160
0196 158 120 219 155 079 121 149 162
0197 078 125 147 164 161 123 220 162
0198 161 124 218 162 076 128 148 167
0199 157 130 220 168 076 129 146 170
0200 070 133 150 175 157 134 226 176
0201 081 144 145 182 166 144 235 185
0202 084 159 148 199 160 156 222 195
0203 092 173 146 213 154 164 222 206
0204 084 171 145 222 156 170 224 212
0205 157 173 220 220 084 176 147 225
0206 082 179 144 228 157 177 220 223
0207 080 179 145 232 157 178 221 226
0208 159 179 221 229 084 181 140 235
0209 159 181 215 233 083 182 142 236
0210 160 186 217 237 084 179 148 235
0211 083 186 142 238 160 186 216 238
0212 157 187 215 238 080 185 142 236
0213 151 187 218 234 081 185 137 236
0214 157 187 215 238 081 185 140 237
0215 161 187 214 238 080 185 139 238
0216 160 184 214 236 082 186 148 238
0217 157 183 212 238 079 184 147 238
0218 155 178 213 235 080 176 141 232
0219 154 176 212 230 080 172 145 227
0220 155 171 213 223 079 168 153 216
0221 153 165 213 214 082 162 149 212
0222 153 161 216 208 083 158 147 210
0223 153 155 216 200 081 150 151 200
0224 081 146 150 192 150 147 217 188
0225 079 141 152 188 155 142 217 183
0226 154 140 219 174 077 137 150 177
0227 151 133 214 170 081 133 147 173
0228 074 133 144 168 155 131 225 166
0229 074 130 144 165 155 130 225 165
0230 161 126 219 164 071 127 148 161
0231 071 121 144 155 156 121 214 157
0232 074 113 141 152 157 119 217 157
0233 073 108 146 149 156 113 209 151
0234 072 104 144 150 161 105 206 149
0235 074 101 145 150 158 100 212 151
0236 071 107 142 155 158 100 214 149
0237 069 107 143 157 163 103 204 154
0238 069 114 143 161 159 109 209 156
0239 067 119 143 163 158 113 211 162
0240 156 123 208 169 071 125 143 167
0241 072 132 141 169 151 130 207 172
0242 070 145 149 179 155 144 216 180
0243 070 152 146 195 154 154 213 191
0244 153 159 216 196 075 166 143 210
0245 072 170 143 223 150 164 213 204
0246 075 175 141 234 151 170 214 211
0247 152 177 211 225 073 183 142 237
0248 152 184 212 235 076 196 140 239
0249 148 189 208 239 081 195 138 236
0250 149 195 207 239 087 195 139 238
0251 155 198 208 239 085 202 142 237
0252 157 200 206 239 082 200 136 239
0253 148 202 206 239 083 201 133 237
0254 147 203 205 237 083 204 135 237
0255 148 206 205 239 082 205 128 236
0256 148 208 202 239 083 206 133 236
0257 153 213 198 239 087 208 132 235
0258 152 213 201 239 090 210 134 239
0259 154 217 203 239 000 000 000 000
0260 157 215 203 239 000 000 000 000
0261 156 217 200 239 000 000 000 000
0262 158 216 202 239 087 210 128 239
