0000 061 209 113 239 000 000 000 000
0001 061 208 110 239 000 000 000 000
0002 061 208 103 236 000 000 000 000
0003 056 205 107 239 000 000 000 000
0004 047 206 087 236 000 000 000 000
0005 038 203 081 238 000 000 000 000
0006 029 202 085 237 076 217 109 237
0007 028 203 079 237 075 217 107 237
0008 030 201 080 238 000 000 000 000
0009 033 197 084 236 000 000 000 000
0010 036 194 088 239 161 215 208 239
0011 136 203 197 239 028 193 089 233
0012 129 178 195 217 021 185 084 226
0013 122 162 187 200 013 176 078 219
0014 114 148 183 179 010 161 074 202
0015 007 130 077 167 118 126 190 160
0016 013 116 083 152 126 114 193 165
0017 013 115 086 155 130 119 194 168
0018 023 116 097 160 130 123 206 168
0019 031 130 106 170 144 139 218 171
0020 042 135 116 175 145 137 222 177
0021 156 131 224 174 047 141 127 178
0022 053 137 133 177 167 121 226 155
0023 175 110 234 140 071 117 145 155
0024 082 098 156 134 188 107 250 145
0025 094 093 162 128 192 108 255 149
0026 106 097 170 133 194 107 250 157
0027 118 108 175 147 207 128 263 185
0028 128 126 187 163 211 140 269 193
0029 136 138 192 172 211 140 284 184
0030 133 139 194 173 219 141 286 173
0031 129 136 188 170 217 139 288 174
0032 127 131 185 169 214 138 282 173
0033 123 131 177 168 212 137 277 169
0034 112 112 170 146 201 125 264 155
0035 190 106 254 140 094 094 157 122
0036 090 074 155 106 185 090 242 121
0037 078 061 147 095 175 072 231 104
0038 162 058 225 095 075 045 150 081
0039 163 054 226 091 070 042 145 079
0040 157 050 218 090 069 045 143 083
0041 158 055 221 091 073 049 140 086
0042 069 064 139 098 159 065 220 099
0043 076 081 140 114 159 079 214 108
0044 157 090 220 123 065 107 136 139
0045 058 130 133 173 156 121 225 153
0046 153 147 224 188 063 158 128 210
0047 153 177 217 233 060 185 123 236
0048 154 194 209 239 062 194 124 239
0049 150 201 207 239 070 200 123 239
0050 067 204 125 238 151 203 210 239
0051 064 196 121 238 148 202 208 239
0052 057 189 119 238 150 190 206 238
0053 057 167 130 214 148 172 209 221
0054 056 146 128 185 146 152 210 188
0055 073 124 129 150 141 128 197 158
0056 144 111 199 147 072 108 130 140
0057 145 105 204 143 067 105 133 137
0058 145 107 202 144 063 105 136 137
0059 145 111 202 146 066 104 135 138
0060 145 114 202 148 069 107 134 140
0061 070 109 131 141 143 112 202 147
0062 073 111 127 151 151 116 204 152
0063 055 139 106 189 155 130 197 177
0064 042 175 084 232 156 176 204 219
0065 161 197 213 239 034 196 076 235
0066 037 218 073 239 170 211 214 234
