0000 159 197 207 239 027 208 067 239
0001 143 172 193 231 021 195 067 239
0002 117 149 173 201 013 179 061 234
0003 005 176 053 234 086 140 158 181
0004 004 165 052 227 068 139 154 175
0005 007 128 054 193 071 119 146 159
0006 021 101 067 171 082 107 151 154
0007 027 091 083 160 091 109 156 168
0008 033 098 097 167 098 118 162 180
0009 035 119 100 177 103 129 169 181
0010 107 133 178 170 052 134 106 185
0011 062 131 111 186 117 124 183 160
0012 127 112 192 152 069 126 122 176
0013 075 114 134 160 136 100 194 143
0014 083 102 145 151 142 099 198 145
0015 090 094 148 147 152 097 200 152
0016 094 097 156 149 160 100 199 158
0017 105 108 158 158 162 109 200 165
0018 110 111 167 153 164 113 210 167
0019 183 121 231 161 117 113 181 150
0020 123 107 188 146 182 119 246 160
0021 187 112 251 156 132 105 197 145
0022 130 107 197 145 190 110 248 152
0023 124 110 192 150 186 113 238 156
0024 120 111 178 158 181 112 223 164
0025 110 113 169 165 171 121 218 174
0026 098 129 160 175 162 135 209 186
0027 088 154 152 189 150 163 214 202
0028 149 171 219 224 082 163 145 211
0029 072 168 135 220 146 168 217 225
0030 069 165 135 215 144 166 220 219
0031 068 157 135 210 144 157 214 206
0032 142 146 219 190 065 149 131 197
0033 061 140 130 188 144 139 222 183
0034 062 131 129 179 142 130 225 169
0035 061 118 128 159 148 119 218 152
0036 060 111 130 146 147 109 221 142
0037 060 100 132 137 151 098 228 141
0038 062 093 132 132 148 089 224 133
0039 059 084 125 135 157 083 222 136
0040 057 086 131 142 149 082 225 141
0041 059 090 126 149 148 091 225 154
0042 056 107 129 162 148 110 222 166
0043 053 120 128 170 150 114 217 174
0044 054 131 128 178 143 124 221 183
0045 147 149 209 185 049 149 123 187
0046 052 151 127 193 139 152 220 189
0047 144 157 219 204 054 153 127 195
0048 051 155 126 201 147 155 227 205
0049 055 149 124 198 139 149 224 208
0050 054 143 128 192 142 143 226 203
0051 059 131 127 181 142 135 228 183
0052 058 122 125 163 142 131 230 169
0053 061 111 131 152 143 121 224 153
0054 056 104 127 138 151 110 235 143
0055 056 094 131 131 159 102 228 135
0056 061 081 130 126 148 086 221 129
0057 064 074 130 125 149 077 222 134
0058 063 072 129 131 152 077 229 141
0059 061 083 129 138 153 086 226 148
0060 061 099 126 153 163 110 230 160
0061 058 119 130 164 157 123 230 166
0062 060 136 132 173 151 131 222 177
0063 060 143 129 179 145 142 225 183
0064 063 144 130 184 147 148 219 185
0065 063 150 132 191 147 150 213 188
0066 063 146 124 201 152 142 207 192
0067 147 150 198 204 064 150 125 198
0068 143 172 195 225 055 172 113 224
0069 051 194 110 239 137 193 192 239
0070 048 209 104 239 141 207 191 239
