0001 001 215 040 237 000 000 000 000
0002 008 202 049 237 000 000 000 000
0003 021 195 070 234 000 000 000 000
0004 037 197 089 234 000 000 000 000
0005 060 217 104 235 000 000 000 000
0006 059 199 093 238 000 000 000 000
0007 063 205 095 239 000 000 000 000
0008 062 206 096 239 000 000 000 000
0009 061 204 098 237 000 000 000 000
0010 062 202 101 235 000 000 000 000
0011 062 195 095 234 080 219 117 239
0012 085 209 137 239 177 201 232 239
0013 082 188 142 235 156 197 216 239
0014 084 173 145 220 154 176 213 233
0015 149 158 210 208 088 159 148 198
0016 151 150 208 195 087 148 150 183
0017 147 147 208 188 088 142 150 175
0018 145 149 204 188 092 141 156 174
0019 151 148 211 189 081 139 149 171
0020 153 148 216 188 079 135 144 169
0021 086 133 146 164 164 151 225 194
0022 170 151 231 195 089 125 150 161
0023 177 152 243 194 093 123 150 160
0024 178 153 245 191 090 130 149 162
0025 181 145 250 186 080 135 149 170
0026 183 144 254 181 080 140 143 176
0027 082 139 147 176 185 144 257 181
0028 084 139 151 171 191 145 259 181
0029 090 130 150 163 197 146 266 182
0030 092 131 151 158 206 141 284 181
0031 221 143 293 181 076 127 137 158
0032 061 130 128 160 232 141 305 180
0033 244 141 315 176 038 127 107 154
0034 021 125 090 153 248 136 314 172
0035 009 116 077 153 254 135 315 170
0036 010 122 072 150 263 138 319 171
0037 009 120 066 150 262 137 314 171
0038 004 122 057 152 263 134 315 167
0039 006 120 061 150 259 134 314 169
0040 002 125 067 154 257 137 314 173
0041 017 135 073 164 244 138 315 172
0042 027 143 090 171 240 145 304 176
0043 040 157 100 196 233 152 302 185
0044 052 166 112 209 217 160 286 199
0045 063 181 127 232 205 178 269 222
0046 079 203 133 238 191 194 242 235
0047 061 194 105 233 188 201 231 237
0048 065 202 110 236 189 206 228 236
0050 193 209 233 239 000 000 000 000
0051 194 208 232 237 000 000 000 000
0052 195 208 231 237 000 000 000 000
0053 193 211 232 239 000 000 000 000
0054 066 201 108 235 189 207 229 237
0055 062 187 099 228 091 209 129 239
0056 088 190 144 237 163 195 223 239
0057 091 167 148 214 165 179 231 232
0058 092 152 148 193 163 157 227 208
0059 163 140 229 183 092 138 147 172
0060 167 131 228 171 090 126 150 157
0061 167 121 233 153 090 117 150 147
0062 170 107 234 141 088 104 152 134
0063 089 093 150 127 172 098 232 127
0064 168 092 234 120 088 090 151 124
0065 169 093 232 120 087 087 152 121
0066 088 086 147 119 174 088 232 119
0067 172 087 233 120 084 089 149 120
0068 087 089 150 122 170 091 234 122
0069 172 095 235 126 083 092 145 127
0070 169 103 232 133 086 101 149 138
0071 164 120 228 156 090 126 146 159
0072 086 154 145 197 164 143 224 192
0073 086 184 139 237 166 167 230 227
0074 163 195 223 239 081 208 132 239
0075 058 195 099 234 186 203 230 239
0076 058 199 099 237 190 198 236 235
0077 060 203 096 238 000 000 000 000
0080 057 201 094 238 000 000 000 000
0081 059 208 102 239 000 000 000 000
0082 033 194 079 235 000 000 000 000
0083 009 204 053 239 000 000 000 000
0084 004 210 047 238 000 000 000 000
