0008 149 215 178 235 000 000 000 000
0009 174 177 215 236 000 000 000 000
0010 200 139 239 201 000 000 000 000
0011 204 140 245 192 000 000 000 000
0012 220 123 263 179 000 000 000 000
0013 225 116 271 169 000 000 000 000
0014 225 115 271 167 000 000 000 000
0015 222 109 271 163 000 000 000 000
0016 223 104 268 157 000 000 000 000
0017 221 104 267 159 000 000 000 000
0018 221 103 268 157 000 000 000 000
0019 222 099 268 157 000 000 000 000
0020 220 101 268 158 000 000 000 000
0021 221 101 269 157 000 000 000 000
0022 220 100 268 158 000 000 000 000
0023 217 112 264 167 000 000 000 000
0024 209 121 254 183 000 000 000 000
0025 199 146 244 212 000 000 000 000
0026 181 195 219 234 000 000 000 000
