0000 104 222 140 238 058 219 095 239
0001 104 221 140 238 054 219 095 239
0002 104 221 140 238 058 219 095 239
0003 105 223 142 239 058 219 095 239
0004 105 222 142 239 054 219 095 239
0005 106 222 144 239 057 220 092 239
0006 108 219 153 239 059 223 094 239
0007 129 207 173 239 057 220 096 239
0008 154 183 193 237 056 220 094 239
0009 186 138 230 202 056 222 093 239
0010 209 119 247 187 057 221 093 239
0011 213 112 256 174 059 223 095 239
0012 217 108 260 170 055 219 096 239
0013 214 107 257 170 055 218 096 239
0014 213 112 259 174 058 219 092 239
0015 213 109 252 172 056 221 092 237
0016 214 112 255 174 058 220 092 239
0017 219 107 258 168 060 221 095 236
0018 207 107 250 170 056 220 093 237
0019 195 112 235 177 060 221 095 236
0020 162 126 207 186 060 221 095 236
0021 130 160 165 214 059 221 094 239
0022 103 192 142 236 054 220 096 239
0023 100 210 136 239 059 223 092 239
0024 102 213 135 239 055 221 091 239
0025 102 215 136 239 056 220 095 239
0026 103 214 133 235 055 220 094 239
