0000 288 158 313 223 100 193 116 223
0001 097 193 117 222 289 160 313 228
0002 284 159 315 221 093 195 110 225
0003 288 159 312 223 170 201 189 228
0004 288 158 312 224 082 202 103 237
0005 078 205 102 238 288 161 312 225
0006 073 205 099 238 288 160 312 224
0007 072 207 098 239 288 161 311 224
0008 063 204 094 236 288 160 312 224
0009 062 208 088 235 288 160 312 224
0010 062 210 089 238 288 159 312 224
0011 288 159 312 224 064 209 093 237
0012 068 211 096 239 286 160 309 227
0013 069 207 101 237 286 158 310 225
0014 073 209 102 237 283 162 317 218
0015 073 207 101 236 289 153 310 221
0016 207 109 231 133 072 207 105 239
0017 076 208 106 239 210 106 236 140
0018 073 208 102 238 289 154 313 225
0019 289 156 313 223 070 208 096 237
0020 070 209 099 238 289 157 311 223
0021 070 210 098 239 289 155 312 225
0022 069 209 094 237 208 111 233 141
0023 069 208 096 236 209 112 233 140
0024 072 209 100 237 289 159 311 224
0025 072 209 100 238 289 158 312 223
0026 072 209 100 238 285 157 311 224
0027 068 208 102 239 289 158 312 224
0028 069 208 100 237 289 157 313 225
0029 070 207 102 237 289 159 312 226
0030 073 205 107 237 289 158 312 226
0031 075 201 112 234 289 158 312 226
0032 087 191 123 225 289 158 312 225
0033 099 172 139 210 289 157 313 227
0034 108 156 152 192 289 159 312 226
0035 121 140 163 169 077 149 124 177
0036 288 158 313 226 130 130 178 161
