0000 091 214 133 239 163 213 200 237
0001 091 215 133 239 164 213 200 238
0002 091 215 133 239 164 213 200 238
0003 091 215 133 239 163 214 200 238
0004 090 215 132 239 161 215 201 237
0005 161 210 212 239 090 215 133 239
0006 197 203 233 238 089 214 132 239
0007 221 185 266 229 089 215 132 239
0008 234 170 280 214 088 215 132 239
0009 250 144 297 193 088 215 131 239
0010 257 124 302 170 088 215 131 239
0011 262 106 307 153 088 214 132 239
0012 262 096 307 145 089 214 132 239
0013 261 094 306 143 089 214 132 239
0014 259 092 304 144 089 214 131 239
0015 258 087 304 141 089 214 132 239
0016 261 090 299 138 089 214 132 239
0017 264 091 301 139 089 214 133 239
0018 257 084 302 137 089 214 131 239
0019 264 090 301 137 089 214 131 239
0020 264 090 301 137 089 214 131 239
0021 264 090 301 137 089 214 132 239
0022 256 090 298 138 089 214 131 239
0023 258 084 301 138 089 214 131 239
0024 260 090 299 144 088 214 131 239
0025 257 107 303 158 088 214 131 239
0026 258 128 296 173 088 214 131 239
0027 241 170 288 213 088 217 130 239
0028 225 191 265 230 088 216 130 239
0029 204 212 237 239 089 214 131 239
0030 178 218 217 238 090 215 131 239
0031 175 215 210 238 090 215 132 239
0032 090 214 131 239 175 217 213 239
0033 090 215 132 239 178 215 215 237
0034 090 214 132 239 178 214 214 237
