0009 163 213 194 238 000 000 000 000
0010 182 179 216 232 000 000 000 000
0011 192 137 230 193 000 000 000 000
0012 197 104 241 166 000 000 000 000
0013 207 087 244 150 000 000 000 000
0014 203 077 246 141 000 000 000 000
0015 204 073 247 136 000 000 000 000
0016 206 075 246 133 000 000 000 000
0017 213 073 245 129 000 000 000 000
0018 206 072 247 133 000 000 000 000
0019 205 072 248 134 000 000 000 000
0020 203 077 246 143 000 000 000 000
0021 188 111 234 168 000 000 000 000
0022 182 134 221 196 000 000 000 000
0023 154 203 193 237 000 000 000 000
