0000 102 214 123 238 166 214 187 237
0001 102 212 125 239 158 215 183 237
0002 100 212 122 236 164 215 185 237
0003 099 212 121 239 163 214 188 236
0004 098 213 121 239 161 213 185 235
0005 099 212 121 239 159 213 184 236
0006 170 211 196 238 098 212 120 239
0007 181 211 212 237 097 212 120 239
0008 224 178 248 207 099 215 122 237
0009 098 217 121 238 236 150 257 175
0010 099 216 121 238 241 129 259 155
0011 096 217 119 238 242 117 260 144
0012 099 218 122 238 239 108 258 130
0013 094 219 121 239 239 106 256 129
0014 094 218 120 239 240 104 257 129
0015 095 219 121 239 240 102 257 126
0016 102 214 124 235 240 102 258 126
0017 095 218 121 239 239 105 259 128
0018 094 217 121 239 240 104 258 128
0019 099 216 122 238 240 106 258 131
0020 099 216 121 238 239 111 265 143
0021 239 132 266 164 099 216 122 238
0022 220 165 248 200 099 215 123 237
0023 203 188 227 218 099 215 123 238
0024 176 208 195 234 095 216 121 239
0025 165 209 184 233 099 212 120 236
0026 166 211 187 236 100 214 122 238
0027 165 210 185 236 099 215 121 235
0028 169 211 189 236 101 215 123 237
0029 101 217 123 237 170 209 189 234
0030 169 212 188 236 101 217 124 238
0031 168 212 188 236 102 216 124 238
