0007 201 174 245 236 000 000 000 000
0008 208 131 247 196 000 000 000 000
0009 202 114 244 185 000 000 000 000
0010 202 098 242 169 000 000 000 000
0011 204 093 243 165 000 000 000 000
0012 205 096 250 162 000 000 000 000
0013 205 096 250 162 000 000 000 000
0014 205 097 250 163 000 000 000 000
0015 205 097 250 163 000 000 000 000
0016 205 096 250 163 000 000 000 000
0017 203 099 249 166 000 000 000 000
0018 204 103 246 169 000 000 000 000
0019 202 129 243 197 000 000 000 000
0020 201 154 240 221 000 000 000 000
0021 191 199 239 238 000 000 000 000
