0000 161 193 203 236 101 210 140 239
0001 192 170 218 206 099 210 139 239
0002 206 131 241 177 099 210 138 239
0003 222 111 259 159 100 210 138 239
0004 235 105 269 151 100 209 138 239
0005 240 098 279 146 100 209 138 239
0006 252 106 291 150 099 209 139 239
0007 256 108 295 154 100 209 138 239
0008 255 108 296 154 100 209 138 239
0009 254 107 296 154 100 209 138 239
0010 255 106 295 154 099 209 137 239
0011 256 108 292 155 102 208 134 235
0012 255 108 291 152 101 208 134 235
0013 253 106 291 152 102 208 134 235
0014 252 104 291 151 102 208 134 235
0015 251 101 284 149 102 208 134 235
0016 245 102 283 150 102 211 137 239
0017 234 106 270 151 103 212 136 239
0018 222 113 257 165 099 209 137 239
0019 206 137 238 181 102 208 134 234
0020 176 172 215 210 102 208 134 234
0021 159 187 200 228 102 212 136 239
0022 152 201 195 237 102 209 133 235
0023 155 200 198 237 101 209 136 239
0024 155 201 195 237 101 209 136 239
0025 155 201 195 237 099 208 138 239
0026 156 201 198 237 099 209 138 239
