0001 115 222 144 239 000 000 000 000
0002 142 169 172 210 000 000 000 000
0003 167 108 197 162 000 000 000 000
0004 173 067 215 129 000 000 000 000
0005 175 056 218 115 000 000 000 000
0006 178 052 214 110 000 000 000 000
0007 178 050 213 110 000 000 000 000
0008 174 049 214 110 000 000 000 000
0009 174 050 214 110 000 000 000 000
0010 175 052 214 109 000 000 000 000
0011 176 047 211 106 000 000 000 000
0012 175 051 214 109 000 000 000 000
0013 177 049 212 110 000 000 000 000
0014 175 051 214 109 000 000 000 000
0015 176 049 212 109 000 000 000 000
0016 174 060 212 117 000 000 000 000
0017 160 110 194 157 000 000 000 000
0018 137 166 171 220 025 223 058 238
0019 121 205 159 239 025 224 063 239
0020 113 223 143 239 000 000 000 000
0022 024 223 061 239 000 000 000 000
0023 026 223 062 239 000 000 000 000
0024 026 223 061 239 000 000 000 000
