0005 224 094 263 142 000 000 000 000
0006 230 059 273 113 000 000 000 000
0007 233 039 276 091 000 000 000 000
0008 236 035 276 087 000 000 000 000
0009 236 034 276 085 000 000 000 000
0010 238 039 275 086 000 000 000 000
0011 237 037 276 089 000 000 000 000
0012 248 038 279 083 000 000 000 000
0013 245 037 278 082 000 000 000 000
0014 249 036 280 083 000 000 000 000
0015 247 036 280 083 000 000 000 000
0016 247 036 280 083 000 000 000 000
0017 244 036 279 084 000 000 000 000
0018 247 036 281 084 000 000 000 000
0019 247 035 280 084 000 000 000 000
0020 246 038 279 084 000 000 000 000
0021 246 036 281 086 000 000 000 000
0022 246 038 281 087 000 000 000 000
0023 243 040 277 083 000 000 000 000
0024 243 038 278 087 000 000 000 000
0025 244 036 279 085 000 000 000 000
0026 245 036 280 085 000 000 000 000
0027 243 047 280 095 000 000 000 000
0028 251 083 288 130 000 000 000 000
0029 234 160 273 207 000 000 000 000
0032 152 206 183 234 000 000 000 000
0033 160 201 184 233 000 000 000 000
