0009 151 206 195 238 000 000 000 000
0010 152 172 192 214 054 197 140 233
0011 152 156 194 197 054 179 128 232
0012 153 148 193 188 050 172 127 224
0013 150 150 194 191 050 171 124 215
0014 151 155 193 192 051 172 119 220
0015 150 155 193 194 051 173 121 218
0016 150 155 193 194 053 172 120 215
0017 147 153 191 194 053 173 120 218
0018 148 153 191 195 053 173 120 217
0019 153 158 193 197 052 178 120 221
0020 151 168 187 208 053 188 120 232
0021 145 190 183 239 052 206 122 236
0022 139 218 183 239 000 000 000 000
