0000 147 204 180 237 000 000 000 000
0001 146 209 180 239 000 000 000 000
0005 143 221 189 237 000 000 000 000
0006 053 195 093 238 157 201 197 235
0007 157 165 214 237 057 169 102 232
0008 186 148 230 224 062 147 107 216
0009 189 131 229 203 065 128 115 196
0010 190 108 233 180 071 111 121 184
0011 190 101 230 165 075 096 123 167
0012 187 095 229 161 078 092 125 161
0013 186 091 231 152 080 090 132 162
0014 185 088 230 150 078 090 126 160
0015 082 094 125 171 188 092 227 157
0016 077 094 130 171 187 092 227 160
0017 186 094 233 157 079 093 127 173
0018 188 094 229 159 082 097 126 172
0019 189 095 231 161 079 094 125 163
0020 185 092 230 163 082 093 132 170
0021 081 093 126 173 188 095 226 162
0022 075 093 128 169 188 096 228 163
0023 188 098 230 166 078 089 130 168
0024 187 096 230 163 077 089 129 168
0025 182 103 226 158 080 094 132 160
0026 173 111 218 154 067 103 123 145
0027 061 117 110 160 156 128 200 170
0028 053 144 096 188 144 154 199 207
0029 129 177 184 229 044 170 086 215
0030 040 209 086 239 127 219 173 237
0031 134 204 181 236 000 000 000 000
0032 137 209 179 238 000 000 000 000
0033 138 209 177 238 000 000 000 000
0034 137 206 177 237 000 000 000 000
0035 137 204 176 237 000 000 000 000
0036 132 206 180 239 000 000 000 000
0037 137 209 178 239 000 000 000 000
0038 137 208 177 239 000 000 000 000
0039 137 209 175 239 000 000 000 000
0040 137 206 176 239 000 000 000 000
0041 137 205 176 238 000 000 000 000
0042 137 206 177 239 000 000 000 000
