0002 091 206 130 237 000 000 000 000
0003 090 194 131 237 171 223 217 239
0004 097 165 137 230 162 195 215 239
0005 168 163 223 219 100 136 145 211
0006 162 127 222 201 107 119 154 201
0007 158 110 220 192 107 107 156 201
0008 154 104 214 203 113 107 153 195
0009 154 111 209 207 114 108 153 197
0010 162 116 215 219 114 109 159 205
0011 162 118 220 220 113 105 159 210
0012 165 121 220 220 113 104 165 212
0013 165 118 219 219 117 110 161 206
0014 168 119 222 218 117 112 159 206
0015 168 120 222 217 113 104 161 214
0016 168 119 224 217 115 112 157 205
0017 171 114 222 217 116 113 157 205
0018 172 114 225 214 115 112 157 206
0019 175 122 221 214 116 114 156 209
0020 171 116 224 213 116 112 157 210
0021 174 124 221 213 117 115 157 208
0022 169 119 224 218 118 114 158 209
0023 170 118 225 215 118 115 158 209
0024 172 120 225 216 116 118 157 208
0025 171 119 225 217 116 118 155 208
0026 169 127 224 214 113 118 155 205
0027 168 137 224 218 110 119 160 210
0028 166 161 225 235 109 142 157 213
0029 099 169 149 239 161 194 221 239
0030 092 215 126 239 179 218 228 239
