0000 121 213 154 239 054 223 080 239
0001 122 215 154 239 053 223 080 239
0002 123 211 152 234 053 220 081 239
0003 128 198 161 239 044 208 078 239
0004 041 188 068 234 138 175 167 223
0005 136 166 169 208 033 178 069 227
0006 035 159 066 209 139 150 169 195
0007 039 144 068 195 136 133 168 188
0008 139 130 165 180 040 134 068 183
0009 142 119 169 172 035 124 070 173
0010 142 115 168 168 041 119 069 165
0011 141 109 169 162 040 116 068 166
0012 042 116 070 163 141 110 169 163
0013 040 114 071 164 141 109 171 164
0014 041 115 071 164 142 110 171 162
0015 143 110 170 156 040 116 070 166
0016 143 110 171 159 040 119 070 171
0017 143 110 170 159 044 123 071 166
0018 040 116 069 165 140 113 166 164
0019 142 117 168 169 041 124 070 174
0020 042 142 073 193 136 132 165 181
0021 134 153 166 194 041 155 075 203
0022 042 179 082 230 131 174 166 219
0023 047 202 082 238 126 190 158 237
0024 123 204 155 239 050 217 081 239
0025 122 209 153 239 053 222 081 239
0026 119 209 155 238 053 222 081 239
