0000 126 213 157 239 086 166 127 206
0001 126 212 157 239 090 168 126 208
0002 126 211 157 239 087 164 129 210
0003 085 168 120 204 127 203 159 239
0004 134 189 163 226 071 164 110 197
0005 058 157 090 186 137 170 164 198
0006 141 148 172 184 048 141 076 170
0007 046 130 073 164 140 131 176 170
0008 148 126 175 165 039 122 074 157
0009 046 119 074 154 150 122 178 161
0010 048 120 073 157 152 118 178 157
0011 151 119 178 160 050 123 075 152
0012 051 123 075 153 151 118 178 160
0013 047 121 076 157 154 116 178 156
0014 049 122 075 157 151 117 177 158
0015 150 116 177 159 050 123 075 156
0016 049 123 074 157 153 113 178 155
0017 050 124 074 152 153 114 178 156
0018 049 123 075 158 153 114 178 157
0019 048 121 074 158 153 115 178 158
0020 050 123 074 152 153 114 178 157
0021 050 121 074 152 150 117 176 161
0022 045 123 078 160 150 117 177 158
0023 144 121 180 158 052 125 083 161
0024 063 125 099 170 141 120 170 153
0025 077 139 119 180 138 133 165 171
0026 088 156 128 189 132 162 159 196
0027 118 190 155 217 096 163 131 202
0028 124 202 152 236 096 162 129 202
0029 126 214 157 239 093 163 129 203
0030 123 209 157 238 094 164 131 205
0031 127 212 157 239 096 167 133 205
0032 126 213 157 239 095 167 135 199
0033 126 213 157 239 000 000 000 000
0034 083 183 116 221 126 213 157 239
0035 071 198 102 229 126 213 157 239
0036 066 203 100 234 126 213 157 239
0037 064 208 099 236 126 213 157 239
0038 067 199 099 232 126 212 158 239
0039 068 201 102 235 125 212 158 239
0040 069 202 102 234 125 213 158 239
0041 068 201 101 234 125 213 157 239
0042 066 200 100 233 125 212 158 239
