0001 093 036 158 106 000 000 000 000
0005 099 044 158 108 000 000 000 000
0006 095 042 160 112 000 000 000 000
0007 089 043 152 111 000 000 000 000
0009 090 040 151 109 000 000 000 000
0010 090 040 147 109 000 000 000 000
0011 214 205 257 238 132 215 195 239
0012 224 159 263 218 145 173 225 218
0013 222 134 266 190 154 146 229 193
0014 224 122 266 176 149 136 229 182
0015 228 112 269 161 154 123 231 172
0016 228 102 273 147 158 108 232 157
0017 228 096 271 143 155 102 243 147
0018 228 095 272 143 153 105 242 147
0019 230 096 272 146 154 105 241 151
0020 230 096 273 144 163 105 239 153
0021 231 096 272 146 157 102 231 151
0022 231 096 273 145 161 106 239 154
0023 230 095 273 144 155 103 233 151
0024 230 095 272 144 158 104 232 152
0025 229 099 269 147 156 109 239 156
0026 213 120 258 169 145 134 223 181
0027 203 138 250 190 139 164 202 213
0028 193 188 240 239 000 000 000 000
