0000 039 221 069 239 000 000 000 000
0001 125 223 159 239 000 000 000 000
0002 002 209 045 238 117 208 175 239
0003 022 187 069 230 122 189 176 237
0004 118 175 171 218 037 172 078 224
0005 112 164 168 210 047 163 083 215
0006 051 157 092 208 112 159 164 204
0007 113 156 161 201 054 155 093 204
0008 052 151 089 206 114 157 159 202
0009 114 155 160 200 057 146 094 204
0010 052 150 091 202 115 153 161 197
0011 049 153 093 203 117 150 163 194
0012 049 151 092 204 118 151 164 195
0013 049 151 092 203 120 151 163 195
0014 048 151 092 203 120 151 164 195
0015 048 152 093 203 120 150 166 194
0016 044 150 088 202 121 150 167 194
0017 122 150 167 194 048 146 092 200
0018 122 150 169 194 050 148 090 201
0019 047 152 094 202 123 151 168 196
0020 053 147 094 202 124 150 168 196
0021 055 147 094 201 124 150 170 196
0022 055 147 094 201 124 151 169 195
0023 048 145 093 197 124 150 168 195
0024 124 151 168 194 047 145 095 198
0025 124 151 167 195 050 147 092 199
0026 051 149 092 201 124 151 169 195
0027 124 150 170 196 054 148 092 199
0028 124 150 169 195 054 148 093 200
0029 052 155 089 198 124 151 171 195
0030 125 151 171 195 052 150 094 200
0031 050 150 094 201 122 153 175 197
0032 045 151 096 198 121 153 169 198
0033 043 161 089 212 124 161 167 210
0034 029 177 080 231 125 177 176 234
0035 016 190 062 236 119 200 174 235
0036 016 204 060 238 000 000 000 000
0037 018 207 063 237 000 000 000 000
0038 022 208 068 238 000 000 000 000
0039 021 213 067 239 000 000 000 000
0040 021 213 066 239 000 000 000 000
0041 023 217 069 239 000 000 000 000
0042 023 213 071 239 000 000 000 000
0043 023 212 072 239 000 000 000 000
