0000 181 215 211 237 089 217 132 239
0001 181 215 213 236 089 217 132 239
0002 183 213 218 239 089 216 132 239
0003 190 208 224 239 089 217 132 239
0004 195 206 229 238 089 216 133 239
0005 193 207 230 239 089 217 133 239
0006 195 210 229 238 089 216 133 239
0007 196 214 230 239 089 216 133 239
0008 199 210 241 239 089 217 133 239
0009 219 214 267 239 089 216 133 239
0010 242 186 297 220 089 216 132 239
0011 255 148 313 188 089 216 132 239
0012 258 083 312 139 089 216 133 239
0013 248 058 298 119 089 216 133 239
0014 228 035 278 099 089 215 134 239
0015 207 026 258 086 089 215 134 239
0016 196 022 246 082 089 216 134 239
0017 191 022 241 083 090 215 134 239
0018 190 022 241 083 090 216 135 239
0019 189 022 241 084 090 216 135 239
0020 190 023 239 084 090 216 135 239
0021 190 023 239 084 089 216 135 239
0022 194 024 242 085 090 216 135 239
0023 195 023 242 084 090 216 135 239
0024 197 023 244 087 089 216 136 239
0025 203 029 253 091 089 216 135 239
0026 222 035 266 104 088 216 136 239
0027 236 067 280 125 089 216 136 239
0028 236 134 282 181 089 216 136 239
0029 233 172 271 218 089 217 136 239
0030 223 210 258 237 089 216 136 239
0031 089 216 136 239 000 000 000 000
