0000 058 189 099 229 165 204 212 239
0001 057 188 100 229 165 201 209 238
0002 057 187 100 229 166 198 211 235
0003 057 187 100 229 166 198 212 235
0004 057 187 100 229 165 201 208 237
0005 057 187 099 229 162 196 208 235
0006 058 187 099 229 163 198 208 239
0007 166 202 211 239 058 187 099 229
0008 058 189 099 229 168 198 223 238
0009 057 187 099 229 184 200 229 228
0010 058 189 099 229 191 186 251 212
0011 058 187 099 229 205 163 255 196
0012 058 188 100 229 210 132 262 172
0013 058 188 099 229 218 102 265 148
0014 219 075 262 127 058 188 099 229
0015 215 054 265 114 058 189 099 229
0016 213 037 255 101 058 189 099 229
0017 210 019 257 083 059 188 099 229
0018 209 015 249 073 058 187 099 229
0019 209 006 249 069 059 187 099 229
0020 058 187 099 229 210 007 253 067
0021 059 189 099 229 211 006 253 067
0022 208 007 255 067 059 188 099 228
0023 059 189 098 229 210 007 254 067
0024 058 187 099 229 207 009 253 066
0025 206 005 246 063 059 187 099 229
0026 205 005 244 067 059 188 099 228
0027 059 189 098 229 200 006 242 068
0028 058 188 099 228 201 007 248 067
0029 058 188 100 229 199 009 247 067
0030 058 188 100 229 199 010 244 068
0031 058 188 100 229 195 011 242 072
0032 058 188 100 229 197 012 240 074
0033 058 188 100 229 195 012 236 073
0034 059 187 100 229 196 012 239 073
0035 059 188 100 229 194 011 242 072
0036 058 188 100 229 194 010 242 073
0037 058 188 100 229 195 011 242 073
0038 058 188 100 229 196 012 242 069
0039 058 188 100 229 197 007 238 070
0040 058 187 100 229 201 008 235 069
0041 059 189 100 229 205 009 233 066
0042 058 189 100 229 206 008 234 069
0043 059 189 100 229 206 008 236 069
0044 058 189 099 229 206 006 235 070
0045 058 189 099 229 207 007 236 071
0046 058 189 099 229 207 009 236 072
0047 058 189 099 229 202 011 242 072
0048 200 011 240 078 058 189 099 229
0049 189 014 242 080 058 189 099 229
0050 192 018 235 083 058 189 099 229
0051 190 027 243 085 058 188 100 228
0052 188 029 241 083 058 189 100 229
0053 184 027 237 084 059 190 099 229
0054 183 028 235 086 059 190 099 229
0055 182 027 235 086 059 190 099 229
0056 182 026 234 087 059 190 099 229
0057 183 025 236 087 058 190 099 229
0058 183 025 233 088 058 190 099 229
0059 182 025 236 088 058 190 099 229
0060 183 025 236 087 058 190 099 229
0061 183 025 234 085 058 190 099 229
0062 182 025 234 087 059 190 099 229
0063 182 026 235 087 058 190 099 229
0064 184 028 235 090 058 190 099 229
0065 187 047 242 110 058 188 099 228
0066 058 189 099 229 180 088 230 139
0067 058 188 099 228 166 150 209 177
0068 058 188 099 228 158 190 206 232
0069 058 188 099 228 161 197 207 239
0070 058 188 099 228 161 196 205 238
0071 057 188 098 229 161 195 204 238
0072 054 187 093 227 161 198 204 238
0073 031 181 075 220 161 199 204 238
0074 161 198 204 238 017 185 052 224
0075 161 200 204 237 013 188 044 233
0076 161 199 204 238 006 193 045 239
0077 162 198 205 237 012 205 045 239
0078 163 199 205 237 018 201 051 237
0079 163 199 205 237 016 206 048 234
0080 017 205 048 234 163 195 208 233
0081 160 197 204 238 013 203 049 234
0082 161 196 205 237 012 206 051 238
0083 160 196 205 237 016 207 047 237
