0000 048 206 089 239 000 000 000 000
0001 049 207 088 239 000 000 000 000
0002 047 206 088 239 000 000 000 000
0003 048 205 089 238 000 000 000 000
0004 049 206 089 238 000 000 000 000
0005 048 206 088 239 000 000 000 000
0006 049 206 088 239 000 000 000 000
0007 048 206 088 239 000 000 000 000
0008 045 208 087 239 000 000 000 000
0009 043 207 085 239 000 000 000 000
0010 050 208 088 239 000 000 000 000
0011 044 205 086 239 132 222 169 239
0012 046 205 089 238 134 224 173 239
0013 046 207 088 239 140 213 193 235
0014 047 207 089 239 164 198 216 234
0015 183 158 243 210 042 207 086 239
0016 196 119 257 184 047 205 088 239
0017 195 085 253 153 047 206 087 239
0018 194 047 252 118 048 206 090 239
0019 193 035 248 103 048 206 089 239
0020 192 026 247 095 048 206 089 239
0021 191 022 245 088 042 207 088 239
0022 190 016 243 083 048 206 089 239
0023 189 014 241 080 043 207 089 239
0024 188 011 242 079 043 208 087 239
0025 190 010 243 079 045 211 082 239
0026 192 009 244 077 041 207 084 239
0027 194 009 244 076 042 202 092 237
0028 194 010 245 076 042 202 091 236
0029 194 010 246 075 041 208 084 239
0030 194 010 245 074 044 204 087 239
0031 194 009 246 076 044 208 087 239
0032 194 010 245 076 042 208 084 239
0033 193 011 245 077 044 208 086 239
0034 193 012 245 078 044 208 086 239
0035 193 012 245 078 046 205 087 239
0036 194 013 246 077 045 208 088 239
0037 194 015 246 080 047 208 089 239
0038 195 023 246 089 041 207 086 239
0039 199 043 243 102 041 209 085 239
0040 196 066 241 119 041 209 083 239
0041 190 092 234 138 042 204 091 237
0042 176 137 216 171 045 209 087 239
0043 162 169 214 216 041 203 090 236
0044 152 188 200 237 046 205 087 239
0045 147 208 196 239 043 205 085 238
0046 043 208 087 238 146 215 189 239
0047 042 205 087 237 000 000 000 000
0048 045 205 089 238 000 000 000 000
0049 046 207 089 239 000 000 000 000
0050 047 207 090 239 000 000 000 000
0051 045 206 087 238 000 000 000 000
0052 046 206 087 238 000 000 000 000
0053 047 207 087 239 000 000 000 000
0054 046 207 087 239 000 000 000 000
0055 046 207 086 239 000 000 000 000
0056 046 207 086 239 000 000 000 000
