0002 167 176 227 217 000 000 000 000
0003 186 086 237 153 000 000 000 000
0004 182 047 229 121 000 000 000 000
0005 179 039 225 112 000 000 000 000
0006 181 030 223 110 000 000 000 000
0007 176 039 226 115 000 000 000 000
0008 172 042 221 114 000 000 000 000
0009 176 043 225 113 000 000 000 000
0010 177 039 225 113 000 000 000 000
0011 176 042 225 114 000 000 000 000
0012 177 040 225 115 000 000 000 000
0013 178 040 225 112 000 000 000 000
0014 184 042 231 117 000 000 000 000
0015 188 054 240 125 000 000 000 000
0016 186 094 241 159 000 000 000 000
0017 183 170 224 213 000 000 000 000
