0000 147 221 182 238 000 000 000 000
0001 146 220 182 238 000 000 000 000
0002 145 218 182 239 000 000 000 000
0003 150 207 184 239 000 000 000 000
0004 155 190 200 225 000 000 000 000
0005 166 160 209 201 000 000 000 000
0006 174 124 217 177 000 000 000 000
0007 180 087 220 151 000 000 000 000
0008 182 066 220 132 000 000 000 000
0009 178 052 216 116 000 000 000 000
0010 177 042 214 107 000 000 000 000
0011 176 036 214 098 000 000 000 000
0012 178 031 214 091 000 000 000 000
0013 178 025 219 086 000 000 000 000
0014 180 022 222 086 000 000 000 000
0015 179 023 221 087 000 000 000 000
0016 182 023 218 087 000 000 000 000
0017 182 021 219 086 000 000 000 000
0018 183 020 220 084 000 000 000 000
0019 183 020 220 084 000 000 000 000
0020 183 022 220 084 000 000 000 000
0021 184 022 221 084 000 000 000 000
0022 183 018 221 084 000 000 000 000
0023 183 022 220 083 000 000 000 000
0024 182 017 222 082 000 000 000 000
0025 184 023 220 087 000 000 000 000
0026 184 028 222 095 000 000 000 000
0027 183 048 223 116 000 000 000 000
0028 182 080 220 147 000 000 000 000
0029 172 144 214 194 000 000 000 000
0030 162 194 199 235 000 000 000 000
