0006 169 196 222 237 000 000 000 000
0007 188 099 244 161 000 000 000 000
0008 177 043 253 122 000 000 000 000
0009 179 010 244 093 000 000 000 000
0010 178 005 234 083 000 000 000 000
0011 174 008 223 081 000 000 000 000
0012 168 020 219 092 000 000 000 000
0013 166 023 213 095 000 000 000 000
0014 169 021 215 094 000 000 000 000
0015 170 022 216 092 000 000 000 000
0016 169 020 215 097 000 000 000 000
0017 167 020 218 092 000 000 000 000
0018 170 021 216 093 000 000 000 000
0019 170 023 217 098 000 000 000 000
0020 175 028 225 107 000 000 000 000
0021 179 065 232 138 000 000 000 000
0022 176 142 226 193 000 000 000 000
0023 167 209 213 236 000 000 000 000
