0003 120 203 161 236 171 207 210 237
0004 173 178 214 237 123 175 161 226
0005 124 157 166 212 167 150 206 213
0006 134 140 168 203 163 135 202 199
0007 161 131 196 197 134 137 167 202
0008 131 137 168 200 160 132 195 197
0009 132 137 169 201 161 132 195 197
0010 133 136 169 200 161 132 196 197
0011 134 137 170 201 164 132 199 194
0012 161 131 195 202 131 133 165 202
0013 134 139 169 202 165 139 203 204
0014 171 163 214 228 129 158 172 211
0015 172 190 217 239 120 184 169 235
0016 120 207 158 237 180 213 212 239
