0000 125 213 165 239 000 000 000 000
0001 126 215 162 239 000 000 000 000
0002 125 215 163 239 000 000 000 000
0003 125 214 164 239 000 000 000 000
0004 131 207 165 237 034 224 065 239
0005 032 206 064 234 133 198 165 238
0006 039 195 069 227 131 189 165 228
0007 125 177 164 215 047 178 078 215
0008 122 161 163 202 059 160 092 191
0009 120 153 162 197 069 148 104 186
0010 118 147 159 190 076 143 107 193
0011 078 138 113 190 119 145 155 194
0012 116 146 153 194 086 139 115 194
0013 118 139 151 194 084 135 117 192
0014 120 141 149 192 089 136 119 195
0015 120 140 149 191 084 139 119 193
0016 117 144 148 197 093 139 119 196
0017 120 141 148 195 088 140 123 191
0018 116 142 147 194 087 141 124 193
0019 088 140 122 193 115 143 145 195
0020 115 144 146 198 090 141 123 194
0021 117 145 146 198 093 142 120 193
0022 117 146 146 200 092 142 119 193
0023 113 150 144 205 091 143 118 195
0024 116 147 145 206 092 143 118 200
0025 116 148 145 205 092 143 118 200
0026 116 148 145 203 092 144 119 199
0027 117 147 146 201 091 142 118 199
0028 118 150 147 203 089 143 122 197
0029 117 149 149 200 086 147 117 205
0030 116 152 152 209 080 154 117 203
0031 115 160 158 214 077 159 110 206
0032 119 175 162 225 068 174 108 218
0033 064 182 105 225 125 187 161 233
0034 062 195 103 235 125 193 165 236
0035 125 201 164 237 060 201 101 239
0036 122 207 165 237 061 209 100 236
0037 122 212 164 238 062 213 101 238
0038 126 214 164 238 062 214 099 238
0039 061 212 102 239 121 209 159 239
0040 062 212 102 239 122 209 159 239
