0000 092 199 134 238 202 194 253 235
0001 092 201 134 237 203 192 257 234
0002 093 200 134 237 202 196 257 235
0003 092 201 134 238 204 194 259 234
0004 091 201 134 237 204 191 255 236
0005 091 201 135 238 209 181 256 234
0006 091 201 134 237 204 170 251 226
0007 211 157 250 207 091 202 134 237
0008 202 142 250 197 092 202 134 236
0009 202 123 246 171 091 203 135 237
0010 198 113 244 162 090 202 135 237
0011 196 097 243 145 088 201 135 238
0012 088 202 135 237 193 087 240 139
0013 194 075 232 134 088 201 135 238
0014 186 073 231 128 088 201 135 237
0015 183 069 230 126 089 201 134 237
0016 181 068 228 125 089 201 134 238
0017 183 069 225 127 089 200 135 238
0018 181 071 228 129 089 201 134 237
0019 181 071 228 130 089 201 134 237
0020 178 070 225 128 088 201 135 238
0021 174 075 221 136 088 201 135 237
0022 169 097 220 160 088 202 135 237
0023 162 120 216 185 090 198 134 238
0024 160 146 207 208 090 195 133 238
0025 156 158 207 221 091 198 133 238
0026 156 166 204 231 090 198 134 238
0027 157 170 203 229 090 197 134 238
0028 159 159 204 215 090 197 135 238
0029 163 142 210 192 090 199 133 238
0030 165 121 209 179 090 200 133 237
0031 090 199 134 237 171 104 210 160
0032 090 198 134 238 175 097 211 145
0033 090 199 134 238 174 080 212 132
0034 172 071 214 124 090 199 134 238
0035 175 067 214 119 089 198 135 239
0036 173 061 216 111 090 198 135 238
0037 172 058 213 106 090 197 135 239
0038 174 061 213 109 089 197 135 238
0039 174 064 214 116 089 198 135 238
0040 166 075 215 130 089 199 135 238
0041 166 094 215 150 088 197 134 238
0042 165 110 215 166 089 197 134 238
0043 170 125 219 183 091 191 136 239
0044 166 131 214 184 091 178 140 229
0045 093 162 147 209 166 133 214 185
0046 092 153 150 200 169 131 219 184
0047 160 134 223 182 089 143 154 188
0048 161 133 218 182 086 146 158 188
0049 161 135 219 181 089 146 160 188
0050 163 138 219 182 084 144 154 187
0051 162 138 219 187 088 146 151 183
0052 164 139 225 187 088 145 149 183
0053 164 139 231 185 081 145 147 187
0054 171 138 234 185 079 146 145 186
0055 176 134 242 186 073 145 141 186
0056 066 146 137 188 182 137 248 187
0057 064 144 136 188 182 139 258 184
0058 065 142 132 188 194 145 258 191
0059 062 141 135 190 193 143 268 189
0060 061 141 133 188 200 147 269 191
0061 062 144 133 188 203 144 265 195
0062 196 142 268 190 065 147 136 193
0063 203 149 265 200 073 151 138 200
0064 082 163 141 212 205 157 265 210
0065 082 180 140 231 211 173 266 229
0066 089 183 144 239 209 182 263 237
0067 093 202 138 238 207 196 258 237
0068 091 206 136 237 206 205 255 239
0069 092 206 139 239 205 203 253 238
0070 093 205 136 239 207 202 253 237
0071 092 204 137 237 000 000 000 000
0072 092 204 136 237 000 000 000 000
0073 093 204 136 236 000 000 000 000
0074 094 203 138 237 000 000 000 000
0075 093 202 137 237 212 206 255 238
0076 093 202 136 236 211 203 252 235
0077 092 201 137 238 205 196 251 235
