0000 176 198 224 238 180 132 204 158
0001 176 200 226 239 063 224 097 239
0002 177 199 228 238 063 224 097 239
0003 178 197 228 239 063 224 097 239
0004 178 197 231 237 063 224 097 239
0005 172 181 230 239 059 223 102 239
0006 156 178 218 233 060 223 102 239
0007 151 171 210 236 059 224 102 239
0008 140 150 199 239 059 223 102 239
0009 140 142 195 223 059 224 102 239
0010 139 123 188 199 059 223 102 239
0011 142 102 192 172 059 224 102 239
0012 145 096 181 154 063 224 097 239
0013 150 085 189 141 063 224 097 239
0014 150 085 189 143 063 224 097 239
0015 147 087 189 141 063 224 096 239
0016 143 086 188 137 059 224 101 239
0017 143 086 187 137 059 224 101 239
0018 142 087 185 139 059 224 101 239
0019 139 082 187 136 059 224 101 239
0020 139 086 185 138 059 224 101 239
0021 142 085 185 137 063 223 097 239
0022 141 092 186 144 057 215 107 239
0023 060 201 118 239 140 099 186 154
0024 067 168 131 218 135 115 181 166
0025 131 122 178 175 074 142 138 183
0026 129 125 179 172 075 138 137 178
0027 070 137 126 171 136 127 188 173
0028 157 123 214 174 044 137 096 177
0029 170 123 225 174 034 139 087 179
0030 170 120 229 171 035 139 087 179
0031 169 121 225 174 036 140 089 178
0032 162 125 219 176 038 147 088 193
0033 154 128 207 189 043 158 098 220
0034 151 138 205 207 045 181 105 238
0035 162 162 214 233 046 211 101 239
0036 173 184 232 238 048 218 102 239
0037 174 187 228 239 050 222 104 238
0038 174 190 224 239 000 000 000 000
0039 173 191 228 239 180 132 204 160
0040 176 193 230 239 180 131 204 159
0041 174 195 227 239 178 132 204 159
0042 176 195 223 239 179 131 203 158
0043 174 197 226 239 180 131 204 158
