0000 148 210 191 236 000 000 000 000
0001 144 214 186 238 001 220 028 239
0002 148 211 191 236 002 219 030 239
0003 009 210 053 236 149 211 191 236
0004 024 204 075 237 149 213 189 235
0005 041 205 094 238 149 214 189 239
0006 049 211 099 239 146 210 192 235
0007 052 218 097 239 147 211 190 236
0008 052 219 098 239 147 212 189 236
0009 052 220 094 239 144 214 188 236
0010 051 214 099 239 142 211 193 236
0011 147 213 190 239 051 207 104 239
0012 056 195 104 239 140 200 190 239
0013 133 187 185 234 054 177 100 234
0014 129 178 185 227 050 163 099 228
0015 131 171 189 219 044 161 086 223
0016 033 170 085 221 131 171 190 219
0017 025 172 082 221 132 170 190 219
0018 017 173 075 218 129 168 191 213
0019 010 171 068 216 127 168 189 214
0020 123 162 185 205 002 170 059 216
0021 118 157 179 198 001 168 060 224
0022 000 170 061 223 108 151 169 190
0023 000 170 061 224 090 141 168 175
0024 001 165 059 224 083 135 161 172
0025 001 161 062 221 080 128 151 166
0026 001 165 061 222 074 129 146 168
0027 001 164 061 219 070 131 148 171
0028 001 162 060 218 063 133 140 175
0029 002 158 062 219 057 134 138 176
0030 002 160 068 215 055 139 131 180
0031 003 160 065 214 049 139 122 180
0032 004 161 063 216 120 129 190 172
0033 004 163 064 217 107 123 189 171
0034 004 163 067 216 105 122 181 169
0035 006 158 067 212 101 120 183 167
0036 004 165 063 216 103 117 178 164
0037 003 170 063 217 101 117 175 162
0038 006 164 069 211 095 116 172 161
0039 007 160 069 213 007 124 078 169
0040 006 157 067 211 005 122 065 165
0041 005 160 068 208 008 126 072 172
0042 006 163 065 208 002 128 076 169
0043 004 162 070 210 094 137 169 178
0044 015 170 070 218 026 139 119 185
0045 026 177 069 226 050 148 138 201
0046 038 178 081 232 080 164 155 212
0047 047 199 099 239 110 179 175 230
0048 130 198 193 239 048 208 098 239
0049 149 208 203 238 046 208 087 237
0050 045 211 085 239 160 212 201 239
0051 168 209 206 237 046 215 081 239
0052 174 208 208 237 042 221 079 239
