0004 077 223 113 239 000 000 000 000
0005 073 215 115 237 000 000 000 000
0006 066 207 115 239 000 000 000 000
0007 052 199 111 239 168 223 203 239
0008 048 187 113 239 147 211 197 239
0009 138 203 193 239 046 172 110 229
0010 049 165 114 221 128 190 191 228
0011 053 159 117 218 116 177 185 216
0012 056 150 123 215 113 173 176 210
0013 057 149 119 211 107 175 171 214
0014 058 150 121 210 101 173 167 220
0015 057 149 119 209 094 166 160 218
0016 088 165 157 216 055 147 116 205
0017 059 145 121 206 091 172 165 210
0018 056 145 122 205 096 177 161 211
0019 053 138 120 209 072 179 164 216
0020 050 141 120 210 080 174 156 221
0021 055 142 120 216 083 168 142 223
0022 057 147 129 213 000 000 000 000
0023 056 141 122 209 076 175 147 217
0024 055 140 121 196 060 181 150 218
0025 054 142 122 198 063 178 141 227
0026 059 143 118 196 059 173 135 229
0027 054 141 120 196 053 173 137 228
0028 058 170 139 225 055 143 119 192
0029 051 174 140 216 053 141 119 191
0030 056 142 119 192 056 177 137 217
0031 054 142 124 209 000 000 000 000
0032 060 165 141 211 000 000 000 000
0033 058 148 128 216 000 000 000 000
0034 063 142 124 202 065 187 136 237
0035 065 142 123 202 061 193 141 239
0036 059 187 138 236 064 145 121 202
0037 065 147 121 201 062 185 134 234
0038 061 188 141 239 064 143 121 201
0039 066 145 123 202 063 197 145 233
0040 067 147 124 204 076 214 147 239
0041 071 147 122 205 105 214 170 239
0042 073 157 121 208 000 000 000 000
0043 074 168 117 215 000 000 000 000
0044 078 180 119 225 000 000 000 000
0045 074 193 115 235 000 000 000 000
0046 076 208 115 238 000 000 000 000
0047 074 215 114 239 000 000 000 000
