0004 113 202 156 239 000 000 000 000
0005 103 164 142 205 000 000 000 000
0006 086 117 127 169 000 000 000 000
0007 071 100 121 150 000 000 000 000
0008 071 100 121 150 000 000 000 000
0009 070 100 120 151 000 000 000 000
0010 068 101 119 151 194 204 228 238
0011 066 100 117 151 184 177 224 231
0012 064 100 117 149 176 156 218 195
0013 064 100 115 150 166 132 222 164
0014 064 101 116 150 156 112 208 149
0015 063 101 114 150 165 098 205 144
0016 062 102 113 151 152 098 210 145
0017 142 106 207 143 061 102 113 151
0018 059 101 112 151 144 096 198 138
0019 060 101 109 151 135 109 193 145
0020 059 102 110 151 131 112 189 144
0021 059 102 109 150 135 101 183 143
0022 060 102 109 149 122 108 179 149
0023 108 109 168 147 059 103 109 149
0024 110 099 165 156 058 101 111 151
0025 106 110 152 157 059 103 109 148
0026 101 112 149 161 058 103 109 150
0027 086 106 149 155 059 104 111 148
0028 091 100 148 150 059 106 109 151
0029 061 101 111 149 096 105 139 150
0030 057 103 121 150 000 000 000 000
0031 058 102 116 150 000 000 000 000
0032 069 103 124 153 000 000 000 000
0033 061 102 117 152 000 000 000 000
0034 085 104 142 152 058 107 110 151
0035 089 106 147 154 063 103 108 148
0036 061 101 109 149 104 114 155 155
0037 060 101 111 150 126 115 169 157
0038 061 101 112 151 123 103 177 155
0039 131 101 182 154 060 101 112 150
0040 060 101 114 150 137 112 182 157
0041 060 102 113 151 143 111 192 162
0042 061 102 113 151 150 114 200 162
0043 154 106 204 162 062 103 114 149
0044 061 103 112 150 161 124 208 159
0045 059 103 111 149 164 125 215 162
0046 062 105 114 153 171 100 218 151
0047 169 093 215 152 065 106 116 153
0048 064 104 115 152 156 108 193 156
0049 063 105 113 153 145 108 191 157
0050 062 105 112 153 139 107 182 156
0051 063 106 114 153 128 095 182 153
0052 124 099 172 153 063 108 114 154
0053 057 107 116 156 126 090 163 150
0054 120 091 168 143 057 107 116 156
0055 064 107 114 155 130 093 169 150
0056 064 107 114 156 119 094 169 147
0057 065 109 112 156 114 110 158 152
0058 103 120 150 170 068 111 120 157
0059 071 113 123 162 112 112 142 172
0060 093 128 151 176 068 115 116 158
0061 071 115 120 161 111 138 144 186
0062 111 157 157 208 072 119 120 170
0063 122 188 170 230 084 141 119 189
0064 098 195 136 237 151 211 193 239
0065 103 212 142 236 000 000 000 000
