0000 121 221 150 239 000 000 000 000
0001 119 217 151 239 000 000 000 000
0002 114 216 154 239 000 000 000 000
0003 112 217 151 238 000 000 000 000
0004 107 217 151 239 000 000 000 000
0005 107 217 152 239 000 000 000 000
0006 111 217 152 239 000 000 000 000
0007 112 218 153 239 000 000 000 000
0009 113 219 152 239 000 000 000 000
0010 119 217 156 239 000 000 000 000
0011 124 219 154 239 000 000 000 000
0012 129 213 158 238 080 223 110 239
0013 075 207 118 239 136 208 165 237
0014 069 179 105 230 146 189 179 225
0015 068 168 099 218 146 180 185 218
0016 066 156 098 209 149 169 189 210
0017 148 151 193 187 064 145 093 199
0018 145 137 188 177 060 142 092 200
0019 061 142 088 198 145 143 181 171
0020 057 139 086 195 141 138 178 177
0021 134 144 173 188 059 142 090 196
0022 059 140 086 191 124 148 163 189
0023 108 149 158 180 055 135 082 194
0024 107 147 156 179 056 137 082 194
0025 103 142 154 181 053 138 079 193
0026 098 145 143 183 053 137 080 193
0027 090 146 139 186 054 138 080 191
0028 077 155 136 183 049 135 074 191
0029 079 154 132 183 045 134 069 192
0030 066 148 128 179 040 136 064 190
0031 062 145 127 180 033 136 060 190
0032 034 134 060 190 057 147 120 182
0033 034 136 059 189 053 151 118 183
0034 035 138 065 187 041 154 112 184
0035 031 136 056 185 042 149 110 185
0036 026 135 055 186 044 146 106 180
0037 026 136 055 189 043 149 111 183
0038 050 159 114 197 030 145 050 190
0039 067 178 131 233 034 160 065 216
0040 075 183 133 237 034 169 073 222
0041 044 201 088 239 098 203 146 239
0042 115 207 155 236 057 221 087 239
0043 119 211 159 239 000 000 000 000
0044 125 216 155 236 000 000 000 000
