0000 174 223 206 239 000 000 000 000
0001 175 224 206 239 000 000 000 000
0002 077 220 114 239 172 225 207 239
0003 077 221 120 239 173 222 207 239
0004 079 216 124 239 170 223 206 239
0005 076 210 131 239 172 221 207 239
0006 081 208 129 238 163 217 212 239
0007 084 205 127 236 168 217 211 238
0008 089 201 132 236 162 209 215 239
0009 157 202 212 239 097 195 136 236
0010 155 198 210 238 103 188 138 237
0011 152 188 210 234 106 182 140 235
0012 148 182 207 227 105 171 139 226
0013 150 178 205 220 105 164 140 222
0014 146 173 205 216 101 163 141 222
0015 147 170 206 212 105 158 142 219
0016 147 165 204 208 109 156 140 215
0017 146 167 203 205 105 151 140 209
0018 143 166 200 205 095 147 142 209
0019 093 146 142 210 135 163 194 202
0020 092 143 146 207 123 162 189 203
0021 119 157 182 205 088 148 137 202
0022 116 155 182 206 090 146 138 204
0023 088 144 140 202 118 163 181 202
0024 083 149 136 202 119 159 179 198
0025 112 160 182 199 078 145 136 197
0026 109 154 172 202 079 142 134 198
0027 099 152 173 201 081 145 130 195
0028 081 142 136 195 100 158 177 198
0029 082 140 134 195 101 164 173 200
0030 080 142 135 199 103 159 171 203
0031 085 150 172 208 074 138 123 193
0032 088 145 172 201 077 143 116 192
0033 079 144 130 196 102 153 170 192
0034 077 140 129 190 104 150 172 193
0035 078 141 127 193 101 145 170 195
0036 098 139 174 200 078 140 123 199
0037 078 144 128 201 104 145 172 196
0038 109 147 176 197 078 143 130 200
0039 087 146 141 206 121 152 182 200
0040 096 151 138 206 134 159 192 206
0041 148 159 202 207 102 160 143 212
0042 103 161 148 209 151 160 202 206
