0000 205 193 226 229 124 188 148 222
0001 206 194 225 224 124 187 149 223
0002 205 192 224 223 126 186 152 219
0003 125 180 153 211 206 193 224 222
0004 204 189 227 224 131 168 157 200
0005 202 178 227 218 132 154 161 186
0006 129 115 158 164 202 157 229 195
0007 121 108 160 150 194 127 225 159
0008 188 105 227 134 131 086 166 122
0009 132 066 171 097 183 075 213 099
0010 174 053 212 081 141 054 172 083
0011 144 047 178 074 168 042 201 065
0012 162 031 199 059 145 042 173 063
0013 145 039 172 061 160 027 191 052
0014 163 030 193 055 149 040 175 057
0015 162 031 190 053 145 037 173 058
0016 160 031 191 052 120 044 164 079
0017 160 029 190 053 146 037 172 058
0018 159 031 189 052 145 037 173 058
0019 159 033 189 053 145 041 173 058
0020 161 030 190 052 143 036 171 057
0021 157 028 190 051 149 039 177 056
0022 159 029 191 052 145 042 171 060
0023 156 032 185 055 145 041 171 060
0024 161 032 194 054 145 038 171 061
0025 161 028 188 053 146 038 172 060
0026 163 028 189 053 146 040 172 060
0027 160 030 190 052 145 041 170 060
0028 159 028 190 051 146 038 170 057
0029 161 030 188 051 149 042 175 059
0030 158 029 187 055 147 037 172 058
0031 162 028 192 049 147 039 171 059
0032 159 029 189 055 147 038 174 059
0033 162 029 189 050 145 040 172 061
0034 162 029 189 050 148 039 172 060
0035 159 028 189 051 149 041 176 060
0036 144 042 175 070 166 030 196 052
0037 178 045 207 068 139 053 171 085
0038 135 074 162 098 186 074 212 094
0039 109 098 153 136 189 102 230 132
0040 110 110 152 146 195 120 237 155
0041 116 114 149 171 198 150 232 189
0042 206 171 230 208 118 170 146 192
0043 120 180 147 211 208 186 228 220
0044 123 187 147 221 212 196 229 226
0045 213 191 232 222 124 189 146 221
0046 210 195 230 225 123 189 146 222
0047 209 192 229 224 122 189 147 224
0048 123 190 147 220 206 194 228 225
0049 124 191 148 222 206 194 228 225
0050 206 192 229 225 123 187 147 222
