0000 171 178 187 205 104 170 120 193
0001 170 175 186 203 101 175 117 196
0002 170 181 187 207 099 175 114 196
0003 086 173 104 195 174 173 192 206
0004 077 155 099 181 167 157 189 186
0005 076 103 098 128 146 090 178 120
0006 131 056 158 085 082 065 105 096
0007 091 046 115 072 123 039 152 066
0008 095 036 119 064 115 032 150 060
0009 105 030 142 054 000 000 000 000
0010 107 026 144 050 000 000 000 000
0011 108 025 142 052 000 000 000 000
0012 106 024 145 049 000 000 000 000
0013 109 023 142 050 000 000 000 000
0014 109 023 142 050 000 000 000 000
0015 107 023 144 047 000 000 000 000
0016 106 023 145 048 000 000 000 000
0017 106 025 145 051 000 000 000 000
0018 101 024 150 054 000 000 000 000
0019 096 041 115 068 122 035 152 064
0020 087 058 110 086 130 050 156 081
0021 080 110 104 136 136 101 176 129
0022 149 148 176 178 086 145 109 166
0023 093 162 114 186 162 170 181 202
0024 095 169 114 195 169 174 186 206
0025 100 169 118 196 175 175 190 205
0026 103 167 119 195 176 174 192 203
