0000 149 175 166 206 084 169 109 204
0001 148 175 165 207 083 169 109 204
0002 148 175 166 207 083 169 109 204
0003 148 176 166 207 083 169 109 204
0004 148 176 166 208 083 169 109 204
0005 148 177 165 207 089 178 104 198
0006 142 173 167 206 086 173 102 198
0007 135 165 162 195 078 165 097 186
0008 068 142 093 162 125 134 158 162
0009 067 109 091 134 118 092 148 118
0010 070 077 094 107 111 054 150 088
0011 077 055 096 085 110 038 142 069
0012 083 036 102 064 105 029 133 054
0013 098 024 133 052 084 033 109 064
0014 086 028 125 056 000 000 000 000
0015 087 029 125 056 000 000 000 000
0016 087 026 126 055 000 000 000 000
0017 087 026 126 050 000 000 000 000
0018 092 024 128 049 000 000 000 000
0019 092 021 127 048 000 000 000 000
0020 092 023 127 049 000 000 000 000
0021 092 023 127 049 000 000 000 000
0022 087 022 125 050 000 000 000 000
0023 086 022 128 052 000 000 000 000
0024 088 021 127 052 000 000 000 000
0025 093 023 130 048 000 000 000 000
0026 091 022 130 049 000 000 000 000
0027 092 022 135 048 084 027 109 056
0028 078 041 100 072 110 029 147 052
0029 069 066 092 097 125 051 152 077
0030 064 091 086 111 126 068 162 096
0031 132 103 166 131 061 123 087 146
0032 140 145 164 175 066 152 091 171
0033 077 163 097 188 147 163 167 194
0034 084 170 101 195 152 171 170 202
0035 086 174 104 199 154 173 171 205
0036 088 175 104 199 155 177 172 201
0037 155 174 171 206 087 174 103 198
0038 085 173 101 197 151 172 175 204
0039 086 176 102 200 152 175 168 203
