0001 185 206 203 235 000 000 000 000
0002 103 202 121 232 192 204 218 237
0003 200 189 235 232 087 190 108 226
0004 219 131 248 171 061 139 087 170
0005 208 076 232 126 071 095 100 131
0006 177 041 210 085 085 052 116 093
0007 102 036 134 074 151 040 192 068
0008 116 035 142 066 142 046 175 064
0009 127 047 164 068 118 034 142 070
0010 124 049 152 072 152 056 201 079
0011 123 048 158 069 160 054 201 083
0012 129 054 158 076 156 056 201 083
0013 126 058 152 080 154 060 201 082
0014 131 060 157 080 149 059 201 085
0015 147 058 199 085 130 058 159 076
0016 151 061 200 086 128 061 163 083
0017 130 061 161 085 157 060 199 082
0018 130 059 161 081 157 060 201 083
0019 135 062 163 080 153 060 200 086
0020 131 062 159 082 154 059 201 086
0021 130 064 161 086 154 059 202 086
0022 127 064 164 086 157 060 200 082
0023 124 062 165 086 157 060 201 083
0024 152 061 196 086 126 064 162 085
0025 148 059 200 085 130 063 159 085
0026 127 059 152 081 143 055 202 084
0027 123 055 160 080 142 049 175 073
0028 110 061 137 091 145 051 184 082
0029 171 068 208 113 099 087 125 120
0030 083 137 106 171 198 134 228 180
0031 210 192 227 231 090 180 107 222
0032 193 206 209 236 101 197 118 230
0033 179 206 196 236 000 000 000 000
0034 182 202 197 231 000 000 000 000
0035 181 202 198 232 000 000 000 000
0036 181 202 197 231 000 000 000 000
0037 181 202 197 233 000 000 000 000
0038 182 202 198 231 000 000 000 000
0039 182 202 198 231 000 000 000 000
0040 181 200 197 231 000 000 000 000
0041 180 206 197 236 000 000 000 000
0042 180 202 198 233 000 000 000 000
0043 179 205 199 236 000 000 000 000
0044 180 206 199 237 110 198 128 230
