0000 172 193 193 227 098 207 118 235
0001 173 193 195 226 093 209 120 238
0002 184 181 206 216 097 207 118 235
0003 097 207 118 236 194 124 215 145
0004 191 055 212 084 098 204 120 233
0005 182 046 208 073 102 208 124 233
0006 099 206 121 234 183 076 209 106
0007 098 206 120 234 182 108 206 142
0008 182 116 205 145 097 204 120 236
0009 096 208 119 237 187 083 210 111
0010 096 204 120 237 182 047 208 075
0011 183 042 208 072 099 203 119 232
0012 098 208 120 236 186 076 211 109
0013 182 115 208 147 097 202 120 232
0014 182 115 208 147 097 205 119 236
0015 095 203 118 234 188 074 213 103
0016 098 208 121 236 186 048 212 078
0017 184 063 210 091 100 206 123 234
0018 189 105 213 140 098 207 121 234
0019 097 206 121 237 186 170 208 193
0020 097 205 119 234 177 188 197 217
0021 099 207 121 235 175 190 197 223
0022 177 194 197 225 100 206 122 235
0023 178 195 197 225 099 206 122 234
0024 100 205 122 234 174 194 195 225
