0000 126 177 152 210 192 218 214 239
0001 126 177 151 210 191 218 214 239
0002 126 176 152 210 191 218 214 239
0003 126 177 151 210 191 217 214 239
0004 127 178 151 210 191 217 214 239
0005 127 178 151 210 191 217 214 239
0006 126 178 151 210 191 218 214 239
0007 126 177 151 210 191 218 214 239
0008 126 178 152 210 191 218 213 239
0009 126 176 152 210 185 217 212 239
0010 188 197 212 234 126 178 151 210
0011 188 122 216 166 126 177 151 210
0012 194 078 221 110 127 175 151 208
0013 193 063 219 088 126 175 151 209
0014 127 177 150 207 185 069 208 099
0015 177 093 200 120 125 177 150 209
0016 124 175 150 210 173 124 201 162
0017 121 175 145 209 171 140 200 172
0018 121 176 145 211 164 137 199 171
0019 121 172 147 207 176 097 199 127
0020 121 172 147 206 183 063 204 092
0021 124 175 150 211 183 054 208 076
0022 127 177 149 208 184 055 206 080
0023 126 176 151 205 176 077 201 103
0024 124 175 150 209 175 112 202 135
0025 122 175 148 209 172 126 202 158
0026 171 149 204 179 122 176 148 209
0027 175 192 204 231 123 175 149 209
0028 125 176 151 211 181 212 208 239
0029 125 176 151 210 181 212 207 235
0030 182 215 207 239 125 176 151 211
0031 125 176 151 211 185 216 209 239
