0000 173 195 193 228 099 209 121 234
0001 173 195 193 228 098 208 121 236
0002 173 195 193 228 098 208 121 233
0003 173 195 193 228 098 208 121 236
0004 098 208 121 236 174 190 195 225
0005 098 208 120 236 186 161 208 187
0006 188 092 210 123 098 208 120 235
0007 181 054 204 081 098 208 120 234
0008 181 066 207 095 097 208 120 236
0009 186 107 209 139 097 207 120 236
0010 098 206 121 234 180 142 204 168
0011 098 207 121 235 184 118 205 146
0012 095 205 124 236 188 078 212 112
0013 184 051 208 080 098 207 123 235
0014 185 048 208 079 098 208 122 237
0015 095 205 124 236 187 081 212 113
0016 094 204 124 236 185 114 209 145
0017 094 204 123 236 178 145 201 167
0018 095 206 125 237 181 152 203 177
0019 100 210 123 237 182 156 205 177
0020 098 210 123 237 178 160 200 184
0021 181 175 202 198 098 209 123 237
0022 098 209 122 237 181 182 198 215
0023 175 191 196 224 098 208 122 237
0024 174 191 194 224 099 209 123 236
