0000 195 219 216 239 107 209 130 236
0001 195 219 216 239 108 215 130 239
0002 195 219 217 239 108 209 130 236
0003 195 220 217 239 108 209 130 236
0004 108 209 131 236 195 217 217 238
0005 108 208 130 236 196 217 218 238
0006 109 210 131 236 196 216 220 239
0007 108 210 131 236 196 216 218 238
0008 106 210 128 239 196 217 218 238
0009 194 214 218 237 108 210 131 236
0010 189 194 214 229 108 209 131 236
0011 108 209 131 236 190 140 216 168
0012 186 086 218 121 107 209 130 236
0013 183 062 213 092 107 210 131 237
0014 183 053 209 075 106 214 129 238
0015 100 209 131 239 182 049 209 074
0016 182 057 205 082 100 210 130 239
0017 175 091 201 118 103 213 126 236
0018 170 123 200 153 105 215 129 239
0019 171 128 200 154 103 213 125 236
0020 170 125 199 151 103 214 127 239
0021 171 126 200 154 104 214 127 239
0022 167 141 196 166 102 211 125 236
0023 171 167 197 201 102 211 125 236
0024 177 189 203 229 099 210 129 239
0025 180 205 204 239 104 215 127 239
0026 189 214 208 237 104 215 127 239
0027 192 216 214 239 101 212 125 236
0028 191 213 218 239 104 214 128 239
