0001 164 222 189 239 000 000 000 000
0002 169 192 197 219 000 000 000 000
0003 163 142 197 178 000 000 000 000
0004 169 104 196 142 000 000 000 000
0005 166 093 195 121 000 000 000 000
0006 166 089 195 119 000 000 000 000
0007 165 089 194 122 000 000 000 000
0008 169 093 198 125 000 000 000 000
0009 171 079 198 110 000 000 000 000
0010 172 048 202 081 000 000 000 000
0011 168 025 199 055 000 000 000 000
0012 167 008 198 038 000 000 000 000
0013 165 010 197 038 000 000 000 000
0014 167 028 198 062 000 000 000 000
0015 168 037 197 068 000 000 000 000
0016 169 058 196 089 000 000 000 000
0017 168 081 195 110 000 000 000 000
0018 168 080 196 108 000 000 000 000
0019 169 060 198 092 000 000 000 000
0020 167 042 198 071 000 000 000 000
0021 166 023 197 053 000 000 000 000
0022 164 013 193 043 000 000 000 000
0023 160 017 192 046 000 000 000 000
0024 161 024 192 054 000 000 000 000
0025 164 042 193 072 000 000 000 000
0026 165 060 196 091 000 000 000 000
0027 167 079 196 111 000 000 000 000
0028 169 092 198 125 000 000 000 000
0029 169 092 199 126 000 000 000 000
0030 170 091 200 126 000 000 000 000
0031 168 094 198 130 000 000 000 000
0032 169 111 196 151 000 000 000 000
0033 162 147 192 184 000 000 000 000
0034 159 190 195 219 000 000 000 000
0035 163 222 189 239 000 000 000 000
0036 160 223 185 239 000 000 000 000
0038 162 223 183 239 000 000 000 000
0039 162 224 184 239 000 000 000 000
