0006 177 163 198 192 000 000 000 000
0007 181 142 201 171 112 196 131 220
0008 177 125 201 167 108 196 128 224
0009 177 124 202 157 000 000 000 000
0010 179 113 203 144 000 000 000 000
0011 182 094 205 131 000 000 000 000
0012 110 196 129 225 175 067 202 090
0013 184 033 210 063 000 000 000 000
0014 182 024 209 050 000 000 000 000
0015 179 027 205 055 000 000 000 000
0016 178 028 205 057 000 000 000 000
0017 180 045 205 074 000 000 000 000
0018 177 080 199 107 000 000 000 000
0019 174 101 196 132 104 200 127 231
0020 173 114 194 141 105 201 126 231
0021 174 123 193 148 000 000 000 000
0022 173 120 193 147 103 201 128 230
0023 173 118 194 146 097 203 134 238
0024 176 116 199 144 103 199 127 233
0025 177 100 198 128 104 200 127 233
0026 105 201 127 233 000 000 000 000
0027 182 031 208 059 107 202 130 230
0028 181 021 206 051 000 000 000 000
0029 178 028 205 057 110 198 131 229
0030 178 033 203 067 000 000 000 000
0031 167 061 196 084 000 000 000 000
0032 175 084 197 111 000 000 000 000
0033 172 097 195 123 098 197 129 230
0034 174 105 198 132 105 201 127 232
0035 175 111 198 138 104 200 127 234
0036 175 112 199 138 104 200 129 232
0037 179 103 198 135 103 199 127 234
0038 182 074 206 103 102 201 127 234
0039 183 046 208 073 103 199 127 233
0040 188 029 208 059 097 199 134 236
0041 187 026 208 051 097 196 130 233
0042 183 028 208 058 096 199 134 236
0043 186 043 208 069 110 197 131 226
0044 181 066 207 093 109 197 130 228
0045 178 089 200 116 106 198 127 231
0046 174 104 196 130 108 197 129 229
0047 174 109 194 135 104 196 126 231
0048 175 113 193 139 105 195 126 231
0049 172 113 191 139 000 000 000 000
0050 174 103 194 127 105 195 126 230
0051 180 084 204 114 104 193 126 229
0052 185 058 208 083 105 194 126 230
0053 178 034 212 066 104 196 126 230
0054 177 027 208 060 104 197 127 231
0055 178 029 207 059 111 196 131 228
0056 177 032 202 063 111 196 131 228
0057 182 044 209 074 111 195 132 228
0058 187 075 204 100 110 197 130 228
0059 186 100 206 133 111 199 131 228
0060 182 125 206 157 111 201 131 228
0061 183 150 204 177 103 202 131 232
0062 181 162 201 191 107 199 129 228
0063 106 201 128 231 176 197 197 221
0064 175 194 195 227 106 199 129 231
0065 169 184 189 220 107 200 130 231
0066 172 194 193 220 000 000 000 000
0067 113 198 132 223 000 000 000 000
0068 111 197 128 224 170 187 191 218
0069 172 187 191 219 112 201 130 228
0071 103 196 135 232 172 184 190 216
0072 098 198 131 237 173 187 192 218
0073 173 188 191 219 000 000 000 000
0075 102 205 128 235 000 000 000 000
0078 174 187 193 222 000 000 000 000
0079 175 188 193 223 113 195 132 218
0080 174 190 193 222 114 195 132 217
