0000 122 174 149 207 182 212 208 239
0001 122 174 149 205 182 211 208 239
0002 123 175 150 207 182 211 208 239
0003 123 174 150 207 182 212 209 239
0004 184 200 210 238 123 172 150 207
0005 187 160 216 203 124 173 151 207
0006 188 087 218 133 124 174 151 205
0007 124 173 150 205 188 059 218 087
0008 123 173 148 203 189 066 217 093
0009 121 172 146 204 182 088 209 111
0010 121 173 145 203 180 106 208 137
0011 119 170 146 206 177 118 205 147
0012 120 170 145 203 177 111 205 142
0013 121 172 146 202 180 095 206 125
0014 120 170 146 202 177 063 213 093
0015 120 171 146 202 181 048 209 069
0016 123 172 149 204 182 048 209 068
0017 123 172 149 204 182 067 207 092
0018 123 172 149 204 176 107 204 143
0019 120 171 145 203 170 141 200 171
0020 122 175 145 203 167 136 202 165
0021 119 169 145 203 173 113 207 147
0022 123 172 148 201 180 083 207 105
0023 121 169 147 200 179 068 203 091
0024 121 169 147 201 179 069 203 092
0025 121 170 148 201 176 089 202 118
0026 123 172 149 202 170 144 208 179
0027 121 172 147 203 179 189 208 216
0028 180 204 211 237 123 173 149 202
0029 124 173 150 205 179 207 207 238
0030 124 172 150 205 179 210 209 239
