0000 189 210 214 239 110 208 133 238
0001 188 211 214 239 110 207 133 239
0002 188 210 214 239 109 208 132 239
0003 188 210 214 239 109 208 132 238
0004 188 210 213 239 109 208 132 239
0005 189 211 214 239 110 208 132 239
0006 189 211 214 239 112 208 132 234
0007 189 211 213 239 108 206 133 237
0008 189 211 213 239 111 207 131 234
0009 189 211 214 239 109 208 132 238
0010 189 211 214 239 110 206 133 235
0011 193 209 215 235 111 207 131 234
0012 197 187 223 229 109 207 131 238
0013 108 205 132 235 202 109 231 152
0014 200 057 225 087 107 207 129 238
0015 187 041 216 068 105 205 128 237
0016 105 208 126 234 186 060 212 083
0017 102 205 130 237 180 090 207 115
0018 103 206 125 235 179 107 209 139
0019 102 207 125 238 176 111 205 140
0020 099 207 122 238 175 115 206 144
0021 099 207 122 238 176 128 201 152
0022 178 158 207 187 101 206 124 238
0023 178 187 206 236 105 207 125 235
0024 179 208 208 239 104 208 127 239
0025 182 208 207 239 105 208 129 234
0026 107 207 130 234 181 209 208 239
0027 183 209 208 239 107 210 129 239
0028 178 211 206 239 107 209 130 239
