0000 116 213 144 237 191 222 219 239
0001 113 211 146 239 192 223 218 239
0002 116 211 150 239 195 221 219 239
0003 120 210 154 239 190 221 218 239
0004 191 222 218 239 131 189 164 230
0005 130 170 169 208 191 221 218 239
0006 128 162 172 195 195 223 222 239
0007 136 148 177 183 191 222 219 239
0008 148 143 178 175 195 222 223 239
0009 151 138 179 172 191 216 216 239
0010 143 139 175 173 191 216 220 238
0011 194 219 221 239 158 137 176 167
0012 149 139 174 174 198 213 226 239
0013 138 138 176 179 197 209 227 237
0014 136 139 174 178 201 214 228 239
0015 126 138 169 179 202 213 230 239
0016 109 141 162 186 201 212 227 238
0017 095 145 153 183 200 212 226 238
0018 084 145 144 184 198 210 225 239
0019 072 144 133 184 201 215 228 239
0020 063 141 121 182 200 214 226 239
0021 058 137 113 177 196 212 226 237
0022 056 134 107 175 197 215 225 239
0023 053 136 103 168 197 215 225 239
0024 054 132 100 169 200 217 226 236
0025 056 131 099 167 198 213 226 237
0026 058 130 101 165 200 217 227 239
0027 060 131 099 163 198 213 227 238
0028 060 131 102 163 197 213 226 237
0029 061 132 104 164 196 213 225 237
0030 060 136 101 166 198 216 225 239
0031 058 144 101 174 198 217 225 239
0032 055 154 109 183 197 217 225 239
0033 056 166 100 193 197 218 226 239
0034 057 177 099 207 197 218 225 239
0035 061 188 103 222 196 216 225 238
0036 068 197 106 234 195 216 225 238
0037 077 210 108 239 196 215 223 239
0038 195 215 223 239 090 220 117 239
0039 194 216 222 239 109 219 131 238
