0000 062 223 098 239 107 219 153 239
0001 062 224 099 239 000 000 000 000
0002 062 224 098 239 107 221 151 239
0003 063 224 098 239 107 220 152 239
0004 062 224 099 239 107 220 153 239
0005 060 222 095 238 108 220 152 239
0006 062 224 098 239 108 220 152 239
0007 062 224 098 239 108 220 152 239
0008 062 224 099 239 108 221 152 239
0009 062 223 096 239 108 221 152 239
0010 062 224 099 239 108 220 152 239
0011 062 224 099 239 107 221 150 239
0012 063 223 101 239 105 223 155 239
0013 061 221 099 239 106 221 153 238
0014 058 219 102 239 111 217 160 236
0015 060 218 102 239 111 221 153 239
0016 062 219 098 238 110 215 156 238
0017 061 210 101 237 110 212 142 236
0018 093 204 140 239 066 202 111 235
0019 072 190 132 235 000 000 000 000
0020 072 184 127 238 000 000 000 000
0021 070 182 126 233 000 000 000 000
0022 063 169 122 221 000 000 000 000
0023 062 165 119 215 000 000 000 000
0024 059 150 118 203 000 000 000 000
0025 054 139 113 186 000 000 000 000
0026 048 115 103 170 000 000 000 000
0027 049 108 109 159 000 000 000 000
0028 048 098 112 155 000 000 000 000
0029 047 090 108 145 000 000 000 000
0030 046 087 108 140 000 000 000 000
0031 048 086 107 138 000 000 000 000
0032 045 090 110 144 000 000 000 000
0033 047 093 107 144 000 000 000 000
0034 047 092 111 145 000 000 000 000
0035 047 090 108 142 000 000 000 000
0036 047 091 113 144 000 000 000 000
0037 050 087 109 142 000 000 000 000
0038 045 093 110 143 000 000 000 000
0039 049 090 109 146 000 000 000 000
0040 051 091 110 146 000 000 000 000
0041 049 092 111 147 000 000 000 000
0042 051 092 110 147 000 000 000 000
0043 050 086 111 146 000 000 000 000
0044 050 094 110 145 000 000 000 000
0045 048 092 109 143 000 000 000 000
0046 049 092 112 147 000 000 000 000
0047 050 092 111 146 000 000 000 000
0048 047 085 110 151 000 000 000 000
0049 050 090 107 149 000 000 000 000
0050 050 089 107 149 000 000 000 000
0051 049 094 115 149 000 000 000 000
0052 051 094 114 147 000 000 000 000
0053 050 094 114 147 000 000 000 000
0054 050 094 114 147 000 000 000 000
0055 049 094 116 146 000 000 000 000
0056 050 091 112 148 000 000 000 000
0057 051 091 111 148 000 000 000 000
0058 049 092 111 148 000 000 000 000
0059 049 087 107 142 000 000 000 000
0060 049 092 116 149 000 000 000 000
0061 049 092 116 149 000 000 000 000
0062 050 091 111 147 000 000 000 000
0063 048 093 114 149 000 000 000 000
0064 055 087 109 148 000 000 000 000
0065 050 098 106 159 000 000 000 000
0066 057 125 115 177 000 000 000 000
0067 062 156 122 213 000 000 000 000
0068 062 173 100 211 083 185 133 231
0069 052 202 094 236 098 212 149 237
0070 053 208 091 237 108 217 160 239
0071 053 216 083 238 120 222 163 239
0072 049 216 080 239 129 222 163 239
0073 053 222 080 239 000 000 000 000
0074 055 220 080 239 000 000 000 000
0075 052 220 080 239 000 000 000 000
0076 050 222 079 239 000 000 000 000
