0007 173 202 208 234 066 217 118 238
0008 102 164 143 204 182 164 215 212
0009 134 100 181 162 184 110 217 167
0010 178 083 217 145 159 085 187 142
0011 176 074 217 135 000 000 000 000
0012 171 069 216 129 000 000 000 000
0013 176 068 213 131 000 000 000 000
0014 173 068 209 131 000 000 000 000
0015 173 081 215 130 000 000 000 000
0016 174 085 216 130 000 000 000 000
0017 176 083 217 131 000 000 000 000
0018 177 086 218 132 000 000 000 000
0019 178 086 221 133 000 000 000 000
0020 179 086 222 133 000 000 000 000
0021 181 086 222 133 000 000 000 000
0022 182 085 220 131 000 000 000 000
0023 183 085 223 132 000 000 000 000
0024 183 087 223 132 000 000 000 000
0025 182 088 224 132 000 000 000 000
0026 183 087 224 132 000 000 000 000
0027 182 087 225 133 000 000 000 000
0028 183 087 224 133 000 000 000 000
0029 178 086 224 132 000 000 000 000
0030 179 085 225 132 000 000 000 000
0031 180 087 225 132 000 000 000 000
0032 181 088 224 134 000 000 000 000
0033 182 088 225 136 000 000 000 000
0034 184 088 224 137 000 000 000 000
0035 181 090 226 138 000 000 000 000
0036 182 084 226 144 000 000 000 000
0037 178 099 223 163 000 000 000 000
0038 160 134 215 198 061 166 114 207
0039 170 192 204 237 118 190 170 218
0040 157 218 195 239 000 000 000 000
