0002 053 214 098 239 000 000 000 000
0003 063 199 124 239 118 207 163 239
0004 126 151 170 224 084 156 143 223
0005 098 132 146 200 126 129 177 208
0006 117 106 180 192 000 000 000 000
0007 131 093 195 176 000 000 000 000
0008 133 091 195 158 000 000 000 000
0009 133 074 198 154 000 000 000 000
0010 131 070 191 152 000 000 000 000
0011 136 073 195 152 000 000 000 000
0012 136 075 194 152 000 000 000 000
0013 134 073 195 155 000 000 000 000
0014 133 073 195 154 000 000 000 000
0015 129 075 194 155 000 000 000 000
0016 130 084 196 151 000 000 000 000
0017 129 076 194 155 000 000 000 000
0018 131 074 193 157 000 000 000 000
0019 127 076 194 158 000 000 000 000
0020 123 099 199 149 000 000 000 000
0021 127 090 193 152 000 000 000 000
0022 127 092 178 149 000 000 000 000
0023 095 104 141 166 132 107 173 169
0024 071 149 116 203 124 132 166 189
0025 062 179 108 233 121 154 161 209
0026 112 186 157 232 054 223 083 239
0027 108 223 149 239 000 000 000 000
