0000 074 193 121 237 000 000 000 000
0001 072 189 120 236 125 215 166 239
0002 118 209 162 239 075 192 113 237
0003 114 193 162 237 073 179 115 236
0004 108 175 159 227 076 170 120 235
0005 102 162 162 220 078 152 110 211
0006 097 154 154 210 082 141 112 194
0007 091 138 146 194 000 000 000 000
0008 091 136 145 192 000 000 000 000
0009 088 136 145 197 000 000 000 000
0010 095 132 148 186 000 000 000 000
0011 103 125 152 178 000 000 000 000
0012 103 120 155 175 000 000 000 000
0013 104 120 152 173 000 000 000 000
0014 089 121 143 182 122 129 156 177
0015 099 123 155 177 000 000 000 000
0016 112 128 153 178 089 123 131 176
0017 105 125 152 178 083 124 126 169
0018 095 125 145 183 000 000 000 000
0019 092 130 145 179 000 000 000 000
0020 084 126 140 180 000 000 000 000
0021 084 126 145 182 000 000 000 000
0022 089 126 149 180 000 000 000 000
0023 084 130 143 180 120 122 157 171
0024 091 118 148 178 000 000 000 000
0025 092 119 156 177 000 000 000 000
0026 100 114 160 178 000 000 000 000
0027 099 114 159 176 000 000 000 000
0028 102 119 163 179 000 000 000 000
0029 102 116 157 177 000 000 000 000
0030 101 110 163 176 000 000 000 000
0031 105 112 166 173 000 000 000 000
0032 097 122 166 175 000 000 000 000
0033 098 123 168 174 000 000 000 000
0034 104 114 167 172 000 000 000 000
0035 098 124 169 174 000 000 000 000
0036 100 122 168 173 000 000 000 000
0037 100 124 169 173 000 000 000 000
0038 102 124 171 174 000 000 000 000
0039 101 125 171 174 000 000 000 000
0040 100 122 169 174 000 000 000 000
0041 097 115 170 181 000 000 000 000
0042 097 127 171 176 000 000 000 000
0043 098 127 172 175 000 000 000 000
0044 098 125 170 175 000 000 000 000
0045 103 125 169 175 000 000 000 000
0046 104 123 169 175 000 000 000 000
0047 102 129 172 174 000 000 000 000
0048 099 123 171 170 000 000 000 000
0049 109 104 171 175 000 000 000 000
0050 097 125 176 174 118 094 149 151
0051 099 126 170 175 116 096 147 140
0052 100 125 172 173 000 000 000 000
0053 101 124 172 174 000 000 000 000
0054 104 120 172 174 000 000 000 000
0055 107 103 171 177 000 000 000 000
0056 104 120 172 173 000 000 000 000
0057 103 123 171 174 000 000 000 000
0058 103 121 171 173 000 000 000 000
0059 100 125 173 174 000 000 000 000
0060 104 120 169 174 000 000 000 000
0061 107 119 169 174 000 000 000 000
0062 106 106 164 178 000 000 000 000
0063 094 132 169 177 000 000 000 000
0064 108 120 169 174 118 100 150 148
0065 108 118 170 175 000 000 000 000
0066 100 125 170 175 111 095 143 143
0067 100 126 169 176 000 000 000 000
0068 110 116 167 174 110 095 143 145
0069 107 106 162 179 000 000 000 000
0070 107 115 165 175 000 000 000 000
0071 105 109 162 182 000 000 000 000
0072 105 108 162 181 000 000 000 000
0073 105 107 160 181 000 000 000 000
0074 109 116 167 174 000 000 000 000
0075 110 115 167 175 000 000 000 000
0076 108 112 166 176 000 000 000 000
0077 114 110 159 181 000 000 000 000
0078 113 109 159 175 000 000 000 000
0079 113 109 157 182 000 000 000 000
0080 113 110 158 186 000 000 000 000
0081 112 124 155 191 000 000 000 000
0082 086 155 154 220 000 000 000 000
0083 092 188 151 237 054 187 092 226
0084 120 223 163 239 064 215 115 239
0085 038 211 077 238 000 000 000 000
0086 032 221 067 239 000 000 000 000
