0007 067 207 129 237 000 000 000 000
0008 074 152 136 231 000 000 000 000
0009 064 161 146 211 078 137 123 193
0010 079 112 130 182 000 000 000 000
0011 058 105 139 175 000 000 000 000
0012 066 097 142 158 000 000 000 000
0013 075 055 135 137 000 000 000 000
0014 075 056 143 118 091 043 128 089
0015 073 053 143 114 093 032 133 070
0016 080 036 144 103 000 000 000 000
0017 088 029 145 104 000 000 000 000
0018 094 030 152 105 000 000 000 000
0019 085 025 145 104 000 000 000 000
0020 090 032 150 105 000 000 000 000
0021 083 036 148 102 000 000 000 000
0022 089 032 151 107 000 000 000 000
0023 088 029 148 105 000 000 000 000
0024 085 037 147 100 000 000 000 000
0025 089 031 149 104 000 000 000 000
0026 083 035 146 096 000 000 000 000
0027 085 030 150 105 000 000 000 000
0028 082 036 145 101 000 000 000 000
0029 085 039 144 114 000 000 000 000
0030 082 050 145 134 000 000 000 000
0031 073 074 143 154 000 000 000 000
0032 072 116 140 195 000 000 000 000
0033 063 156 117 222 090 147 158 216
0034 105 202 149 239 080 213 109 239
