0000 042 207 076 235 107 213 150 239
0001 107 211 149 239 040 206 075 235
0002 111 211 149 237 042 207 076 236
0003 111 204 152 237 040 206 075 235
0004 112 190 151 227 041 206 077 235
0005 111 169 152 209 042 204 078 236
0006 107 161 149 200 042 204 077 235
0007 104 148 147 184 042 205 078 236
0008 091 137 145 166 042 205 078 235
0009 085 133 144 161 046 207 075 236
0010 084 131 145 162 047 206 075 235
0011 085 131 143 162 043 206 076 235
0012 093 132 147 162 045 207 075 236
0013 106 138 152 173 045 206 075 236
0014 115 137 157 179 045 206 075 236
0015 116 138 161 178 045 206 075 236
0016 118 138 162 178 045 207 075 236
0017 120 138 161 177 046 205 074 234
0018 115 138 158 177 045 205 074 234
0019 101 139 152 173 046 206 074 235
0020 091 138 146 167 045 206 074 235
0021 092 135 144 165 046 207 076 235
0022 092 135 145 165 046 206 077 234
0023 091 136 148 167 045 207 074 235
0024 099 140 149 170 045 206 074 235
0025 110 141 154 176 045 206 074 235
0026 114 144 158 180 045 206 074 235
0027 118 144 161 182 046 206 077 235
0028 118 145 162 183 045 206 074 235
0029 118 144 161 181 045 206 074 236
0030 107 145 159 176 045 206 074 236
0031 092 140 150 173 045 206 074 236
0032 086 135 144 167 043 206 077 234
0033 088 135 148 165 042 206 077 235
0034 111 138 154 181 042 205 077 235
0035 128 144 161 182 042 205 077 235
0036 121 144 157 180 042 205 077 235
0037 101 139 149 178 042 205 077 235
0038 094 140 144 176 042 205 077 235
0039 087 135 145 170 041 205 078 234
0040 090 135 146 170 042 205 077 234
0041 093 139 146 176 043 205 077 234
0042 102 143 146 176 044 206 077 234
0043 104 146 151 183 044 206 077 234
0044 107 151 151 189 044 206 077 234
0045 112 167 151 201 043 206 077 234
0046 113 174 152 212 047 208 076 234
0047 117 182 155 224 046 208 076 234
0048 113 195 152 235 047 207 076 234
0049 112 200 152 237 044 206 077 234
0050 113 205 151 238 043 206 076 234
0051 112 205 151 238 043 206 076 234
0052 113 208 149 237 043 206 077 234
0053 112 212 149 237 043 204 076 234
0054 112 212 149 237 043 204 077 234
0055 112 211 149 237 043 204 076 234
