0008 180 223 205 239 000 000 000 000
0009 178 208 244 239 000 000 000 000
0010 160 207 238 235 000 000 000 000
0011 156 195 224 238 000 000 000 000
0012 142 195 223 234 000 000 000 000
0013 126 197 197 239 000 000 000 000
0014 101 196 186 239 000 000 000 000
0015 070 205 151 236 122 192 175 235
0016 060 198 133 236 000 000 000 000
0017 043 173 110 230 097 184 158 236
0018 031 140 094 206 000 000 000 000
0019 034 118 092 185 000 000 000 000
0020 039 112 098 178 000 000 000 000
0021 045 126 103 198 000 000 000 000
0022 053 158 113 229 110 182 166 233
0023 070 191 136 239 117 192 173 233
0024 086 205 168 236 000 000 000 000
0025 105 218 185 239 131 188 195 234
0026 138 203 204 238 127 221 171 238
0027 154 190 232 232 145 220 200 238
0028 170 178 236 222 157 208 209 232
0029 164 174 235 220 153 208 206 235
0030 148 193 215 237 000 000 000 000
0031 117 199 191 238 000 000 000 000
0032 097 205 175 236 136 183 189 233
0033 075 195 149 239 132 187 182 232
0034 058 156 117 225 115 180 170 231
0035 051 127 113 195 105 171 165 222
0036 053 105 119 179 000 000 000 000
0037 067 113 122 179 000 000 000 000
0038 081 137 138 202 000 000 000 000
0039 112 169 165 234 154 204 191 235
0040 131 212 189 239 000 000 000 000
