0000 071 151 117 203 159 152 199 204
0001 071 151 117 203 155 156 203 204
0002 071 151 117 203 160 151 198 203
0003 071 151 117 203 156 155 201 204
0004 071 151 117 203 158 149 199 201
0005 069 149 116 203 152 136 197 178
0006 070 151 117 203 141 123 190 162
0007 070 151 117 203 124 097 177 126
0008 070 151 117 203 112 088 174 122
0009 070 151 117 203 121 089 182 119
0010 070 151 117 203 151 092 194 124
0011 070 151 117 203 135 091 199 123
0012 070 151 117 203 129 097 189 126
0013 070 151 117 203 125 099 186 127
0014 070 151 117 203 145 099 202 137
0015 070 151 117 203 148 105 198 144
0016 070 151 117 203 126 099 184 133
0017 071 149 116 202 110 095 177 126
0018 070 149 116 202 137 096 199 132
0019 071 150 116 202 159 099 204 139
0020 070 150 116 202 134 098 191 133
0021 070 150 116 202 121 096 179 124
0022 071 151 116 202 129 096 185 128
0023 071 150 116 202 153 097 200 139
0024 071 151 116 202 145 098 199 138
0025 071 151 116 202 127 100 177 128
0026 071 151 116 202 123 095 178 125
0027 071 151 116 202 135 100 183 135
0028 071 151 116 202 155 105 206 145
0029 070 150 115 203 160 110 203 152
0030 070 150 116 203 158 113 202 155
0031 070 150 116 203 154 123 198 163
0032 070 150 116 203 149 139 197 177
0033 071 150 115 202 152 157 194 196
0034 071 150 116 203 151 156 196 202
0035 071 150 116 202 154 160 198 203
0036 070 150 116 203 152 157 199 203
0037 070 149 116 203 151 156 202 202
0038 071 150 116 203 151 153 204 199
0039 070 150 116 203 152 156 203 204
0040 071 149 116 203 153 157 202 205
0041 069 150 116 202 154 155 198 203
0042 069 150 118 202 155 156 198 203
0043 070 151 118 202 155 155 203 205
0044 070 151 118 202 155 155 202 205
0045 070 152 117 202 155 157 197 203
