0006 151 217 188 239 000 000 000 000
0007 147 204 197 235 000 000 000 000
0008 155 195 201 239 000 000 000 000
0009 160 185 217 239 000 000 000 000
0010 169 182 227 237 000 000 000 000
0011 161 196 210 237 000 000 000 000
0012 108 190 159 226 000 000 000 000
0013 090 169 160 209 000 000 000 000
0014 118 165 184 207 000 000 000 000
0015 134 168 200 221 000 000 000 000
0016 123 167 190 213 000 000 000 000
0017 097 166 162 212 000 000 000 000
0018 121 168 187 212 000 000 000 000
0019 152 164 214 220 000 000 000 000
0020 117 164 175 217 121 211 163 236
0021 102 166 163 213 000 000 000 000
0022 127 163 183 209 000 000 000 000
0023 148 165 210 219 000 000 000 000
0024 124 167 187 217 000 000 000 000
0025 101 167 164 211 000 000 000 000
0026 118 165 181 211 000 000 000 000
0027 145 167 212 219 000 000 000 000
0028 142 166 207 224 000 000 000 000
0029 109 165 169 214 000 000 000 000
0030 108 168 171 216 000 000 000 000
0031 141 168 209 221 000 000 000 000
0032 144 169 211 221 000 000 000 000
0033 112 170 179 220 000 000 000 000
0034 111 173 176 219 000 000 000 000
0035 124 180 179 225 000 000 000 000
0036 140 203 186 238 000 000 000 000
