0009 175 202 235 238 000 000 000 000
0010 176 187 245 221 000 000 000 000
0011 188 186 254 218 000 000 000 000
0012 216 178 281 229 000 000 000 000
0013 199 176 270 219 000 000 000 000
0014 192 170 256 207 000 000 000 000
0015 205 167 272 213 000 000 000 000
0016 200 167 269 208 000 000 000 000
0017 188 163 254 195 000 000 000 000
0018 204 161 280 205 000 000 000 000
0019 204 167 277 202 000 000 000 000
0020 188 166 254 195 000 000 000 000
0021 206 176 275 216 000 000 000 000
0022 217 175 284 219 000 000 000 000
0023 187 167 246 194 000 000 000 000
0024 195 170 267 211 000 000 000 000
0025 197 168 265 220 000 000 000 000
0026 180 168 243 196 000 000 000 000
0027 199 171 265 208 000 000 000 000
0028 202 166 272 212 000 000 000 000
0029 188 166 243 195 000 000 000 000
0030 195 166 263 208 000 000 000 000
0031 205 163 271 214 000 000 000 000
0032 187 171 250 204 000 000 000 000
0033 216 166 281 218 000 000 000 000
0034 206 174 263 211 000 000 000 000
0035 208 174 281 221 000 000 000 000
0036 212 172 278 213 000 000 000 000
0037 205 170 276 214 000 000 000 000
0038 212 163 274 220 000 000 000 000
0039 205 166 263 216 000 000 000 000
0040 191 173 244 224 000 000 000 000
0041 183 187 234 237 000 000 000 000
0042 174 206 227 239 000 000 000 000
0043 186 223 224 239 000 000 000 000
