0003 183 210 219 239 000 000 000 000
0004 195 176 234 233 000 000 000 000
0005 213 143 257 182 000 000 000 000
0006 220 131 267 169 000 000 000 000
0007 237 115 297 149 000 000 000 000
0008 238 103 308 143 000 000 000 000
0009 232 101 312 144 000 000 000 000
0010 235 099 296 150 000 000 000 000
0011 228 103 277 155 000 000 000 000
0012 193 092 248 143 000 000 000 000
0013 184 088 243 140 000 000 000 000
0014 187 092 245 146 000 000 000 000
0015 197 102 251 158 000 000 000 000
0016 227 105 281 158 000 000 000 000
0017 232 109 303 153 000 000 000 000
0018 233 105 307 147 000 000 000 000
0019 238 104 304 151 000 000 000 000
0020 228 107 279 161 244 160 280 181
0021 214 116 255 173 000 000 000 000
0022 199 108 253 162 000 000 000 000
0023 203 114 249 176 000 000 000 000
0024 221 113 262 179 000 000 000 000
0025 228 111 284 161 240 135 295 177
0026 233 107 303 160 000 000 000 000
0027 240 105 304 160 000 000 000 000
0028 233 112 293 157 000 000 000 000
0029 224 131 269 187 000 000 000 000
0030 217 155 262 216 000 000 000 000
0031 196 205 242 239 000 000 000 000
