0000 115 210 152 239 041 207 069 236
0001 114 211 151 237 040 207 070 236
0002 116 207 150 238 040 206 070 236
0003 114 195 151 235 040 206 070 235
0004 114 176 154 225 041 206 070 236
0005 121 158 152 205 036 207 074 235
0006 117 140 152 175 040 205 070 235
0007 104 134 149 170 041 208 070 237
0008 093 128 147 158 041 208 070 236
0009 099 126 146 153 036 207 074 235
0010 116 130 153 165 036 208 074 235
0011 041 207 069 237 124 130 160 157
0012 127 129 168 164 041 204 070 236
0013 119 131 154 164 041 204 070 235
0014 091 131 148 162 036 205 075 234
0015 091 128 144 160 041 206 070 235
0016 113 129 148 161 041 206 070 235
0017 036 205 074 234 121 128 160 156
0018 118 131 155 169 041 205 070 235
0019 099 132 148 164 041 205 070 235
0020 086 130 140 159 040 205 070 235
0021 092 127 145 158 041 205 070 236
0022 115 131 150 168 039 206 070 236
0023 121 132 155 168 040 206 070 236
0024 114 131 150 168 043 207 072 236
0025 105 133 145 165 043 209 072 236
0026 093 131 146 160 041 209 069 236
0027 092 129 143 157 040 208 069 235
0028 098 129 148 158 040 208 070 236
0029 106 132 151 161 043 208 072 236
0030 118 137 154 177 038 208 075 235
0031 117 142 155 177 040 209 069 236
0032 118 139 155 177 040 208 070 236
0033 117 139 152 174 039 208 070 236
0034 118 142 154 176 039 207 069 236
0035 117 141 152 175 039 208 069 236
0036 117 142 153 177 041 209 069 236
0037 113 146 152 180 040 209 070 236
0038 112 157 154 196 041 209 070 236
0039 113 167 153 202 038 209 074 235
0040 118 177 156 215 039 208 069 235
0041 114 184 154 227 041 209 069 236
0042 112 190 155 232 042 208 070 235
0043 112 195 156 235 041 208 070 235
0044 111 201 155 236 041 207 070 235
0045 112 206 153 237 041 207 069 236
0046 112 207 148 239 037 206 074 234
0047 110 209 151 236 041 206 069 235
0048 113 211 150 237 037 207 075 235
0049 113 213 151 237 039 208 070 236
0050 113 212 151 237 039 208 070 236
0051 113 211 150 237 039 207 070 236
0052 113 211 151 237 039 208 070 236
0053 112 212 150 237 038 208 070 236
0054 113 212 150 237 039 208 070 236
0055 111 211 151 238 039 208 070 236
0056 112 212 151 237 041 206 070 235
