0000 080 138 107 164 149 187 173 217
0001 078 143 105 173 150 185 173 216
0002 077 158 103 198 149 187 173 217
0003 077 172 098 208 150 185 171 216
0004 078 174 100 211 148 187 173 217
0005 150 185 173 217 082 176 104 206
0006 151 185 174 217 082 172 105 209
0007 151 185 174 216 083 171 106 209
0008 150 184 173 216 083 171 105 208
0009 085 175 106 205 148 188 168 219
0010 084 175 106 204 147 184 171 217
0011 084 175 105 205 149 187 170 218
0012 083 171 106 208 149 184 171 214
0013 085 174 103 207 149 182 172 213
0014 083 171 105 208 150 184 170 216
0015 082 171 105 208 148 184 169 217
0016 081 173 103 209 150 183 170 217
0017 152 166 174 198 080 171 103 210
0018 152 127 178 155 080 173 102 211
0019 151 076 177 118 080 173 102 211
0020 148 058 174 096 080 172 100 205
0021 147 060 172 093 083 175 103 209
0022 144 072 170 091 081 175 101 207
0023 079 174 102 210 146 077 170 119
0024 079 171 101 203 143 077 166 098
0025 080 171 100 204 146 080 170 131
0026 079 172 100 210 144 082 171 133
0027 079 173 100 211 144 083 171 132
0028 079 172 100 205 145 083 171 132
0029 078 173 100 210 145 082 170 129
0030 078 172 101 210 146 081 171 133
0031 079 173 100 206 144 080 169 120
0032 078 175 099 205 144 074 168 096
0033 145 073 173 105 074 176 093 210
0034 153 101 177 134 070 176 091 212
0035 067 177 090 211 164 140 182 185
0036 158 169 178 210 070 180 092 213
0037 152 181 174 220 073 177 096 213
0038 146 182 167 215 076 174 099 212
0039 082 174 105 210 144 182 166 212
0040 082 174 105 210 147 183 167 214
0041 082 176 103 204 145 182 165 212
0042 083 175 106 211 144 180 165 214
0043 083 176 106 211 144 180 166 214
