0000 199 199 219 232 117 189 141 229
0001 198 198 218 231 116 190 139 228
0002 116 189 139 227 197 198 218 231
0003 190 192 220 229 115 189 139 229
0004 193 194 215 229 115 191 138 228
0005 186 177 213 216 115 190 139 228
0006 116 192 138 227 163 149 193 179
0007 143 106 182 143 115 188 138 223
0008 136 085 166 117 116 187 138 223
0009 135 082 164 110 116 187 141 224
0010 118 189 140 226 141 095 167 116
0011 118 189 140 226 137 092 163 113
0012 128 084 162 114 118 189 140 226
0013 127 080 157 112 117 188 138 224
0014 125 076 158 112 116 188 139 224
0015 125 082 154 107 115 187 138 223
0016 134 092 161 119 115 187 138 223
0017 119 190 139 224 136 097 165 120
0018 130 093 158 114 116 188 138 225
0019 127 084 158 117 118 188 140 225
0020 124 081 154 113 118 188 140 225
0021 129 085 157 113 118 189 140 225
0022 132 093 161 115 117 187 141 223
0023 134 095 167 119 116 187 139 223
0024 135 095 166 120 116 186 139 223
0025 132 092 160 114 118 189 138 224
0026 131 084 158 117 118 188 140 226
0027 131 085 158 115 116 186 139 224
0028 132 089 160 116 117 188 141 224
0029 117 189 140 225 137 100 164 123
0030 117 188 139 224 000 000 000 000
0031 117 189 140 225 000 000 000 000
0032 117 188 138 224 132 094 166 122
0033 135 100 174 122 117 190 138 225
0034 142 117 182 142 117 190 138 225
0035 160 142 201 174 118 190 138 225
0036 181 167 212 202 117 191 137 225
0037 194 183 221 219 116 191 136 225
0038 201 190 225 227 116 191 136 225
0039 200 197 224 231 118 190 140 226
0040 199 196 220 229 118 190 139 226
0041 196 197 215 229 118 189 140 225
0042 196 197 215 229 117 189 141 227
0043 196 197 215 230 117 189 141 226
0044 196 197 215 231 117 190 142 226
0045 196 199 215 231 116 189 142 227
