0000 204 197 225 225 127 200 144 228
0001 219 183 242 203 133 192 152 218
0002 239 150 265 170 000 000 000 000
0003 243 118 268 139 000 000 000 000
0004 237 088 260 108 000 000 000 000
0005 234 068 256 091 000 000 000 000
0006 228 059 252 084 000 000 000 000
0007 230 051 254 080 000 000 000 000
0008 231 055 255 080 000 000 000 000
0009 233 052 256 079 000 000 000 000
0010 233 052 257 079 000 000 000 000
0011 231 053 255 081 000 000 000 000
0012 229 054 254 077 000 000 000 000
0013 230 058 253 088 000 000 000 000
0014 224 087 248 116 000 000 000 000
0015 219 149 249 178 134 195 152 220
0016 216 181 241 210 132 198 150 223
0017 202 198 220 228 131 205 151 234
0018 129 204 148 236 000 000 000 000
0019 130 206 150 235 000 000 000 000
0020 131 206 149 235 000 000 000 000
