0000 109 207 131 235 185 191 206 225
0001 183 186 202 217 105 206 126 235
0002 175 157 200 183 107 188 125 217
0003 170 114 197 144 000 000 000 000
0004 181 090 208 119 000 000 000 000
0005 199 074 223 098 000 000 000 000
0006 228 041 251 078 000 000 000 000
0007 246 041 281 068 000 000 000 000
0008 247 044 286 077 000 000 000 000
0009 250 046 284 076 000 000 000 000
0010 250 047 284 075 000 000 000 000
0011 248 045 286 080 000 000 000 000
0012 250 047 283 075 000 000 000 000
0013 247 035 281 072 000 000 000 000
0014 226 035 250 073 000 000 000 000
0015 189 061 214 094 000 000 000 000
0016 169 089 198 120 000 000 000 000
0017 169 112 197 143 000 000 000 000
0018 170 143 198 165 000 000 000 000
0019 178 167 201 199 000 000 000 000
0020 179 181 199 218 000 000 000 000
0021 099 202 125 233 180 188 201 224
0022 108 208 131 238 183 188 205 225
0023 116 205 141 236 184 192 206 229
0024 114 202 149 234 185 193 206 230
0025 184 193 205 230 119 206 145 235
0026 184 187 204 224 116 198 149 229
