0000 189 223 209 239 000 000 000 000
0001 190 224 210 239 000 000 000 000
0002 190 223 210 239 000 000 000 000
0003 189 221 209 238 000 000 000 000
0004 189 221 211 239 000 000 000 000
0005 189 223 209 239 105 213 124 234
0006 189 224 208 239 000 000 000 000
0007 190 224 210 239 000 000 000 000
0008 198 223 219 239 000 000 000 000
0009 220 206 249 236 000 000 000 000
0010 254 147 293 173 000 000 000 000
0011 264 088 294 112 000 000 000 000
0012 254 060 280 087 000 000 000 000
0013 251 054 280 083 000 000 000 000
0014 250 054 278 084 000 000 000 000
0015 246 055 273 079 000 000 000 000
0016 247 045 274 078 000 000 000 000
0017 246 045 275 077 000 000 000 000
0018 245 047 273 076 000 000 000 000
0019 246 048 274 077 000 000 000 000
0020 247 047 271 074 000 000 000 000
0021 246 046 275 078 000 000 000 000
0022 246 049 275 080 000 000 000 000
0023 246 049 274 080 000 000 000 000
0024 249 052 273 076 000 000 000 000
0025 246 052 274 076 000 000 000 000
0026 247 051 274 080 000 000 000 000
0027 246 052 274 080 000 000 000 000
0028 248 052 277 076 000 000 000 000
0029 246 051 271 076 000 000 000 000
0030 247 052 271 078 000 000 000 000
0031 247 053 272 081 000 000 000 000
0032 253 064 280 091 000 000 000 000
0033 262 099 292 128 102 207 119 234
0034 256 151 296 174 089 221 109 239
0035 235 203 263 230 090 224 113 239
0036 209 218 228 237 000 000 000 000
0037 191 223 210 239 000 000 000 000
0038 188 224 208 239 099 221 122 238
0039 188 223 213 239 000 000 000 000
0040 183 222 209 239 101 221 123 238
0041 188 222 208 239 107 223 122 239
0042 188 221 208 239 108 223 124 239
