0000 189 192 211 232 107 202 129 235
0001 110 204 130 236 189 193 211 232
0002 109 203 131 238 189 193 211 233
0003 190 195 212 233 105 205 125 234
0004 190 192 212 232 113 187 131 213
0005 189 194 207 225 000 000 000 000
0006 186 174 207 208 000 000 000 000
0007 182 126 209 154 000 000 000 000
0008 195 079 218 109 000 000 000 000
0009 210 050 233 089 000 000 000 000
0010 233 028 257 064 000 000 000 000
0011 238 022 274 059 000 000 000 000
0012 238 023 274 059 000 000 000 000
0013 239 023 275 059 000 000 000 000
0014 238 023 276 060 000 000 000 000
0015 238 024 271 060 000 000 000 000
0016 239 023 275 059 000 000 000 000
0017 236 020 272 056 000 000 000 000
0018 238 025 277 060 000 000 000 000
0019 238 021 275 062 000 000 000 000
0020 233 024 261 065 000 000 000 000
0021 213 045 236 088 000 000 000 000
0022 187 084 211 114 000 000 000 000
0023 176 097 202 132 000 000 000 000
0024 176 108 204 142 000 000 000 000
0025 176 138 199 163 000 000 000 000
0026 186 164 208 189 000 000 000 000
0027 190 184 210 215 000 000 000 000
0028 188 193 210 229 000 000 000 000
0029 189 194 210 230 000 000 000 000
0030 190 195 211 231 000 000 000 000
0031 188 195 211 232 000 000 000 000
0032 188 194 210 232 000 000 000 000
0033 189 194 211 231 000 000 000 000
0034 190 195 212 233 000 000 000 000
0035 190 192 211 232 000 000 000 000
0036 190 194 212 232 000 000 000 000
0037 190 194 212 232 000 000 000 000
0038 191 195 213 232 000 000 000 000
0039 191 195 213 233 000 000 000 000
0040 191 193 213 233 000 000 000 000
0041 191 195 213 233 000 000 000 000
0042 191 195 213 233 000 000 000 000
0043 191 195 213 233 000 000 000 000
