0000 193 210 221 239 127 163 152 191
0001 196 213 218 236 127 161 151 191
0002 192 211 221 239 126 162 152 191
0003 192 211 220 239 126 162 152 191
0004 195 212 215 238 126 162 152 191
0005 192 211 220 239 127 162 152 191
0006 192 211 220 239 126 163 152 192
0007 193 213 217 239 125 163 151 192
0008 185 201 211 236 125 162 151 193
0009 174 170 207 199 127 162 152 193
0010 130 163 154 193 169 141 202 171
0011 171 127 202 158 130 161 156 192
0012 128 163 154 192 170 109 208 145
0013 170 105 206 137 126 163 151 191
0014 166 104 201 133 126 164 150 193
0015 126 163 152 190 169 101 199 130
0016 125 162 151 191 167 099 200 130
0017 171 099 203 130 126 161 151 189
0018 126 162 151 191 166 101 200 130
0019 162 101 201 134 126 162 152 190
0020 160 117 201 146 126 162 152 191
0021 167 152 198 184 127 164 153 193
0022 175 186 204 228 126 162 151 191
0023 188 208 216 235 125 161 151 192
0024 125 161 151 193 195 215 219 239
