0000 081 173 105 207 155 175 171 204
0001 154 176 171 206 082 175 107 208
0002 156 178 172 203 082 175 107 207
0003 154 176 170 203 082 174 106 207
0004 150 172 166 205 082 174 106 207
0005 141 163 160 194 082 174 106 207
0006 129 131 156 162 083 175 106 207
0007 124 117 148 140 083 175 106 207
0008 115 106 145 128 082 174 105 207
0009 108 095 139 119 083 175 106 207
0010 096 094 132 117 081 173 104 207
0011 085 089 139 118 081 172 103 207
0012 081 089 119 112 083 171 104 207
0013 080 088 119 113 081 177 104 206
0014 081 087 119 111 081 176 104 205
0015 082 088 119 112 081 176 104 205
0016 082 089 120 114 081 176 104 204
0017 084 092 123 116 079 176 100 206
0018 086 092 123 114 080 175 105 209
0019 094 091 134 117 082 171 105 206
0020 102 104 133 129 083 170 105 206
0021 124 130 152 157 082 174 105 206
0022 132 142 158 179 083 173 106 207
0023 142 165 162 199 083 173 107 207
0024 151 170 167 203 083 173 107 207
0025 152 173 168 203 082 174 107 208
0026 154 174 170 202 083 175 107 208
0027 153 175 168 203 088 184 104 205
0028 151 176 167 204 083 174 108 207
