0000 110 213 131 238 184 192 207 228
0001 108 208 133 238 185 191 208 226
0002 107 209 133 238 189 171 210 203
0003 107 209 133 238 194 119 217 148
0004 108 209 133 238 196 085 220 115
0005 107 209 133 238 215 089 238 122
0006 108 209 134 238 223 115 250 139
0007 107 209 133 238 219 113 247 140
0008 215 110 245 138 109 211 132 239
0009 214 107 245 138 110 211 133 238
0010 214 109 245 138 110 211 133 239
0011 109 211 133 239 218 110 245 137
0012 214 107 244 138 109 210 133 238
0013 109 212 133 239 205 101 228 127
0014 109 212 133 239 182 105 208 133
0015 173 146 203 173 109 212 133 239
0016 109 212 133 239 184 176 203 210
0017 109 213 131 239 183 186 202 222
0018 110 214 132 238 185 192 207 228
0019 108 209 132 237 185 192 207 228
0020 110 214 131 238 186 191 207 228
0021 109 213 131 238 187 194 205 224
