0000 149 177 165 206 082 175 105 208
0001 149 179 164 210 082 175 105 208
0002 149 179 164 210 082 175 105 208
0003 148 180 163 210 082 175 105 208
0004 148 179 163 210 082 175 105 208
0005 147 177 163 210 082 175 105 209
0006 145 175 161 206 081 175 105 208
0007 138 158 155 191 080 174 104 211
0008 129 131 155 161 080 174 104 211
0009 124 117 148 139 081 174 104 210
0010 117 099 146 127 081 176 105 208
0011 106 093 136 115 083 174 105 208
0012 097 086 125 109 081 174 105 208
0013 088 083 123 109 077 178 099 209
0014 081 083 120 108 077 176 104 203
0015 081 083 119 108 084 177 100 204
0016 080 083 121 107 084 176 100 203
0017 080 081 118 105 079 175 100 205
0018 081 082 120 106 079 176 100 206
0019 082 079 121 104 078 177 102 205
0020 085 082 124 103 079 176 100 207
0021 094 083 132 110 081 178 102 209
0022 101 100 138 126 083 178 098 204
0023 120 124 154 149 083 178 098 204
0024 132 149 156 179 082 173 105 208
0025 144 166 163 194 083 174 105 209
0026 152 174 168 207 081 174 104 211
0027 154 177 170 206 081 175 105 209
0028 082 175 105 209 155 176 171 204
0029 082 176 105 209 154 175 170 205
