0000 137 176 159 197 204 212 232 235
0001 137 171 162 196 205 216 228 239
0002 136 172 162 196 205 215 228 239
0003 136 172 162 196 205 216 228 239
0004 136 172 162 197 204 214 227 239
0005 136 172 162 197 200 206 222 237
0006 196 189 222 228 138 172 163 197
0007 138 172 164 196 193 155 223 189
0008 189 122 218 157 139 171 164 196
0009 186 105 216 138 138 170 164 195
0010 138 175 162 196 183 100 211 135
0011 137 171 163 196 180 099 210 132
0012 181 097 211 129 137 171 160 193
0013 137 171 164 197 180 098 210 131
0014 176 105 213 139 137 170 162 196
0015 136 171 161 195 174 134 215 162
0016 186 174 215 217 134 172 158 198
0017 199 205 226 237 133 172 158 197
0018 132 174 158 199 202 212 226 238
0019 133 172 155 197 208 216 229 239
0020 133 172 156 198 210 216 230 239
0021 136 180 159 200 209 214 231 236
