0000 108 212 131 239 184 197 206 231
0001 108 212 131 239 184 197 206 232
0002 109 212 131 239 185 197 206 233
0003 109 211 133 239 192 186 211 223
0004 109 212 132 239 194 144 216 167
0005 109 212 132 238 201 092 226 127
0006 207 072 235 108 109 210 131 237
0007 109 208 130 235 218 089 248 117
0008 105 211 132 239 215 098 249 127
0009 108 205 130 235 211 101 247 128
0010 108 206 130 235 211 101 246 127
0011 109 207 130 235 210 101 246 128
0012 110 210 133 237 217 103 247 126
0013 110 210 133 237 214 101 244 129
0014 110 210 133 238 215 101 245 129
0015 109 211 132 238 202 098 226 125
0016 108 211 131 238 189 125 215 150
0017 108 209 129 235 189 158 213 189
0018 109 213 132 238 187 184 206 221
0019 109 213 133 239 187 192 207 226
0020 108 208 133 238 192 194 212 227
0021 109 211 132 237 194 194 213 228
0022 109 209 133 238 188 195 207 229
