0000 175 222 192 239 092 222 116 239
0001 094 223 113 239 175 222 192 239
0002 094 221 113 239 174 223 191 239
0003 174 223 191 239 091 222 116 239
0004 180 214 199 239 094 222 113 239
0005 183 141 221 176 093 223 113 239
0006 185 112 213 137 093 223 113 239
0007 188 115 215 139 092 222 117 239
0008 181 120 213 144 091 223 114 239
0009 185 118 215 142 092 224 114 239
0010 187 113 215 140 091 223 113 239
0011 185 114 217 140 092 224 113 239
0012 189 114 217 140 094 222 114 237
0013 188 114 217 140 093 224 113 239
0014 188 113 216 141 090 222 112 239
0015 188 113 216 140 091 221 112 239
0016 185 112 217 139 092 224 113 239
0017 185 113 217 139 092 222 112 238
0018 187 113 217 140 091 222 112 239
0019 186 114 218 140 091 222 111 239
0020 186 113 217 139 091 222 111 239
0021 185 113 217 139 091 222 113 239
0022 188 113 217 140 091 221 113 239
