0012 197 212 232 238 000 000 000 000
0013 199 204 229 239 076 213 103 237
0014 074 201 113 230 194 181 229 212
0015 080 165 118 204 193 150 224 190
0016 088 138 125 198 184 126 224 182
0017 187 108 221 157 092 124 127 172
0018 186 096 218 149 093 103 122 155
0019 185 090 217 141 093 096 125 143
0020 185 090 215 140 092 089 127 134
0021 185 088 218 141 090 087 125 140
0022 186 091 219 142 092 091 123 139
0023 187 092 219 142 092 091 122 139
0024 189 091 221 144 089 087 124 140
0025 187 089 219 141 089 086 125 142
0026 187 088 219 140 091 086 125 137
0027 186 087 219 141 093 088 124 137
0028 186 090 218 143 090 087 123 138
0029 087 100 125 148 185 109 217 157
0030 091 202 120 228 184 222 213 238
