0000 137 190 161 222 201 193 224 225
0001 136 189 161 222 199 191 222 224
0002 137 189 162 221 198 190 221 222
0003 198 190 222 221 139 191 161 218
0004 195 184 222 221 139 186 164 217
0005 192 182 216 212 143 180 169 211
0006 191 166 215 200 146 169 172 200
0007 190 149 212 186 150 154 176 182
0008 189 131 213 169 147 138 181 165
0009 188 121 212 157 147 126 181 154
0010 149 107 185 133 183 106 212 137
0011 181 092 220 115 150 089 176 115
0012 145 080 169 108 187 074 219 107
0013 206 063 232 103 132 073 159 102
0014 210 062 235 101 125 071 153 101
0015 122 070 150 102 214 061 240 106
0016 118 071 147 104 215 063 238 106
0017 213 061 241 106 119 068 149 099
0018 119 066 150 096 212 060 240 106
0019 121 067 150 100 212 060 239 106
0020 212 060 236 100 121 067 150 101
0021 213 065 238 101 122 067 151 100
0022 212 060 240 105 122 065 148 096
0023 212 060 240 106 123 067 151 100
0024 212 060 240 106 124 067 152 101
0025 214 066 238 103 123 067 152 101
0026 214 065 239 103 123 067 152 100
0027 212 061 240 106 123 067 152 101
0028 212 060 239 106 124 067 151 100
0029 212 060 240 107 124 067 151 100
0030 210 060 237 106 125 067 151 100
0031 211 061 236 106 124 067 151 100
0032 211 060 236 107 125 066 151 100
0033 211 061 236 107 124 067 151 100
0034 211 060 236 107 124 067 151 100
0035 210 060 236 107 124 067 151 101
0036 210 061 236 107 124 067 151 100
0037 211 066 233 100 121 065 155 099
0038 206 061 232 104 130 064 158 100
0039 137 070 163 100 197 066 222 102
0040 143 074 167 106 193 075 216 109
0041 185 090 209 119 150 084 176 114
0042 154 104 182 131 184 106 209 131
0043 156 118 184 144 183 119 209 146
0044 182 133 210 158 152 133 188 160
0045 186 152 216 180 153 155 182 181
0046 185 163 216 195 149 165 182 197
0047 186 177 214 208 149 174 182 204
0048 187 182 215 214 150 180 180 213
0049 149 186 174 217 187 190 214 221
0050 190 189 216 227 147 189 168 221
