0000 208 193 226 224 124 187 147 219
0001 208 194 226 224 122 186 147 221
0002 210 195 227 225 123 187 147 221
0003 208 192 226 224 122 188 147 221
0004 207 194 225 224 121 185 145 220
0005 206 192 224 223 123 184 148 219
0006 125 181 153 214 200 187 224 222
0007 188 163 218 202 131 166 158 193
0008 180 141 219 167 132 140 159 171
0009 128 112 159 156 178 106 221 144
0010 184 081 211 118 131 088 157 119
0011 131 072 156 101 188 066 214 102
0012 130 067 154 098 189 058 213 088
0013 125 059 150 095 191 053 215 087
0014 125 056 149 090 191 054 215 089
0015 194 053 219 089 119 060 146 096
0016 194 054 221 096 117 061 145 097
0017 196 056 218 092 119 062 144 098
0018 196 055 220 096 119 062 143 097
0019 116 062 146 100 196 057 221 096
0020 117 063 146 100 197 058 221 099
0021 118 064 146 102 197 058 222 098
0022 196 059 222 099 119 065 143 100
0023 119 065 146 099 195 059 221 100
0024 196 061 222 100 120 065 146 100
0025 195 060 222 098 119 065 146 100
0026 194 061 222 099 119 066 146 104
0027 190 062 217 099 119 067 147 101
0028 126 073 151 104 188 072 215 100
0029 128 081 156 109 186 081 212 102
0030 134 099 161 128 177 099 216 125
0031 179 131 221 159 116 112 160 163
0032 185 158 216 192 131 159 160 191
0033 194 176 220 211 130 176 157 210
0034 125 185 149 219 200 186 229 222
0035 206 192 226 223 123 189 141 217
0036 208 192 226 222 121 187 142 222
