0002 045 222 088 239 000 000 000 000
0003 048 223 090 239 000 000 000 000
0004 050 211 097 239 120 213 164 239
0005 102 193 151 239 061 200 101 237
0006 064 182 103 220 096 174 145 222
0007 100 161 142 201 063 166 104 200
0008 101 158 142 197 066 163 103 197
0009 103 154 143 193 062 160 104 192
0010 103 149 150 187 057 154 101 187
0011 047 155 091 184 109 146 160 182
0012 122 143 170 177 030 152 084 182
0013 016 147 068 178 131 139 187 172
0014 008 143 063 176 145 135 196 170
0015 156 137 208 171 001 144 050 177
0016 000 141 041 176 164 136 212 169
0017 170 137 222 171 000 145 035 178
0018 173 136 227 169 000 144 036 176
0019 172 138 225 172 000 146 035 177
0020 172 143 222 171 000 144 036 177
0021 170 136 223 170 000 146 034 176
0022 164 138 219 171 000 144 043 180
0023 151 143 203 182 016 158 067 182
0024 130 155 181 210 031 165 084 226
0025 116 167 168 224 040 171 096 229
0026 107 173 162 226 047 176 104 232
0027 107 171 162 225 049 172 101 231
0028 107 171 161 224 048 171 105 227
0029 107 171 162 224 048 171 105 230
0030 108 170 161 224 048 171 105 230
0031 107 171 161 224 047 171 105 228
0032 107 172 161 225 048 172 105 230
0033 107 172 161 224 047 171 104 228
0034 109 172 161 225 047 172 103 231
0035 112 176 167 228 044 178 099 228
0036 125 192 173 239 043 190 086 239
0037 038 211 081 238 138 214 174 239
0038 047 223 082 239 000 000 000 000
0039 047 224 080 239 000 000 000 000
0040 048 225 079 239 000 000 000 000
