0001 144 211 180 239 000 000 000 000
0002 135 194 177 239 045 204 087 238
0003 060 182 101 219 134 175 173 224
0004 130 149 172 182 076 151 117 182
0005 128 138 170 169 082 140 125 172
0006 130 138 170 169 087 140 128 170
0007 087 140 129 166 131 138 173 167
0008 131 139 173 170 089 138 135 169
0009 137 141 174 168 086 142 132 173
0010 139 139 189 169 082 144 124 175
0011 073 146 118 177 145 138 197 169
0012 155 137 208 168 060 150 104 180
0013 163 137 218 168 042 151 093 181
0014 017 153 066 184 176 131 231 165
0015 003 148 057 180 183 132 239 165
0016 000 151 046 178 193 131 245 160
0017 194 128 249 160 001 146 043 177
0018 195 126 250 157 001 146 045 177
0019 196 124 249 157 000 142 044 175
0020 002 138 053 171 192 126 243 161
0021 160 134 212 182 020 147 088 194
0022 124 161 181 217 045 170 104 232
0023 118 168 177 220 047 173 110 230
0024 116 168 173 220 048 167 108 227
0025 114 166 171 219 050 168 105 226
0026 114 165 172 218 050 168 106 227
0027 115 165 171 218 052 169 106 226
0028 115 165 172 218 051 165 105 229
0029 115 165 172 218 050 165 105 229
0030 115 166 171 220 051 165 105 230
0031 117 169 174 221 051 169 104 227
0032 124 177 179 229 041 176 100 232
0033 134 198 180 239 044 194 091 239
0034 043 209 088 239 141 222 174 239
0035 050 213 097 239 000 000 000 000
0036 051 222 094 239 000 000 000 000
0037 053 224 088 239 000 000 000 000
0038 048 223 084 239 000 000 000 000
