0000 064 213 093 239 000 000 000 000
0001 065 213 094 238 000 000 000 000
0002 065 213 094 239 000 000 000 000
0003 064 213 094 239 000 000 000 000
0004 062 211 094 239 000 000 000 000
0005 062 212 094 239 000 000 000 000
0006 065 208 096 239 000 000 000 000
0007 057 194 101 235 000 000 000 000
0008 081 202 133 239 165 211 224 239
0009 079 168 136 217 165 174 222 233
0010 151 145 213 186 090 141 141 177
0011 144 126 206 161 088 123 149 156
0012 146 114 194 145 093 107 151 143
0013 092 107 148 142 147 114 192 145
0014 141 114 198 144 092 105 146 142
0015 146 120 205 148 084 114 144 149
0016 153 121 217 152 078 116 138 150
0017 166 123 228 151 066 121 131 152
0018 059 122 124 155 185 125 254 154
0019 051 123 119 154 199 124 270 154
0020 224 123 293 149 040 121 103 149
0021 232 115 307 149 027 117 093 144
0022 235 116 314 149 019 112 084 141
0023 241 118 317 150 016 111 080 139
0024 017 114 081 146 237 127 316 156
0025 028 123 095 160 225 135 294 169
0026 037 136 103 189 214 149 281 198
0027 060 156 113 221 190 159 250 216
0028 078 170 133 239 168 172 224 237
0029 087 182 143 239 155 177 212 239
0030 094 189 143 239 147 181 204 239
0031 144 186 200 239 099 192 147 236
0032 144 187 196 239 099 192 147 236
0033 144 186 197 239 101 191 148 238
0034 144 188 199 239 100 191 147 237
0035 145 188 200 239 099 191 147 238
0036 099 191 148 239 146 187 196 239
0037 099 192 148 238 149 185 195 239
0038 099 191 148 238 148 186 196 239
0039 144 189 200 239 099 191 149 237
0040 145 188 196 239 099 193 148 238
0041 100 193 148 237 146 187 200 239
0042 144 189 199 239 099 195 148 237
0043 146 187 200 239 097 197 148 239
0044 143 179 202 238 099 202 147 239
