0011 104 206 157 239 160 208 208 239
0012 103 160 162 206 162 167 208 214
0013 101 133 162 174 158 138 209 182
0014 157 130 208 175 105 123 163 163
0015 155 118 208 163 104 115 156 156
0016 153 114 208 159 104 111 158 153
0017 151 113 206 155 103 109 159 152
0018 102 108 160 152 154 112 207 154
0019 102 109 158 153 153 111 206 154
0020 151 110 208 153 101 109 159 151
0021 099 111 158 151 154 109 206 153
0022 153 110 211 153 100 113 156 151
0023 158 112 214 153 097 112 156 152
0024 162 109 217 151 097 116 153 154
0025 168 110 223 152 090 113 149 152
0026 085 115 143 153 176 110 230 152
0027 080 117 136 157 185 104 237 147
0028 187 105 241 151 075 116 133 157
0029 195 105 248 148 072 119 130 158
0030 203 104 257 149 067 120 118 158
0031 208 102 262 147 059 119 114 160
0032 213 100 266 144 055 118 108 159
0033 218 099 272 145 055 116 100 160
0034 220 101 272 144 049 118 099 160
0035 221 100 273 144 051 117 096 158
0036 220 099 274 145 049 117 097 158
0037 218 101 273 146 049 119 098 160
0038 053 125 101 164 215 104 270 150
0039 208 117 261 157 056 132 111 175
0040 060 145 121 190 200 125 249 166
0041 070 162 132 213 193 143 236 190
0042 072 172 140 224 181 153 235 198
0043 173 169 228 220 075 187 141 235
0044 078 192 145 235 164 175 221 228
0045 159 181 218 229 082 193 142 237
0046 087 201 142 238 155 190 213 234
0047 086 201 144 238 151 195 206 237
0048 150 196 210 238 087 199 144 239
0049 081 199 142 235 151 195 210 237
0050 150 195 209 237 080 199 141 234
0051 080 199 142 234 150 195 207 237
0052 151 195 208 238 080 199 142 235
0053 150 196 210 238 083 197 145 239
0054 150 196 210 238 083 198 145 239
0055 151 195 209 238 080 202 140 239
0056 152 195 209 237 086 202 141 239
0057 155 198 207 238 082 209 141 238
0058 157 209 211 239 086 220 129 237
0059 166 220 213 239 000 000 000 000
