0005 101 219 160 239 172 215 212 239
0006 104 166 164 211 173 171 218 220
0007 170 130 215 178 110 125 164 173
0008 169 115 209 165 112 115 164 163
0009 159 105 208 158 112 109 156 158
0010 158 106 208 156 111 107 163 158
0011 158 107 206 157 117 110 158 158
0012 157 107 208 156 117 110 159 157
0013 160 106 208 155 112 111 162 156
0014 164 104 212 155 107 111 159 158
0015 167 105 218 155 101 111 153 162
0016 176 103 224 156 099 113 147 162
0017 182 101 233 152 090 112 138 164
0018 189 101 239 151 084 119 135 163
0019 197 100 245 150 077 119 126 165
0020 067 116 115 165 208 099 251 146
0021 212 095 259 146 054 112 098 163
0022 213 095 259 147 053 113 097 163
0023 212 097 258 146 054 115 100 163
0024 212 098 258 146 054 117 098 165
0025 212 099 257 147 057 118 101 169
0026 211 097 255 148 057 115 096 167
0027 212 096 253 148 061 119 109 171
0028 070 133 119 186 205 106 245 157
0029 075 154 133 201 196 120 231 167
0030 174 144 225 193 076 176 140 216
0031 164 161 219 206 075 189 145 227
0032 158 169 216 209 079 196 144 231
0033 082 197 144 233 150 181 213 221
0034 149 186 208 226 078 205 140 238
0035 146 189 208 229 084 202 144 237
0036 147 190 206 228 085 202 142 236
0037 145 191 207 230 086 202 141 236
0038 144 192 210 231 086 202 145 237
0039 145 191 209 231 084 202 143 237
0040 144 189 210 230 084 202 142 236
0041 145 190 208 230 083 202 140 235
0042 144 195 205 229 086 202 141 236
0043 144 195 205 229 082 204 140 235
0044 146 191 207 230 079 207 142 238
0045 143 195 212 231 083 205 145 238
0046 147 189 208 228 083 200 140 235
0047 147 190 210 228 084 196 140 232
0048 147 189 208 228 084 197 141 232
0049 147 189 209 228 079 201 139 234
0050 080 193 139 235 154 190 209 231
0051 072 198 122 239 172 197 217 234
0052 065 209 114 239 186 199 227 238
0053 214 221 238 239 000 000 000 000
