0005 145 204 197 239 091 216 143 239
0006 091 191 149 228 129 178 190 219
0007 092 168 152 205 130 151 179 189
0008 092 136 147 180 131 131 173 170
0009 126 129 180 169 081 129 137 173
0010 074 134 130 172 134 132 187 168
0011 055 137 120 176 141 134 203 171
0012 040 139 106 179 154 140 220 170
0013 040 136 097 181 170 138 235 173
0014 038 128 088 177 181 136 257 166
0015 040 113 083 176 193 117 261 168
0016 209 129 253 190 044 135 071 188
0017 064 163 105 217 191 155 221 211
0018 080 178 130 224 170 157 204 218
0019 142 177 191 232 091 187 146 234
0020 140 179 190 230 099 189 145 234
0021 141 180 189 231 100 186 145 232
0022 140 180 190 231 096 186 146 233
0023 140 184 189 234 095 188 142 232
0024 146 194 198 239 085 198 142 237
0025 158 208 208 239 079 218 131 239
0026 169 220 210 239 081 194 109 230
