0000 154 171 197 209 102 175 156 210
0001 155 156 200 188 104 156 152 184
0002 106 145 152 169 156 145 201 171
0003 103 142 151 166 157 143 201 167
0004 102 141 153 165 156 141 201 164
0005 102 141 151 165 154 141 200 165
0006 101 141 151 163 153 142 199 167
0007 100 142 150 166 155 143 200 168
0008 099 141 152 165 154 144 200 169
0009 099 142 152 165 155 144 201 167
0010 091 140 149 163 158 142 210 167
0011 072 136 134 158 174 140 230 161
0012 048 135 114 160 192 136 255 161
0013 208 134 263 163 034 138 095 162
0014 034 137 094 163 207 134 265 162
0015 035 137 094 165 206 134 264 163
0016 040 134 097 170 204 137 262 165
0017 055 131 094 172 206 129 248 168
0018 067 126 111 178 200 129 228 176
0019 177 136 213 181 082 133 131 181
0020 089 139 148 184 159 143 201 186
0021 099 146 147 192 152 147 197 196
0022 104 153 150 197 151 152 192 198
0023 103 153 149 197 149 150 193 196
0024 104 153 150 197 149 151 191 197
0025 103 155 149 198 149 151 193 196
0026 103 155 150 198 150 151 193 196
0027 102 155 150 198 150 151 193 196
0028 103 154 151 198 150 151 193 196
0029 103 154 150 198 151 150 194 196
0030 102 156 149 198 150 156 193 201
0031 103 163 147 205 151 162 192 202
0032 155 173 194 209 100 177 142 215
0033 102 184 145 224 156 181 195 214
0034 105 190 148 231 155 186 196 223
0035 105 195 147 235 155 192 195 230
0036 106 196 145 235 155 192 195 231
0037 106 194 147 233 155 192 196 231
0038 106 194 147 233 155 192 196 231
0039 155 192 196 232 104 194 146 233
