0000 170 169 209 232 111 181 159 229
0001 172 158 209 223 111 181 159 228
0002 177 149 212 208 110 181 159 228
0003 183 131 218 194 115 181 159 229
0004 183 124 223 165 110 180 160 228
0005 187 106 227 152 110 181 159 228
0006 110 180 160 228 197 075 228 133
0007 196 063 234 129 110 181 159 228
0008 196 059 243 120 110 181 159 228
0009 191 047 230 114 111 181 160 228
0010 196 047 231 112 110 181 160 228
0011 197 046 231 113 109 181 160 228
0012 195 045 232 112 113 181 158 231
0013 195 046 232 112 115 180 155 231
0014 195 046 234 117 113 181 158 231
0015 194 048 237 112 113 181 159 232
0016 195 044 237 112 113 182 158 231
0017 197 047 234 114 113 181 158 231
0018 195 048 234 114 113 181 158 231
0019 195 048 234 112 113 181 158 231
0020 194 047 234 114 114 180 156 231
0021 193 052 237 116 110 181 159 228
0022 193 053 238 120 113 181 159 231
0023 195 050 235 117 111 181 158 228
0024 198 052 240 114 115 181 160 230
0025 196 049 241 112 111 180 159 229
0026 196 049 241 112 111 181 159 229
0027 198 048 240 113 111 180 160 229
0028 197 052 241 112 111 181 159 229
0029 197 052 243 113 111 181 159 229
0030 197 052 244 115 111 181 160 229
0031 200 054 244 119 111 181 160 229
0032 197 075 243 125 111 181 160 229
0033 196 101 232 151 111 180 159 228
0034 187 123 229 193 111 181 159 229
0035 181 136 217 209 110 181 158 228
0036 171 148 211 221 112 180 157 230
0037 170 154 206 222 111 179 158 230
