0000 116 211 152 239 040 208 069 236
0001 116 211 152 239 040 208 069 236
0002 117 213 152 236 040 207 069 236
0003 115 215 155 239 040 207 069 236
0004 119 207 156 236 039 208 069 236
0005 122 194 154 233 039 207 069 236
0006 121 170 159 218 039 206 069 236
0007 123 149 157 197 039 206 069 236
0008 121 129 157 184 040 205 069 236
0009 119 113 160 170 040 205 069 236
0010 122 090 158 152 040 206 070 236
0011 121 083 161 142 034 205 074 235
0012 122 075 156 131 040 206 070 236
0013 124 071 157 129 040 206 070 236
0014 124 066 158 125 040 206 070 236
0015 129 063 158 122 040 206 070 236
0016 129 063 158 123 040 206 070 236
0017 130 062 159 122 040 205 070 236
0018 129 061 160 121 035 205 074 234
0019 128 058 159 119 041 207 070 236
0020 128 059 159 119 042 211 071 237
0021 126 058 158 117 041 209 069 235
0022 126 058 157 119 041 208 069 234
0023 128 059 159 120 041 209 069 235
0024 129 061 159 120 041 209 069 235
0025 129 063 159 124 041 209 068 235
0026 127 073 163 134 041 209 069 235
0027 132 089 164 143 041 208 068 235
0028 132 112 167 163 041 208 069 235
0029 134 141 170 180 039 209 069 235
0030 130 161 169 195 042 208 069 235
0031 124 174 164 212 041 208 069 235
0032 124 179 163 219 037 207 071 234
0033 120 185 159 226 037 207 070 234
0034 120 192 160 231 038 208 070 234
0035 119 197 159 234 036 207 075 235
0036 119 201 157 235 038 208 071 234
0037 117 207 154 236 037 208 075 234
0038 118 209 152 236 041 206 069 234
0039 118 209 152 235 039 207 069 235
0040 119 210 152 236 038 208 069 235
0041 118 212 151 236 041 209 070 236
0042 117 211 151 236 039 208 069 234
0043 117 210 152 236 040 207 070 236
0044 119 209 151 235 039 205 069 237
0045 119 210 151 236 038 205 069 237
0046 120 210 151 235 039 205 069 237
