0000 130 222 157 239 000 000 000 000
0001 133 223 157 239 000 000 000 000
0035 130 218 164 239 000 000 000 000
0036 129 209 162 239 000 000 000 000
0037 131 195 164 237 000 000 000 000
0038 135 186 174 239 000 000 000 000
0039 139 175 173 233 000 000 000 000
0040 141 156 175 219 000 000 000 000
0041 140 145 175 213 000 000 000 000
0042 142 125 179 197 000 000 000 000
0043 146 121 181 190 000 000 000 000
0044 146 112 185 189 000 000 000 000
0045 149 114 183 186 000 000 000 000
0046 152 115 185 186 000 000 000 000
0047 150 111 187 184 000 000 000 000
0048 152 111 186 184 000 000 000 000
0049 150 111 187 184 000 000 000 000
0050 152 111 188 182 000 000 000 000
0051 150 111 189 184 000 000 000 000
0052 153 111 189 184 000 000 000 000
0053 153 112 189 184 000 000 000 000
0054 153 112 189 184 000 000 000 000
0055 151 111 189 184 000 000 000 000
0056 151 112 189 184 000 000 000 000
0057 152 112 188 184 000 000 000 000
0058 151 110 188 183 000 000 000 000
0059 152 113 188 184 000 000 000 000
0060 151 123 188 194 000 000 000 000
0061 151 143 184 201 000 000 000 000
0062 145 187 176 225 000 000 000 000
0063 135 208 170 236 000 000 000 000
0064 132 220 161 239 000 000 000 000
