0011 147 181 183 234 000 000 000 000
0012 159 138 193 205 000 000 000 000
0013 163 118 198 185 000 000 000 000
0014 164 099 200 170 000 000 000 000
0015 164 093 201 166 000 000 000 000
0016 168 085 201 160 000 000 000 000
0017 169 081 201 157 000 000 000 000
0018 168 079 202 151 000 000 000 000
0019 168 078 202 151 000 000 000 000
0020 165 079 199 153 000 000 000 000
0021 166 079 198 152 000 000 000 000
0022 165 078 198 154 000 000 000 000
0023 166 077 199 151 000 000 000 000
0024 171 075 201 150 000 000 000 000
0025 167 076 202 150 000 000 000 000
0026 164 082 199 155 000 000 000 000
0027 157 110 187 175 000 000 000 000
0028 147 158 181 206 000 000 000 000
0029 136 198 173 236 000 000 000 000
