0000 180 202 202 235 100 195 118 226
0001 182 204 202 234 279 162 309 224
0002 180 203 202 234 280 162 308 224
0003 179 203 202 234 100 198 121 230
0004 098 198 120 232 182 202 204 233
0005 098 200 120 232 180 201 201 232
0006 098 200 120 233 180 201 202 233
0007 098 201 121 233 180 201 201 232
0008 098 201 120 235 182 201 211 234
0009 190 196 227 234 098 201 119 234
0010 097 201 120 235 215 192 236 212
0011 096 202 118 235 285 161 310 222
0012 098 201 119 235 220 109 240 134
0013 208 077 235 122 099 200 119 235
0014 195 052 223 107 099 201 119 235
0015 190 041 221 090 098 203 119 235
0016 183 034 220 079 096 201 117 235
0017 183 028 211 075 098 199 119 236
0018 181 030 210 076 096 201 116 235
0019 179 027 213 081 096 200 116 234
0020 181 033 211 081 095 201 115 234
0021 182 035 211 083 094 199 114 233
0022 093 198 113 232 185 033 213 082
0023 186 033 214 085 094 200 114 233
0024 183 033 210 082 096 199 115 232
0025 184 033 210 082 097 200 115 232
0026 188 033 216 084 096 199 116 233
0027 187 034 215 086 097 199 118 233
0028 189 034 215 087 097 199 118 233
0029 186 041 216 093 097 199 117 233
0030 098 200 117 232 168 086 196 114
0031 155 125 190 147 098 200 117 232
0032 163 158 196 187 099 200 118 232
0033 174 173 203 211 099 199 118 232
0034 183 190 207 223 098 199 118 232
0035 098 200 118 234 186 199 208 231
