0011 178 177 229 230 000 000 000 000
0012 184 129 234 197 000 000 000 000
0013 189 105 228 176 000 000 000 000
0014 187 089 231 166 000 000 000 000
0015 188 082 227 158 000 000 000 000
0016 187 079 228 157 000 000 000 000
0017 188 080 229 156 000 000 000 000
0018 190 079 232 155 000 000 000 000
0019 190 079 233 154 000 000 000 000
0020 191 079 232 154 000 000 000 000
0021 191 079 233 153 000 000 000 000
0022 189 084 236 159 000 000 000 000
0023 189 093 229 170 000 000 000 000
0024 181 138 224 205 000 000 000 000
0025 176 180 222 236 000 000 000 000
