0000 071 199 100 234 000 000 000 000
0001 070 198 100 234 000 000 000 000
0002 070 198 099 231 000 000 000 000
0003 067 201 096 232 000 000 000 000
0004 070 196 099 229 000 000 000 000
0005 066 198 094 229 132 222 169 239
0006 119 194 167 229 068 199 095 228
0007 131 152 163 198 067 198 095 230
0008 136 112 169 182 067 199 094 229
0009 141 088 172 154 067 198 095 230
0010 145 081 174 148 067 199 095 230
0011 143 075 174 144 067 199 095 231
0012 144 068 173 141 072 201 099 232
0013 143 073 173 141 067 203 094 232
0014 145 072 174 140 071 202 097 229
0015 144 072 174 140 071 203 097 229
0016 144 071 175 137 072 203 098 232
0017 145 069 175 134 070 203 097 232
0018 144 068 174 132 071 201 099 233
0019 144 066 176 133 068 202 095 232
0020 144 067 175 135 068 202 094 233
0021 144 068 176 136 071 201 098 232
0022 144 071 175 137 071 201 098 231
0023 145 071 176 135 066 202 094 233
0024 144 072 176 136 067 200 093 230
0025 143 077 174 150 066 198 094 230
0026 134 141 166 179 066 198 093 230
0027 119 182 167 228 067 197 093 228
0028 125 210 167 239 069 195 098 230
0029 068 199 097 232 000 000 000 000
0030 071 199 098 230 000 000 000 000
0031 069 197 096 229 000 000 000 000
0032 067 199 095 231 000 000 000 000
0033 068 199 095 231 000 000 000 000
