0000 093 222 111 239 186 225 210 239
0001 093 224 111 239 187 225 208 239
0002 094 222 113 238 183 225 205 239
0003 178 223 202 239 094 222 114 238
0004 182 224 203 239 091 222 107 239
0005 094 222 112 239 185 225 207 239
0006 192 223 215 239 094 222 112 239
0007 208 178 248 222 093 223 113 239
0008 211 119 251 169 093 221 110 237
0009 210 070 241 127 092 223 111 239
0010 202 041 237 105 095 222 112 238
0011 198 028 234 092 094 223 112 239
0012 196 024 232 090 093 223 112 239
0013 195 025 231 088 094 224 112 239
0014 196 025 232 089 095 222 111 239
0015 196 027 233 093 092 223 111 239
0016 196 027 233 092 091 222 110 239
0017 195 024 232 092 091 222 110 239
0018 195 025 232 092 091 223 110 239
0019 195 027 230 090 092 224 110 239
0020 195 028 230 092 091 221 109 239
0021 195 030 232 099 092 223 110 238
0022 200 053 233 113 092 221 110 237
0023 198 110 235 152 093 222 111 238
0024 199 159 230 202 094 221 111 237
0025 192 201 223 239 092 224 110 239
0026 192 223 216 239 093 221 111 237
0027 092 221 111 237 000 000 000 000
0028 091 223 111 239 190 223 215 239
0029 091 222 111 239 186 221 210 236
0030 091 222 112 239 186 224 208 239
0031 093 224 113 239 186 225 207 239
0032 092 222 113 239 184 224 207 239
