0004 161 206 195 234 000 000 000 000
0005 166 189 201 230 000 000 000 000
0006 164 140 212 203 000 000 000 000
0007 167 123 209 189 000 000 000 000
0008 168 097 211 175 000 000 000 000
0009 170 079 213 154 000 000 000 000
0010 171 065 215 146 000 000 000 000
0011 173 061 215 138 000 000 000 000
0012 174 062 217 139 000 000 000 000
0013 174 061 217 144 000 000 000 000
0014 177 064 217 140 000 000 000 000
0015 177 063 218 141 000 000 000 000
0016 177 061 220 143 000 000 000 000
0017 177 063 221 145 000 000 000 000
0018 176 062 221 143 000 000 000 000
0019 178 064 222 142 000 000 000 000
0020 177 063 220 142 000 000 000 000
0021 176 063 219 142 000 000 000 000
0022 176 063 218 145 000 000 000 000
0023 178 064 220 143 000 000 000 000
0024 178 066 222 146 000 000 000 000
0025 178 067 222 146 000 000 000 000
0026 177 065 223 145 000 000 000 000
0027 179 065 222 145 000 000 000 000
0028 179 065 222 144 000 000 000 000
0029 176 068 221 146 000 000 000 000
0030 177 078 219 156 000 000 000 000
0031 175 096 218 164 000 000 000 000
0032 167 151 207 195 000 000 000 000
0033 157 194 198 237 000 000 000 000
