0000 159 217 194 239 091 212 138 239
0001 160 216 193 239 091 212 138 239
0002 156 215 195 237 090 212 139 239
0003 162 219 192 239 090 213 140 239
0004 160 214 195 239 090 213 140 239
0005 161 219 192 239 092 212 138 239
0006 160 214 195 239 091 214 140 239
0007 161 218 192 239 092 213 138 239
0008 092 212 138 239 158 216 194 236
0009 092 212 138 239 160 217 194 236
0010 090 213 140 239 160 218 194 237
0011 157 218 195 237 090 213 140 239
0012 160 213 198 237 090 213 141 239
0013 161 212 198 237 090 213 141 239
0014 090 213 141 239 163 215 197 237
0015 091 211 139 239 163 214 198 237
0016 090 211 139 239 159 212 196 235
0017 090 211 139 239 164 214 199 237
0018 091 211 139 239 166 217 198 239
0019 090 211 139 239 164 214 199 237
0020 091 212 138 239 162 218 197 239
0021 091 212 139 239 162 218 197 239
0022 091 212 139 239 165 217 196 239
0023 091 212 139 239 162 214 200 237
0024 091 212 139 239 162 219 197 239
0025 091 211 139 239 163 216 197 239
0026 091 212 139 239 163 216 198 236
0027 091 213 138 239 167 217 200 239
0028 091 212 138 239 167 220 199 239
0029 091 212 138 239 165 215 201 236
0030 091 212 138 239 165 215 203 236
0031 091 212 138 239 168 221 200 239
0032 091 212 138 239 165 217 202 236
0033 091 212 138 239 165 216 199 236
0034 161 214 200 239 091 212 138 239
0035 164 200 202 237 091 212 138 239
0036 163 178 199 234 091 211 138 239
0037 170 144 205 207 091 213 141 236
0038 172 112 208 180 089 212 141 236
0039 171 085 210 161 091 212 139 239
0040 174 059 214 138 091 212 139 239
0041 177 052 213 129 090 211 139 239
0042 176 048 215 125 091 211 139 239
0043 175 042 214 118 091 212 139 239
0044 177 041 216 121 091 211 139 239
0045 181 050 219 125 090 214 141 239
0046 178 049 217 125 089 213 141 239
0047 182 049 220 126 091 212 139 239
0048 178 048 216 125 089 213 141 239
0049 181 054 218 128 095 212 143 235
0050 182 050 221 127 090 214 141 239
0051 178 052 215 129 091 212 139 239
0052 182 051 219 129 090 212 139 239
0053 179 070 215 142 091 211 139 239
0054 174 119 212 168 091 212 139 239
0055 170 163 209 238 093 218 140 238
0056 164 194 199 238 092 212 138 239
0057 160 211 198 237 092 213 138 239
0058 161 214 199 237 092 213 138 239
0059 162 214 199 236 093 218 138 238
0060 162 215 199 237 093 218 138 238
0061 163 214 200 237 093 218 138 238
0062 163 213 199 237 092 218 139 238
0063 165 210 201 236 091 213 139 239
0064 164 209 201 236 091 212 139 239
0065 091 212 140 239 171 211 200 235
0066 091 212 140 239 168 208 202 235
0067 170 208 206 235 094 215 135 239
0068 172 212 208 237 094 215 135 239
0069 177 215 210 238 091 212 140 239
0070 091 211 140 239 178 216 208 238
0071 091 211 140 239 174 212 208 239
0072 091 211 140 239 173 211 208 239
