0000 157 212 195 239 090 209 135 235
0001 156 212 195 239 091 210 134 235
0002 157 212 195 239 091 210 135 235
0003 157 210 195 239 090 209 134 235
0004 157 211 196 239 090 209 134 235
0005 157 210 196 239 091 209 134 235
0006 157 208 196 237 091 210 135 235
0007 158 206 196 237 091 210 135 235
0008 159 193 195 237 091 211 135 235
0009 159 164 196 217 091 211 135 235
0010 157 121 189 178 091 211 134 235
0011 160 091 193 161 091 210 135 235
0012 160 067 196 138 090 211 134 235
0013 164 058 199 129 090 210 134 235
0014 161 049 203 120 090 211 134 235
0015 162 051 204 121 090 211 134 235
0016 169 054 204 128 090 210 134 235
0017 168 056 206 132 090 210 134 235
0018 164 063 202 135 090 210 134 235
0019 163 063 202 137 090 210 134 235
0020 164 065 202 134 090 210 134 235
0021 164 064 203 136 091 211 134 235
0022 164 064 203 137 091 211 134 235
0023 164 065 203 139 091 211 133 235
0024 164 064 203 136 091 212 134 235
0025 163 071 202 144 091 211 133 235
0026 161 093 201 156 091 210 133 235
0027 160 152 203 197 091 211 133 235
0028 159 182 195 236 091 211 133 235
0029 157 207 194 238 090 210 134 235
0030 157 203 196 238 090 210 134 235
0031 157 206 195 238 091 211 134 234
0032 156 207 196 238 091 210 134 235
0033 156 206 196 238 090 210 134 234
0034 156 208 196 239 090 210 134 235
0035 157 208 195 238 092 209 138 239
0036 158 208 195 237 090 210 133 235
0037 156 208 194 237 089 210 133 235
