0003 124 220 165 239 000 000 000 000
0004 111 209 164 239 000 000 000 000
0005 109 181 159 235 000 000 000 000
0006 113 145 153 215 000 000 000 000
0007 125 109 160 182 000 000 000 000
0008 129 087 162 161 000 000 000 000
0009 137 062 171 132 000 000 000 000
0010 138 049 168 116 000 000 000 000
0011 143 050 173 116 000 000 000 000
0012 143 052 175 119 000 000 000 000
0013 143 047 176 120 000 000 000 000
0014 142 049 176 120 000 000 000 000
0015 142 053 177 121 000 000 000 000
0016 142 052 177 121 000 000 000 000
0017 142 052 176 121 000 000 000 000
0018 142 052 176 121 000 000 000 000
0019 142 048 175 118 000 000 000 000
0020 143 048 178 119 000 000 000 000
0021 140 052 176 121 000 000 000 000
0022 140 049 176 124 000 000 000 000
0023 140 051 175 123 000 000 000 000
0024 139 049 176 124 000 000 000 000
0025 140 052 176 125 000 000 000 000
0026 139 053 177 125 000 000 000 000
0027 140 050 177 123 000 000 000 000
0028 141 054 177 124 000 000 000 000
0029 140 053 178 125 000 000 000 000
0030 140 052 178 126 000 000 000 000
0031 139 053 177 126 000 000 000 000
0032 139 051 178 125 000 000 000 000
0033 139 051 178 126 000 000 000 000
0034 139 053 178 126 000 000 000 000
0035 139 054 177 128 000 000 000 000
0036 139 050 177 125 000 000 000 000
0037 139 052 177 125 000 000 000 000
0038 140 051 178 125 000 000 000 000
0039 139 052 178 125 000 000 000 000
0040 139 052 178 125 000 000 000 000
0041 139 051 175 124 000 000 000 000
0042 139 054 178 127 000 000 000 000
0043 140 059 176 131 000 000 000 000
0044 138 090 175 169 000 000 000 000
0045 122 166 169 215 000 000 000 000
0046 116 207 159 238 000 000 000 000
