0004 163 193 197 237 000 000 000 000
0005 172 129 217 202 000 000 000 000
0006 177 109 221 181 000 000 000 000
0007 182 102 222 180 000 000 000 000
0008 181 095 227 177 000 000 000 000
0009 187 091 231 173 000 000 000 000
0010 189 084 235 164 000 000 000 000
0011 193 082 237 162 000 000 000 000
0012 193 080 234 159 000 000 000 000
0013 191 076 235 159 000 000 000 000
0014 192 077 235 157 000 000 000 000
0015 192 075 234 155 000 000 000 000
0016 191 074 235 156 000 000 000 000
0017 192 075 234 155 000 000 000 000
0018 193 076 237 155 000 000 000 000
0019 193 074 235 154 000 000 000 000
0020 194 075 235 155 000 000 000 000
0021 193 074 234 156 000 000 000 000
0022 189 076 233 159 000 000 000 000
0023 192 075 236 161 000 000 000 000
0024 191 077 242 151 000 000 000 000
0025 193 074 237 159 000 000 000 000
0026 194 074 237 153 000 000 000 000
0027 195 076 237 152 000 000 000 000
0028 192 077 237 158 000 000 000 000
0029 184 093 229 168 000 000 000 000
0030 174 138 215 197 000 000 000 000
0031 148 194 195 237 000 000 000 000
