0004 172 175 211 223 000 000 000 000
0005 176 143 228 190 000 000 000 000
0006 179 110 237 169 000 000 000 000
0007 180 093 235 153 000 000 000 000
0008 181 079 233 139 000 000 000 000
0009 186 065 230 131 000 000 000 000
0010 185 057 230 126 000 000 000 000
0011 187 055 229 122 000 000 000 000
0012 183 045 223 118 000 000 000 000
0013 182 043 223 114 000 000 000 000
0014 181 040 222 113 000 000 000 000
0015 180 040 222 116 000 000 000 000
0016 181 038 224 111 000 000 000 000
0017 179 038 223 112 000 000 000 000
0018 179 038 223 112 000 000 000 000
0019 180 039 224 112 000 000 000 000
0020 180 040 221 112 000 000 000 000
0021 181 041 222 114 000 000 000 000
0022 180 041 222 113 000 000 000 000
0023 181 044 222 114 000 000 000 000
0024 181 044 223 114 000 000 000 000
0025 181 044 223 115 000 000 000 000
0026 182 045 221 114 000 000 000 000
0027 175 060 219 123 000 000 000 000
0028 165 101 208 154 000 000 000 000
0029 156 144 197 191 000 000 000 000
0030 131 191 179 238 000 000 000 000
0031 118 208 152 238 000 000 000 000
