0000 039 216 087 238 000 000 000 000
0001 039 215 088 238 000 000 000 000
0002 039 215 088 238 000 000 000 000
0003 038 215 087 238 000 000 000 000
0004 039 215 087 238 000 000 000 000
0005 038 216 088 238 000 000 000 000
0006 039 215 087 238 000 000 000 000
0007 038 215 088 238 151 220 189 239
0008 153 196 196 237 038 215 088 238
0009 163 167 203 228 038 215 088 238
0010 173 143 220 212 038 216 088 238
0011 186 117 230 187 038 216 088 238
0012 185 102 233 176 036 214 089 238
0013 186 094 231 174 035 214 088 237
0014 188 092 232 174 037 214 088 237
0015 190 092 237 166 037 214 088 237
0016 190 093 236 165 037 216 087 238
0017 188 088 229 169 037 214 088 238
0018 189 088 229 167 036 214 091 237
0019 189 089 228 169 036 214 091 237
0020 188 088 228 169 036 214 091 237
0021 188 089 227 167 036 214 090 237
0022 187 088 227 167 036 214 090 237
0023 185 089 225 167 036 214 091 237
0024 186 090 224 168 037 215 088 238
0025 184 090 224 167 038 215 088 238
0026 190 091 228 165 037 216 087 238
0027 184 092 224 168 036 215 087 238
0028 188 089 226 162 036 214 087 238
0029 189 094 226 164 036 216 089 239
0030 183 096 224 172 036 215 090 238
0031 184 107 223 180 036 215 087 238
0032 172 153 211 209 036 215 091 238
0033 156 186 198 239 038 215 087 238
0034 037 215 087 238 144 216 184 236
0035 037 215 087 238 000 000 000 000
0036 037 215 088 238 000 000 000 000
0037 037 216 089 239 000 000 000 000
0038 036 215 088 238 000 000 000 000
0039 037 215 088 238 000 000 000 000
0040 037 216 088 238 000 000 000 000
