0000 139 211 176 239 000 000 000 000
0001 138 209 171 238 000 000 000 000
0002 138 210 176 239 000 000 000 000
0003 138 210 176 238 000 000 000 000
0004 139 212 176 238 000 000 000 000
0005 140 214 174 239 000 000 000 000
0006 144 203 180 238 000 000 000 000
0007 151 205 183 239 000 000 000 000
0008 155 190 199 239 000 000 000 000
0009 167 153 213 216 000 000 000 000
0010 177 103 219 173 000 000 000 000
0011 181 080 222 160 000 000 000 000
0012 182 066 222 146 000 000 000 000
0013 181 061 221 136 000 000 000 000
0014 179 055 224 134 000 000 000 000
0015 177 054 220 136 000 000 000 000
0016 180 051 222 134 000 000 000 000
0017 176 058 219 139 000 000 000 000
0018 179 059 220 141 000 000 000 000
0019 176 059 219 141 000 000 000 000
0020 176 059 219 141 000 000 000 000
0021 179 055 221 139 000 000 000 000
0022 179 059 220 139 000 000 000 000
0023 176 057 218 140 000 000 000 000
0024 173 062 209 141 000 000 000 000
0025 151 101 184 158 000 000 000 000
0026 131 130 167 178 000 000 000 000
0027 108 174 160 223 000 000 000 000
0028 099 212 149 239 000 000 000 000
0030 132 206 176 238 000 000 000 000
0031 134 211 174 239 000 000 000 000
0032 136 212 172 238 000 000 000 000
