0008 160 194 209 237 000 000 000 000
0009 171 156 223 204 000 000 000 000
0010 181 122 231 182 000 000 000 000
0011 186 098 235 158 000 000 000 000
0012 189 087 238 153 000 000 000 000
0013 194 080 241 143 000 000 000 000
0014 193 068 244 142 000 000 000 000
0015 195 065 237 138 000 000 000 000
0016 197 062 236 132 000 000 000 000
0017 196 062 243 128 000 000 000 000
0018 195 062 236 130 000 000 000 000
0019 195 068 243 135 289 166 319 199
0020 194 072 241 136 000 000 000 000
0021 186 093 229 155 000 000 000 000
0022 182 116 212 175 000 000 000 000
0023 163 170 194 216 000 000 000 000
0024 147 209 180 239 000 000 000 000
0025 139 222 172 239 143 198 182 236
