0000 101 173 117 197 175 177 193 198
0001 101 173 117 197 172 175 188 201
0002 171 175 188 202 105 173 120 193
0003 101 172 117 198 171 176 186 205
0004 171 175 187 206 101 173 117 197
0005 173 155 190 179 101 176 117 197
0006 178 107 198 136 100 176 116 196
0007 179 053 201 094 102 168 118 192
0008 177 036 199 075 100 175 116 196
0009 175 030 195 069 100 175 116 198
0010 176 029 197 070 100 175 116 197
0011 175 030 196 070 102 171 117 198
0012 175 030 197 070 100 175 116 198
0013 175 029 197 070 100 171 116 197
0014 175 031 197 072 102 172 118 196
0015 176 032 197 073 101 171 117 197
0016 176 044 195 084 102 173 118 198
0017 172 069 193 108 102 173 118 200
0018 172 117 188 142 101 175 117 196
0019 173 154 189 183 102 171 119 198
0020 171 168 188 198 103 174 118 200
0021 171 175 187 206 100 176 117 197
0022 103 171 119 197 174 176 189 202
0023 100 172 117 197 172 179 188 204
0024 172 176 188 203 101 172 117 197
0025 103 172 119 198 170 177 193 206
0026 171 181 187 204 101 172 117 197
0027 170 181 186 204 103 173 119 199
