0000 102 208 131 237 179 196 200 227
0001 103 208 131 237 179 195 200 227
0002 102 208 131 237 179 196 200 227
0003 103 208 131 237 179 196 200 227
0004 102 208 131 237 180 196 200 227
0005 102 208 131 237 185 192 205 224
0006 102 209 131 237 197 149 219 170
0007 102 209 131 237 196 088 217 122
0008 102 208 131 237 177 068 203 100
0009 101 208 130 237 170 066 194 096
0010 103 211 127 238 188 060 209 088
0011 197 054 222 091 101 209 128 237
0012 197 054 222 094 103 210 126 237
0013 100 206 129 236 197 054 222 094
0014 103 208 126 235 198 057 223 095
0015 103 208 126 236 200 057 222 093
0016 100 206 130 236 200 057 222 093
0017 104 210 127 238 199 055 222 094
0018 104 210 127 238 189 060 214 096
0019 101 207 131 237 184 073 205 107
0020 177 091 202 126 101 207 130 236
0021 101 207 130 236 181 139 204 170
0022 101 207 131 237 183 180 202 204
0023 101 207 131 237 181 189 203 227
0024 102 207 131 237 181 194 199 226
0025 102 207 131 237 182 195 202 230
0026 101 207 131 237 184 195 203 228
0027 102 207 131 237 179 193 199 227
0028 102 208 131 237 177 196 197 226
0029 102 207 130 237 178 195 198 226
0030 102 207 131 237 180 194 199 228
