0000 074 150 113 198 156 158 202 202
0001 070 149 115 202 156 157 202 202
0002 074 150 114 198 157 157 203 202
0003 069 149 116 202 155 155 203 203
0004 070 150 116 202 157 156 203 207
0005 070 149 115 202 157 156 203 207
0006 074 149 114 200 157 157 203 207
0007 070 151 115 202 157 157 203 207
0008 074 150 114 199 157 157 203 207
0009 071 151 109 200 157 155 204 207
0010 070 148 115 202 155 154 202 203
0011 070 149 115 202 159 148 201 199
0012 071 151 108 200 154 133 203 178
0013 070 151 115 202 157 119 207 156
0014 070 151 114 202 161 073 201 135
0015 070 150 109 201 164 057 201 128
0016 071 151 116 202 169 039 204 118
0017 071 151 115 201 172 031 204 109
0018 071 150 115 201 169 028 206 108
0019 071 151 115 201 170 022 210 106
0020 071 151 116 201 171 023 210 100
0021 071 150 116 201 172 024 210 103
0022 071 151 116 202 171 024 210 104
0023 071 151 116 202 173 024 210 105
0024 074 153 114 199 172 022 208 103
0025 172 022 207 103 070 151 116 202
0026 170 022 208 100 071 151 116 202
0027 172 021 210 097 075 149 115 200
0028 071 150 108 199 172 022 211 098
0029 172 023 211 097 071 150 115 202
0030 071 150 115 202 171 021 210 100
0031 071 150 115 202 172 024 210 100
0032 071 150 115 202 173 040 213 111
0033 071 150 115 202 174 071 211 126
0034 071 150 115 201 172 093 213 135
0035 071 150 115 202 165 119 207 157
0036 071 150 115 202 159 136 202 177
0037 072 156 108 203 158 149 198 200
0038 071 150 115 202 157 154 196 201
0039 070 148 110 202 161 149 200 202
0040 075 152 114 201 160 152 197 200
0041 070 151 115 202 157 151 201 203
0042 070 151 116 203 155 155 196 206
0043 070 150 117 202 156 153 199 202
