0000 077 203 107 237 128 208 158 236
0001 129 208 158 239 076 204 107 237
0002 130 190 160 228 077 205 107 238
0003 077 204 107 238 131 153 158 202
0004 135 130 161 176 076 205 108 238
0005 138 117 165 169 076 204 107 238
0006 076 205 107 238 137 109 164 165
0007 137 107 165 162 077 205 107 238
0008 138 105 168 162 077 205 107 238
0009 076 203 107 237 141 106 168 159
0010 143 104 171 158 076 203 107 237
0011 141 104 169 155 076 202 107 237
0012 141 105 170 159 076 203 107 238
0013 139 102 167 158 076 203 107 238
0014 140 104 170 157 076 203 107 237
0015 139 103 168 157 076 203 107 237
0016 139 103 168 158 076 203 107 237
0017 138 101 166 154 076 203 107 238
0018 138 101 166 153 076 203 107 238
0019 142 096 169 153 077 203 108 238
0020 137 099 165 158 077 203 108 238
0021 136 118 162 172 076 203 107 238
0022 132 135 157 187 076 203 107 238
0023 130 170 155 206 076 203 107 238
0024 076 204 107 238 131 194 158 225
0025 129 206 158 238 076 204 107 238
0026 129 207 157 235 076 203 107 238
0027 076 204 107 238 125 214 156 239
0028 076 204 107 238 126 213 154 235
0029 077 204 107 237 126 212 154 234
