0000 138 208 173 238 000 000 000 000
0001 138 208 174 238 000 000 000 000
0002 138 209 174 238 000 000 000 000
0003 138 209 174 238 000 000 000 000
0004 136 209 172 239 000 000 000 000
0005 138 200 170 230 000 000 000 000
0006 139 175 164 212 000 000 000 000
0007 134 145 165 195 000 000 000 000
0008 136 128 165 182 000 000 000 000
0009 137 114 163 168 000 000 000 000
0010 137 104 168 159 000 000 000 000
0011 140 098 169 152 000 000 000 000
0012 142 094 173 147 000 000 000 000
0013 147 092 177 145 000 000 000 000
0014 146 091 177 146 000 000 000 000
0015 143 090 176 148 000 000 000 000
0016 142 089 175 145 000 000 000 000
0017 143 093 175 151 000 000 000 000
0018 143 093 175 150 000 000 000 000
0019 143 093 174 150 000 000 000 000
0020 142 094 175 151 000 000 000 000
0021 141 089 174 147 000 000 000 000
0022 142 094 171 152 000 000 000 000
0023 144 101 171 157 000 000 000 000
0024 144 114 169 171 000 000 000 000
0025 141 135 165 188 000 000 000 000
0026 141 159 168 204 000 000 000 000
0027 139 188 171 217 000 000 000 000
0028 140 203 173 233 000 000 000 000
0029 141 211 173 238 000 000 000 000
0030 140 210 174 238 000 000 000 000
0031 140 211 174 238 000 000 000 000
0032 141 212 174 238 000 000 000 000
0033 141 212 174 238 000 000 000 000
0034 141 212 174 238 000 000 000 000
0035 141 211 174 238 000 000 000 000
0036 141 211 174 238 000 000 000 000
0037 141 211 174 237 000 000 000 000
0038 141 211 174 237 000 000 000 000
