0013 209 195 274 235 000 000 000 000
0014 211 144 272 209 000 000 000 000
0015 201 110 258 187 000 000 000 000
0016 196 093 249 175 000 000 000 000
0017 184 081 233 164 000 000 000 000
0018 179 072 224 157 000 000 000 000
0019 173 067 216 152 000 000 000 000
0020 165 062 207 148 000 000 000 000
0021 162 062 204 154 000 000 000 000
0022 162 071 204 156 000 000 000 000
0023 164 068 207 155 000 000 000 000
0024 167 068 211 153 000 000 000 000
0025 166 067 212 156 000 000 000 000
0026 165 063 210 156 000 000 000 000
0027 166 067 211 159 000 000 000 000
0028 167 062 212 156 000 000 000 000
0029 167 064 212 153 000 000 000 000
0030 167 062 213 155 000 000 000 000
0031 168 065 214 154 000 000 000 000
0032 172 064 215 156 000 000 000 000
0033 175 074 220 159 000 000 000 000
0034 185 087 230 170 000 000 000 000
0035 196 110 243 188 000 000 000 000
0036 198 142 256 214 000 000 000 000
0037 198 183 259 237 000 000 000 000
0038 199 216 257 239 000 000 000 000
