0006 149 222 180 239 000 000 000 000
0007 151 201 194 238 000 000 000 000
0008 161 158 213 219 000 000 000 000
0009 171 100 220 177 000 000 000 000
0010 171 067 216 163 000 000 000 000
0011 164 057 204 153 000 000 000 000
0012 160 049 205 144 000 000 000 000
0013 160 052 201 141 000 000 000 000
0014 156 061 199 142 000 000 000 000
0015 157 059 199 142 000 000 000 000
0016 161 054 199 144 000 000 000 000
0017 156 061 198 144 000 000 000 000
0018 159 057 199 144 000 000 000 000
0019 156 060 199 143 000 000 000 000
0020 157 061 198 145 000 000 000 000
0021 156 061 199 146 000 000 000 000
0022 156 058 198 144 000 000 000 000
0023 156 059 198 145 000 000 000 000
0024 156 059 198 145 000 000 000 000
0025 159 058 200 149 000 000 000 000
0026 158 066 198 157 000 000 000 000
0027 155 085 197 177 000 000 000 000
0028 154 110 201 198 000 000 000 000
0029 140 143 192 221 000 000 000 000
0030 120 211 168 239 000 000 000 000
0031 122 224 159 239 000 000 000 000
