0000 115 191 133 222 202 194 222 229
0001 113 187 133 223 201 195 221 229
0002 113 189 133 223 200 195 220 230
0003 199 194 220 229 112 187 132 222
0004 201 192 222 229 113 189 133 223
0005 114 188 134 223 200 193 222 229
0006 115 187 135 222 206 193 227 224
0007 214 178 239 211 115 175 132 211
0008 216 161 243 191 112 163 132 195
0009 107 129 130 162 210 125 250 162
0010 223 092 253 137 102 096 128 146
0011 226 063 252 108 102 069 131 126
0012 224 042 251 089 103 050 132 102
0013 219 035 246 082 103 041 133 088
0014 219 029 244 075 103 036 134 086
0015 217 033 241 074 103 034 133 083
0016 104 039 138 079 216 032 242 075
0017 216 034 242 075 104 035 135 081
0018 108 036 135 077 214 032 241 078
0019 216 033 242 075 107 036 139 082
0020 219 035 244 077 106 037 135 080
0021 218 034 244 076 106 036 137 079
0022 213 037 241 076 106 031 136 079
0023 108 028 137 073 203 039 236 074
0024 192 039 232 073 107 033 135 070
0025 110 028 140 072 180 042 221 071
0026 113 028 143 073 168 045 207 072
0027 116 029 143 074 153 044 193 070
0028 118 030 143 068 153 048 194 078
0029 119 030 143 073 148 050 190 077
0030 118 027 143 073 139 045 194 074
0031 117 027 144 072 140 048 186 074
0032 118 028 144 071 139 047 186 074
0033 118 028 145 071 139 048 184 075
0034 116 029 139 069 139 048 185 075
0035 116 030 139 069 141 048 186 075
0036 116 029 139 069 136 052 181 076
0037 118 028 143 069 133 046 187 077
0038 114 028 139 071 130 045 188 074
0039 114 028 139 072 131 045 189 074
0040 114 028 139 073 129 046 190 077
0041 114 026 138 074 145 049 189 080
0042 112 047 138 089 147 056 187 087
0043 152 075 185 102 111 076 139 108
0044 161 103 198 131 108 112 140 143
0045 166 130 209 164 117 152 138 178
0046 171 174 210 201 124 177 144 204
0047 181 186 214 222 125 182 150 213
0048 125 183 150 213 186 188 215 222
0049 194 193 217 228 120 185 141 215
0050 196 192 218 225 111 188 131 220
0051 111 194 130 222 194 192 221 226
0052 194 192 220 226 111 193 130 220
0053 194 193 219 227 114 188 134 222
