0000 112 213 129 238 172 216 196 239
0001 113 213 130 238 173 213 195 236
0002 113 213 130 238 176 214 198 239
0003 112 214 130 238 176 214 198 237
0004 111 214 128 237 174 211 196 239
0005 110 212 129 239 175 212 197 239
0006 109 213 130 239 176 212 197 239
0007 113 212 131 238 180 214 202 239
0008 113 212 131 238 177 214 197 237
0009 111 213 133 239 178 214 198 237
0010 111 214 128 237 179 217 200 239
0011 112 214 128 237 180 218 200 239
0012 108 211 125 236 179 214 198 236
0013 092 208 113 236 185 213 212 237
0014 074 206 099 234 199 218 221 239
0015 041 180 069 207 227 200 258 228
0016 020 150 055 177 251 175 282 203
0017 012 117 051 141 263 139 293 171
0018 264 113 294 144 012 095 049 120
0019 024 067 060 095 254 073 282 111
0020 047 035 076 069 236 038 260 074
0021 221 027 245 063 059 026 083 059
0022 193 015 218 049 087 015 106 047
0023 175 018 202 050 108 013 125 046
0024 162 025 189 048 119 010 136 045
0025 150 027 178 053 129 015 145 048
0026 148 029 175 053 134 016 148 048
0027 136 016 156 052 145 033 171 056
0028 134 017 155 053 147 030 171 059
0029 146 032 172 060 137 020 157 050
0030 146 034 172 060 133 015 156 051
0031 147 033 174 058 133 017 152 052
0032 147 033 174 057 133 017 152 050
0033 144 034 172 061 133 017 152 051
0034 143 034 170 060 132 017 151 052
0035 147 035 173 059 132 015 152 053
0036 147 034 173 057 131 017 151 053
0037 129 015 152 051 149 031 171 053
0038 154 023 180 052 123 012 144 050
0039 092 021 112 058 183 021 206 056
0040 054 039 082 075 217 039 240 080
0041 031 072 063 105 234 070 261 111
0042 014 125 053 153 250 133 280 165
0043 037 181 062 203 238 197 266 222
0044 077 202 100 230 208 219 230 239
0045 189 220 209 239 106 212 124 237
0046 178 215 203 237 112 212 128 236
0047 106 207 123 236 177 215 202 238
