0007 161 206 201 238 000 000 000 000
0008 167 188 209 239 000 000 000 000
0009 169 155 215 215 000 000 000 000
0010 182 133 217 197 000 000 000 000
0011 190 113 222 176 000 000 000 000
0012 187 103 223 164 000 000 000 000
0013 191 091 221 152 000 000 000 000
0014 191 079 220 142 000 000 000 000
0015 189 075 218 139 000 000 000 000
0016 189 074 218 137 000 000 000 000
0017 191 070 220 132 000 000 000 000
0018 189 072 219 129 000 000 000 000
0019 190 069 219 128 000 000 000 000
0020 190 072 221 131 000 000 000 000
0021 189 070 219 133 000 000 000 000
0022 189 070 219 134 000 000 000 000
0023 188 070 218 135 000 000 000 000
0024 192 068 221 129 000 000 000 000
0025 188 069 219 136 000 000 000 000
0026 188 069 220 135 000 000 000 000
0027 191 068 222 130 000 000 000 000
0028 189 070 218 134 000 000 000 000
0029 191 070 221 130 000 000 000 000
0030 191 069 221 131 000 000 000 000
0031 191 069 221 131 000 000 000 000
0032 189 072 221 136 000 000 000 000
0033 186 077 218 142 000 000 000 000
0034 168 121 212 177 000 000 000 000
0035 147 166 192 213 000 000 000 000
0036 137 207 181 239 000 000 000 000
0037 133 215 168 239 000 000 000 000
0040 142 223 173 239 000 000 000 000
0041 144 221 178 238 000 000 000 000
0044 109 069 151 119 000 000 000 000
