0000 201 166 238 204 000 000 000 000
0001 201 166 238 204 000 000 000 000
0002 200 166 238 205 000 000 000 000
0003 201 166 238 205 000 000 000 000
0004 201 167 238 205 000 000 000 000
0005 201 166 238 204 000 000 000 000
0006 201 167 238 203 000 000 000 000
0007 201 167 238 203 000 000 000 000
0008 201 167 238 203 000 000 000 000
0009 201 167 238 204 000 000 000 000
0010 201 167 238 204 000 000 000 000
0011 201 167 238 204 000 000 000 000
0012 200 165 237 203 000 000 000 000
0013 201 165 239 203 000 000 000 000
0014 204 170 238 207 000 000 000 000
0015 221 168 251 207 000 000 000 000
0016 133 208 181 239 232 177 272 212
0017 132 194 178 235 251 177 295 218
0018 129 181 179 221 262 185 309 223
0019 131 176 183 219 270 190 314 230
0020 131 179 185 220 271 197 319 234
0021 131 181 182 221 276 200 319 235
0022 133 178 183 214 270 204 318 236
0023 128 139 175 184 274 201 319 236
0024 131 099 173 150 271 202 319 238
0025 127 069 171 131 270 202 319 238
0026 126 051 166 117 275 200 319 234
0027 123 046 168 111 274 203 319 238
0028 122 040 167 106 276 200 319 234
0029 121 037 168 102 271 206 319 239
0030 120 033 167 100 277 203 319 235
0031 118 032 164 101 276 205 319 236
0032 118 036 162 099 275 204 319 239
0033 117 033 162 100 274 203 319 236
0034 118 034 162 101 274 203 319 236
0035 117 035 166 099 274 203 319 236
0036 119 039 161 106 268 206 319 237
0037 132 070 173 132 268 205 319 239
0038 129 163 186 203 276 204 319 236
0039 138 209 188 239 270 205 319 239
0040 270 205 319 239 128 223 165 239
0041 269 200 319 238 127 221 170 239
0042 264 194 319 231 000 000 000 000
0043 259 191 311 230 000 000 000 000
0044 243 197 291 232 000 000 000 000
0045 238 200 278 235 000 000 000 000
0046 226 204 264 236 000 000 000 000
0047 206 209 251 239 000 000 000 000
0048 201 217 243 239 000 000 000 000
0049 204 222 238 239 000 000 000 000
0050 199 222 239 239 000 000 000 000
0051 198 221 239 238 000 000 000 000
0052 204 223 238 239 000 000 000 000
0054 206 216 243 239 000 000 000 000
0055 220 209 264 238 000 000 000 000
0056 253 197 307 234 000 000 000 000
0057 273 199 319 234 000 000 000 000
0058 280 202 318 235 000 000 000 000
0059 282 203 315 239 000 000 000 000
0060 276 201 319 235 000 000 000 000
0061 279 203 319 235 000 000 000 000
0062 274 198 319 235 000 000 000 000
0063 264 187 310 234 000 000 000 000
0064 244 180 284 230 000 000 000 000
0065 231 176 263 218 000 000 000 000
