0002 171 200 233 239 000 000 000 000
0003 173 131 233 195 000 000 000 000
0004 179 097 240 172 000 000 000 000
0005 180 079 241 156 000 000 000 000
0006 180 071 248 156 000 000 000 000
0007 180 071 247 155 000 000 000 000
0008 179 065 250 151 000 000 000 000
0009 179 063 255 149 000 000 000 000
0010 178 063 255 148 000 000 000 000
0011 179 063 256 149 000 000 000 000
0012 181 074 249 158 000 000 000 000
0013 185 093 250 174 108 223 137 239
0014 179 183 235 232 000 000 000 000
0015 186 222 225 238 000 000 000 000
