0003 089 202 135 237 000 000 000 000
0004 098 116 139 169 000 000 000 000
0005 102 073 142 126 000 000 000 000
0006 102 047 146 101 000 000 000 000
0007 101 042 148 097 000 000 000 000
0008 103 040 149 096 000 000 000 000
0009 101 038 148 091 000 000 000 000
0010 105 035 153 094 000 000 000 000
0011 107 036 152 093 000 000 000 000
0012 102 035 147 090 000 000 000 000
0013 103 034 148 088 000 000 000 000
0014 103 034 148 089 000 000 000 000
0015 102 035 148 090 000 000 000 000
0016 103 036 147 091 000 000 000 000
0017 105 037 150 092 000 000 000 000
0018 104 036 150 092 000 000 000 000
0019 106 038 150 092 000 000 000 000
0020 104 038 151 095 000 000 000 000
0021 103 046 146 098 000 000 000 000
0022 104 083 146 126 000 000 000 000
0023 092 127 144 175 000 000 000 000
0024 092 185 140 233 000 000 000 000
0025 100 224 136 239 000 000 000 000
