0000 120 209 153 237 000 000 000 000
0001 121 208 156 239 000 000 000 000
0002 119 189 161 233 061 198 110 225
0003 129 184 159 220 000 000 000 000
0004 116 154 149 195 061 197 107 220
0005 122 139 153 187 000 000 000 000
0006 115 120 152 173 000 000 000 000
0007 120 105 150 158 000 000 000 000
0008 119 094 149 153 000 000 000 000
0009 119 096 150 150 000 000 000 000
0010 120 093 150 143 000 000 000 000
0011 122 090 154 145 000 000 000 000
0012 122 090 154 144 000 000 000 000
0013 122 091 155 143 000 000 000 000
0014 122 092 156 145 000 000 000 000
0015 121 092 156 146 000 000 000 000
0016 121 094 156 147 000 000 000 000
0017 122 093 158 148 000 000 000 000
0018 126 099 157 150 000 000 000 000
0019 122 108 156 156 000 000 000 000
0020 124 132 159 180 000 000 000 000
0021 122 142 159 194 000 000 000 000
0022 124 180 163 217 000 000 000 000
0023 126 205 159 239 000 000 000 000
0024 125 215 159 239 000 000 000 000
0025 126 215 158 239 000 000 000 000
0026 124 214 159 239 000 000 000 000
0027 124 215 158 239 000 000 000 000
0028 124 215 158 239 000 000 000 000
0029 124 215 158 239 000 000 000 000
0030 124 215 158 239 000 000 000 000
