0000 116 206 150 239 044 209 079 239
0001 117 206 151 239 044 209 080 239
0002 117 207 151 239 045 207 079 239
0003 119 207 151 239 045 208 079 239
0004 108 192 147 226 051 217 076 239
0005 106 163 143 203 045 207 080 239
0006 107 134 147 187 047 208 080 239
0007 115 118 155 179 051 216 077 239
0008 120 097 146 163 045 206 082 235
0009 120 093 149 151 050 216 077 239
0010 120 090 152 148 050 215 077 239
0011 119 091 151 146 046 206 082 234
0012 122 092 151 145 049 214 077 239
0013 120 091 151 145 050 216 077 239
0014 120 091 151 145 046 207 083 235
0015 119 092 152 147 048 212 080 238
0016 119 092 152 148 048 208 081 239
0017 124 099 151 147 047 208 081 239
0018 122 110 151 167 045 207 081 237
0019 122 137 159 192 051 215 078 239
0020 121 170 156 207 047 209 080 239
0021 121 187 156 218 050 220 079 239
0022 118 199 156 235 050 220 080 239
0023 118 207 154 239 050 219 079 239
0024 122 214 153 239 050 219 079 239
