0000 142 217 182 238 000 000 000 000
0001 151 189 203 234 000 000 000 000
0002 162 144 215 201 000 000 000 000
0003 167 101 216 170 000 000 000 000
0004 172 078 218 145 000 000 000 000
0005 173 062 214 132 000 000 000 000
0006 170 050 216 125 000 000 000 000
0007 169 045 211 119 000 000 000 000
0008 167 042 209 112 000 000 000 000
0009 166 036 210 107 000 000 000 000
0010 165 037 208 106 000 000 000 000
0011 165 038 206 107 000 000 000 000
0012 167 035 210 108 000 000 000 000
0013 168 037 209 109 000 000 000 000
0014 168 037 209 109 000 000 000 000
0015 167 037 208 107 000 000 000 000
0016 168 036 207 107 000 000 000 000
0017 168 036 209 107 000 000 000 000
0018 168 037 209 108 000 000 000 000
0019 168 039 207 110 000 000 000 000
0020 170 047 208 115 000 000 000 000
0021 168 062 210 124 000 000 000 000
0022 171 085 204 134 000 000 000 000
0023 164 113 208 164 000 000 000 000
0024 161 138 207 188 000 000 000 000
0025 146 185 188 232 000 000 000 000
0026 137 200 176 239 000 000 000 000
0027 135 223 166 239 000 000 000 000
