0000 125 224 161 239 000 000 000 000
0001 126 223 161 239 000 000 000 000
0002 126 223 161 239 000 000 000 000
0006 124 223 159 239 000 000 000 000
0009 124 223 160 239 000 000 000 000
0010 130 223 163 239 000 000 000 000
0011 130 210 176 239 000 000 000 000
0012 134 176 163 204 000 000 000 000
0013 132 118 165 160 000 000 000 000
0014 127 066 170 129 000 000 000 000
0015 128 044 177 105 000 000 000 000
0016 129 033 176 096 000 000 000 000
0017 128 032 177 096 000 000 000 000
0018 127 033 177 097 000 000 000 000
0019 131 031 173 097 000 000 000 000
0020 129 032 177 100 000 000 000 000
0021 131 035 172 098 000 000 000 000
0022 128 036 179 100 000 000 000 000
0023 128 035 177 099 000 000 000 000
0024 128 035 176 097 000 000 000 000
0025 128 031 177 092 000 000 000 000
0026 131 035 171 099 000 000 000 000
0027 130 046 176 105 000 000 000 000
0028 136 074 174 135 000 000 000 000
0029 128 148 170 187 000 000 000 000
0030 136 195 182 229 000 000 000 000
0031 129 216 176 238 000 000 000 000
0032 125 220 163 237 000 000 000 000
0033 126 223 163 239 000 000 000 000
0034 122 223 163 239 000 000 000 000
