0000 124 221 167 239 000 000 000 000
0001 116 185 168 221 000 000 000 000
0002 134 136 160 175 000 000 000 000
0003 134 103 171 157 000 000 000 000
0004 136 092 168 132 000 000 000 000
0005 136 079 174 126 000 000 000 000
0006 135 079 171 128 000 000 000 000
0007 135 079 172 128 000 000 000 000
0008 133 086 175 125 000 000 000 000
0009 132 079 170 132 000 000 000 000
0010 134 100 174 144 000 000 000 000
0011 131 126 167 175 000 000 000 000
0012 133 175 168 208 000 000 000 000
0013 125 213 164 237 000 000 000 000
