0006 179 222 216 239 000 000 000 000
0007 145 172 189 208 000 000 000 000
0008 143 127 186 170 000 000 000 000
0009 154 095 184 130 000 000 000 000
0010 156 072 184 115 000 000 000 000
0011 157 068 185 110 000 000 000 000
0012 156 068 185 108 000 000 000 000
0013 156 069 187 102 000 000 000 000
0014 156 072 184 108 111 222 131 239
0015 156 070 184 106 000 000 000 000
0016 156 067 186 101 000 000 000 000
0017 154 066 183 098 000 000 000 000
0018 154 064 184 096 000 000 000 000
0019 155 065 185 096 000 000 000 000
0020 151 065 188 098 000 000 000 000
0021 156 065 185 095 000 000 000 000
0022 153 064 184 098 000 000 000 000
0023 155 067 184 096 000 000 000 000
0024 154 065 184 103 000 000 000 000
0025 155 072 182 112 000 000 000 000
0026 145 098 174 138 000 000 000 000
0027 137 150 181 193 000 000 000 000
0028 155 209 194 239 000 000 000 000
0039 198 224 221 239 000 000 000 000
