0000 178 198 205 232 099 197 120 231
0001 182 201 209 234 099 198 120 232
0002 182 206 208 237 100 196 121 232
0003 182 207 209 236 100 197 121 230
0004 180 206 207 236 099 197 121 230
0005 177 204 203 236 100 197 121 231
0006 177 207 203 237 099 198 121 231
0007 177 206 203 236 099 197 120 231
0008 177 207 203 236 102 194 122 229
0009 177 206 203 236 095 190 123 228
0010 176 207 202 237 095 190 123 228
0011 166 200 191 229 100 197 118 228
0012 147 165 185 199 100 198 122 231
0013 099 197 119 229 134 137 179 166
0014 130 102 164 138 100 196 121 229
0015 129 077 165 125 097 193 120 227
0016 132 073 160 115 098 193 119 225
0017 134 070 159 111 095 194 120 229
0018 131 067 159 114 095 194 119 228
0019 133 064 163 114 093 193 116 225
0020 134 069 164 113 095 195 118 228
0021 135 067 163 110 096 195 117 225
0022 134 069 163 110 094 193 117 225
0023 135 070 163 111 096 194 118 225
0024 135 067 163 108 096 193 117 225
0025 134 067 163 109 094 194 119 229
0026 134 067 164 110 094 194 118 228
0027 134 068 164 111 094 192 117 224
0028 134 067 164 110 094 192 117 225
0029 134 068 164 108 094 194 119 228
0030 134 069 164 109 094 194 119 229
0031 135 068 164 108 094 194 119 228
0032 135 070 164 108 094 195 119 228
0033 135 068 163 109 095 194 115 224
0034 135 070 163 107 095 194 115 225
0035 135 068 165 110 094 193 117 223
0036 137 071 164 113 094 195 119 228
0037 136 077 165 120 094 195 119 229
0038 133 108 159 139 092 192 115 226
0039 132 139 171 172 095 193 117 228
0040 147 174 180 202 093 198 114 228
0041 159 191 190 220 093 196 114 229
0042 170 203 197 235 094 195 117 230
