0011 175 219 213 239 000 000 000 000
0012 148 168 195 205 000 000 000 000
0013 155 109 184 151 000 000 000 000
0014 156 104 184 141 000 000 000 000
0015 163 093 189 125 000 000 000 000
0016 162 091 189 124 000 000 000 000
0017 163 089 190 122 000 000 000 000
0018 162 088 190 121 000 000 000 000
0019 162 087 190 121 000 000 000 000
0020 162 086 190 120 000 000 000 000
0021 159 092 195 127 000 000 000 000
0022 157 104 187 139 000 000 000 000
0023 154 115 185 159 000 000 000 000
0024 149 171 191 211 000 000 000 000
0025 164 209 202 239 000 000 000 000
