0000 091 200 115 234 167 195 195 230
0001 092 201 115 230 170 195 197 228
0002 093 202 115 233 169 194 196 228
0003 094 202 116 233 168 195 195 228
0004 094 198 118 232 168 195 194 229
0005 094 197 119 230 168 194 194 228
0006 098 199 121 231 164 197 191 231
0007 096 202 119 233 168 195 195 230
0008 094 197 131 232 167 198 196 232
0009 105 194 141 219 171 196 197 228
0010 110 171 153 203 169 195 196 229
0011 169 193 197 228 111 144 157 175
0012 127 105 158 151 168 195 196 230
0013 130 092 157 133 167 193 195 228
0014 166 197 196 233 132 080 158 123
0015 169 193 196 229 130 077 155 116
0016 169 194 196 228 129 078 153 119
0017 167 197 196 230 133 079 158 118
0018 129 079 154 118 171 195 197 228
0019 128 079 154 120 166 196 193 229
0020 127 079 159 118 170 196 196 228
0021 169 195 196 228 131 078 158 122
0022 166 198 196 232 131 077 158 122
0023 170 195 196 228 131 077 158 121
0024 169 195 196 228 128 077 155 119
0025 165 197 193 231 127 076 156 121
0026 131 078 156 121 170 196 195 226
0027 130 079 156 120 170 195 197 230
0028 131 078 156 120 169 196 193 224
0029 131 079 156 119 169 195 196 231
0030 130 079 156 120 170 193 196 228
0031 130 080 157 121 170 193 196 228
0032 132 084 160 123 169 196 193 226
0033 131 091 158 125 170 193 196 228
0034 126 103 155 138 170 195 194 225
0035 122 133 154 163 172 194 196 228
0036 118 160 155 195 172 195 197 229
0037 106 187 144 221 171 193 195 228
0038 102 203 128 235 172 195 197 230
0039 095 204 116 236 172 194 197 230
0040 090 204 113 237 173 195 197 230
0041 093 207 113 238 173 195 197 228
0042 092 207 113 238 171 192 197 228
0043 098 202 118 236 173 194 194 223
0044 103 207 125 236 170 193 197 229
