0000 059 218 089 239 000 000 000 000
0001 059 219 090 239 000 000 000 000
0002 060 219 089 239 000 000 000 000
0003 060 219 090 239 000 000 000 000
0004 060 219 089 239 000 000 000 000
0005 060 219 089 239 000 000 000 000
0006 060 219 089 239 000 000 000 000
0007 060 219 089 239 228 181 248 211
0008 232 175 252 211 060 219 089 239
0009 234 169 254 204 061 216 088 236
0011 218 127 257 163 000 000 000 000
0012 213 106 265 136 000 000 000 000
0013 215 075 255 112 000 000 000 000
0014 216 045 252 089 000 000 000 000
0015 219 031 248 076 000 000 000 000
0016 211 036 247 076 000 000 000 000
0017 210 042 235 076 000 000 000 000
0019 214 058 248 086 000 000 000 000
0020 212 046 238 076 000 000 000 000
0021 210 044 240 077 000 000 000 000
0022 211 047 243 080 000 000 000 000
0023 215 040 247 080 000 000 000 000
0024 211 038 242 080 000 000 000 000
0025 214 042 243 076 000 000 000 000
0026 213 039 245 080 000 000 000 000
0027 214 040 248 082 000 000 000 000
0028 216 042 251 082 000 000 000 000
0029 215 037 245 080 000 000 000 000
0030 215 042 247 081 000 000 000 000
0031 215 046 245 080 064 220 091 239
0032 215 048 245 082 064 219 091 238
0033 214 048 244 080 064 219 091 238
0034 214 043 245 078 000 000 000 000
0035 221 045 253 089 000 000 000 000
0036 254 114 280 140 000 000 000 000
0037 260 174 288 207 000 000 000 000
0039 228 176 244 200 000 000 000 000
0043 061 220 088 239 000 000 000 000
0052 065 220 091 239 000 000 000 000
0056 060 219 088 239 000 000 000 000
0057 059 221 088 239 000 000 000 000
0058 060 220 090 239 000 000 000 000
0059 063 220 092 239 000 000 000 000
