0000 083 206 108 238 173 200 199 235
0001 090 203 111 235 175 200 201 234
0002 172 201 198 233 091 164 115 197
0003 093 115 117 156 174 199 201 233
0004 095 077 120 121 173 200 199 234
0005 098 067 123 105 173 200 199 235
0006 175 201 200 234 101 070 126 104
0007 104 073 127 103 174 200 201 235
0008 106 072 129 099 177 202 202 234
0009 106 072 131 102 177 201 204 236
0010 108 072 132 100 177 199 202 234
0011 109 071 132 098 177 199 203 236
0012 176 200 201 235 105 070 131 100
0013 175 200 200 235 105 070 130 102
0014 175 201 200 235 107 072 127 101
0015 176 202 202 236 105 069 129 101
0016 107 069 131 101 171 197 206 234
0017 107 069 130 101 175 202 203 235
0018 107 068 132 101 176 202 203 236
0019 106 068 129 101 175 199 203 236
0020 108 069 133 101 176 199 203 235
0021 106 069 129 103 176 199 202 236
0022 106 069 129 103 176 202 202 235
0023 107 070 129 102 176 202 202 235
0024 105 069 130 103 176 202 202 235
0025 104 071 129 110 171 197 207 234
0026 096 105 119 147 175 201 201 236
0027 092 165 118 211 175 202 200 236
0028 093 202 120 239 175 202 201 236
0029 175 201 202 236 094 213 118 239
