0002 192 215 226 239 000 000 000 000
0003 209 150 243 213 000 000 000 000
0004 204 104 257 143 000 000 000 000
0005 191 067 238 097 000 000 000 000
0006 170 035 218 074 000 000 000 000
0007 157 035 208 071 000 000 000 000
0008 156 037 206 073 000 000 000 000
0009 156 041 206 074 000 000 000 000
0010 158 041 206 074 000 000 000 000
0011 157 041 207 075 000 000 000 000
0012 156 043 204 072 000 000 000 000
0013 157 041 207 076 000 000 000 000
0014 156 043 202 072 000 000 000 000
0015 157 044 202 073 000 000 000 000
0016 157 044 203 073 000 000 000 000
0017 158 044 207 078 000 000 000 000
0018 159 045 206 078 000 000 000 000
0019 159 045 206 078 000 000 000 000
0020 159 045 206 078 000 000 000 000
0021 159 046 204 076 000 000 000 000
0022 160 046 205 076 000 000 000 000
0023 165 045 209 078 000 000 000 000
0024 179 049 218 083 000 000 000 000
0025 212 111 245 158 000 000 000 000
0026 216 173 248 229 000 000 000 000
0027 198 216 226 239 000 000 000 000
0028 191 222 212 239 000 000 000 000
0029 190 222 207 239 000 000 000 000
