0000 189 184 209 211 119 182 139 216
0001 189 183 209 211 117 149 134 177
0002 189 181 209 211 118 112 139 141
0003 116 073 139 101 188 183 208 212
0004 125 060 147 087 187 183 208 212
0005 130 062 151 082 187 182 208 212
0006 188 182 208 211 131 065 149 088
0007 189 182 209 211 130 063 149 086
0008 128 066 148 087 189 182 210 212
0009 131 061 151 084 189 182 210 212
0010 130 063 151 087 187 182 208 210
0011 130 063 151 087 189 183 209 212
0012 130 063 151 087 187 183 208 212
0013 130 063 151 086 188 183 209 211
0014 129 063 150 086 188 183 209 211
0015 115 057 136 082 187 183 208 212
0016 105 060 128 093 187 183 208 212
0017 097 122 118 149 187 184 208 212
0018 187 183 209 212 100 151 117 177
0019 109 178 128 210 187 183 209 212
0020 116 188 136 213 187 184 208 212
0021 119 187 139 217 187 184 209 212
0022 189 183 208 211 122 193 141 214
0023 189 183 208 211 119 189 140 218
0024 119 190 140 213 190 183 211 212
0025 119 189 140 212 190 183 210 213
