0000 112 224 131 239 000 000 000 000
0001 112 224 130 239 000 000 000 000
0002 112 224 131 239 000 000 000 000
0003 184 193 220 228 000 000 000 000
0004 185 157 221 192 000 000 000 000
0005 193 126 231 167 000 000 000 000
0006 202 113 238 159 000 000 000 000
0007 203 103 244 155 000 000 000 000
0008 203 102 246 151 000 000 000 000
0009 206 106 250 151 000 000 000 000
0010 202 106 247 153 000 000 000 000
0011 202 109 247 155 000 000 000 000
0012 201 110 241 157 000 000 000 000
0013 205 106 243 155 000 000 000 000
0014 201 109 237 154 000 000 000 000
0015 199 111 239 160 000 000 000 000
0016 197 123 238 175 000 000 000 000
0017 194 155 232 189 000 000 000 000
0018 192 214 224 239 000 000 000 000
0019 201 224 224 239 000 000 000 000
