0000 126 139 150 161 188 208 211 239
0001 187 206 214 238 125 140 150 162
0002 188 207 214 238 124 144 147 164
0003 188 206 214 238 124 143 147 163
0004 186 204 214 238 124 142 146 161
0005 182 198 209 228 122 143 145 162
0006 175 185 202 212 125 138 149 162
0007 123 141 146 160 163 158 190 187
0008 158 136 184 169 125 138 150 161
0009 160 123 188 154 125 139 149 160
0010 165 110 196 146 123 137 146 159
0011 165 106 191 138 125 135 147 159
0012 164 103 198 140 125 137 150 160
0013 162 106 190 143 125 139 150 160
0014 160 110 190 146 125 139 150 161
0015 158 131 190 158 125 138 149 157
0016 161 157 193 189 122 133 146 157
0017 165 182 202 220 123 134 147 157
0018 182 200 207 234 124 137 149 158
0019 192 213 216 239 123 137 148 159
0020 124 136 149 157 199 211 220 234
