0000 117 183 146 210 200 223 226 239
0001 117 174 145 198 200 222 225 239
0002 117 163 140 184 201 221 225 239
0003 113 150 135 173 200 221 225 239
0004 112 149 134 169 200 221 225 239
0005 108 132 132 164 201 221 226 239
0006 109 120 131 148 201 222 226 239
0007 105 113 130 145 202 221 227 239
0008 105 108 130 139 204 222 229 239
0009 105 106 131 139 202 219 231 239
0010 105 108 129 138 201 220 230 239
0011 099 101 131 136 203 223 229 239
0012 097 102 122 135 202 223 229 239
0013 056 082 092 119 206 221 234 239
0014 004 088 043 121 208 220 235 239
0015 010 071 050 108 207 218 241 239
0016 013 064 054 100 211 216 242 237
0017 017 062 054 098 213 214 242 239
0018 017 068 059 104 207 218 240 239
0019 019 066 059 103 211 216 240 239
0020 021 071 063 106 208 222 234 239
0021 029 076 067 112 207 219 231 237
0022 041 087 080 126 205 221 232 239
0023 054 108 090 146 203 220 231 239
0024 070 150 102 186 198 222 225 239
0025 088 180 113 220 202 221 229 239
0026 098 195 132 235 202 221 228 239
0027 108 202 134 239 201 222 228 239
0028 112 211 142 238 201 222 229 239
0029 112 212 141 238 201 222 228 239
