0000 118 181 138 215 186 175 205 209
0001 186 173 204 204 119 180 139 214
0002 118 182 137 213 184 167 202 195
0003 118 182 137 213 186 152 206 177
0004 118 182 137 212 186 137 205 158
0005 118 181 137 212 189 124 210 145
0006 118 182 138 214 198 105 218 133
0007 118 181 138 215 214 101 235 125
0008 118 180 138 215 233 105 259 126
0009 244 107 270 129 118 180 138 215
0010 237 109 266 130 118 181 138 216
0011 118 180 138 216 238 108 265 131
0012 118 181 137 214 241 111 268 132
0013 117 181 137 213 240 111 267 133
0014 117 181 137 214 237 112 269 133
0015 117 181 137 213 238 112 269 133
0016 116 181 137 213 237 110 264 133
0017 233 109 259 132 117 182 137 215
0018 217 114 243 136 118 180 138 214
0019 118 181 137 214 208 123 233 145
0020 117 180 138 215 201 140 224 167
0021 116 181 133 211 194 157 214 186
0022 116 181 133 211 191 165 209 193
0023 118 181 138 215 188 174 205 204
0024 186 175 205 208 118 181 136 214
0025 187 175 206 208 119 180 140 216
0026 120 182 141 216 189 176 207 208
0027 120 181 141 217 190 176 207 209
0028 187 176 206 210 119 181 138 212
