0000 103 213 127 239 201 221 229 239
0001 103 214 124 235 202 221 230 239
0002 096 208 127 238 202 221 230 239
0003 096 197 120 229 202 221 229 239
0004 094 180 118 214 201 221 229 239
0005 092 163 120 191 200 220 229 238
0006 091 151 121 179 205 219 233 239
0007 095 129 119 164 202 219 229 238
0008 100 119 124 153 202 219 228 238
0009 103 110 126 141 203 221 229 239
0010 105 111 129 136 201 223 229 239
0011 105 112 129 136 203 223 230 239
0012 103 111 125 135 204 222 232 239
0013 089 099 115 134 205 222 231 239
0014 054 087 095 130 205 223 232 239
0015 010 078 051 116 209 216 237 239
0016 011 062 048 096 211 218 239 238
0017 010 056 048 091 207 218 239 239
0018 012 054 051 087 209 220 239 239
0019 011 052 051 087 208 221 236 239
0020 014 050 054 087 207 221 234 239
0021 016 051 054 087 212 222 236 239
0022 017 053 051 091 207 217 238 239
0023 015 054 052 091 207 221 236 239
0024 013 060 055 098 209 220 233 238
0025 018 073 053 109 206 221 234 239
0026 027 089 065 125 204 220 232 238
0027 042 111 078 149 202 222 230 239
0028 059 144 094 177 204 223 229 239
0029 076 182 109 219 204 222 228 239
0030 092 201 116 239 203 223 228 239
0031 111 217 137 239 203 222 228 239
0032 106 213 134 238 202 223 228 239
