0000 104 224 140 239 165 215 210 239
0001 164 214 210 239 110 223 143 239
0002 162 209 204 237 100 217 146 239
0003 160 202 204 239 095 211 147 239
0004 157 187 206 236 098 193 147 239
0005 153 161 209 219 097 168 142 222
0006 096 138 145 194 156 135 204 192
0007 151 117 206 173 100 126 153 174
0008 153 109 205 166 103 116 150 164
0009 157 116 209 173 112 122 157 172
0010 110 126 155 177 157 120 211 177
0011 116 125 156 174 161 119 210 176
0012 158 119 210 176 118 126 159 177
0013 158 121 211 180 118 128 160 177
0014 159 122 211 180 117 128 159 177
0015 115 126 160 176 159 122 212 180
0016 116 126 160 177 159 122 212 180
0017 163 122 214 178 116 126 161 177
0018 116 127 161 177 160 121 213 179
0019 163 122 215 178 115 127 160 177
0020 160 121 213 179 116 125 161 176
0021 115 127 162 181 168 121 211 182
0022 111 140 161 196 171 136 214 203
0023 109 180 162 236 179 167 229 232
0024 187 214 229 237 000 000 000 000
