0000 042 209 095 239 171 223 203 239
0001 040 208 089 237 167 222 202 238
0002 041 209 082 238 167 223 198 239
0003 038 200 083 239 162 217 196 235
0004 045 192 091 237 154 213 197 238
0005 054 184 100 237 143 214 193 239
0006 064 188 112 233 140 212 186 239
0007 077 188 124 234 139 211 185 236
0008 081 190 130 235 138 206 186 238
0009 090 194 132 239 137 201 186 238
0010 138 201 184 238 086 196 131 237
0011 134 204 187 237 085 195 131 238
0012 132 201 186 238 087 196 131 237
0013 133 204 185 238 087 197 134 237
0014 129 203 185 239 088 197 131 236
0015 130 202 182 239 086 198 131 237
0016 126 201 184 239 086 198 129 238
0017 131 200 182 238 085 199 129 237
0018 132 198 182 238 083 198 130 238
0019 131 197 177 238 084 197 128 237
0020 128 195 170 239 086 200 125 234
0021 127 195 170 239 088 200 128 236
0022 126 190 167 239 087 200 126 235
0023 126 189 168 239 089 200 124 234
0024 127 190 176 239 088 202 125 237
0025 127 192 173 239 087 200 128 237
0026 126 187 177 237 087 202 126 237
0027 124 187 173 237 087 201 126 236
0028 129 184 172 235 089 201 124 236
0029 129 183 178 235 087 194 133 236
0030 130 188 175 234 087 194 131 236
0031 129 189 177 236 085 193 126 231
0032 123 190 176 237 089 192 123 235
0033 135 197 177 237 089 188 140 233
0034 134 196 181 238 089 190 139 234
0035 132 195 179 238 090 187 135 235
0036 131 195 176 239 091 188 135 235
0037 135 193 176 239 091 188 138 234
0038 128 197 178 239 093 186 135 233
0039 132 198 181 239 089 187 135 235
0040 129 198 179 238 092 186 135 234
0041 092 185 137 235 130 199 180 238
0042 091 185 135 236 128 199 181 237
0043 091 185 135 235 140 203 188 237
0044 092 186 136 234 138 205 186 238
0045 092 186 135 234 137 202 185 238
0046 132 203 180 238 088 191 134 235
0047 090 191 133 237 134 206 183 238
0048 090 192 132 238 138 205 188 239
0049 140 202 193 238 092 192 133 236
0050 141 199 195 237 091 192 132 238
0051 141 198 193 237 090 192 133 236
0052 137 199 193 238 091 192 133 235
0053 139 200 194 236 088 191 133 236
0054 142 198 193 237 088 190 132 235
0055 144 194 193 237 088 191 133 236
0056 089 192 132 238 150 193 193 237
0057 089 192 132 237 153 189 197 236
0058 152 196 196 239 089 191 133 237
0059 090 189 134 238 153 196 195 239
0060 090 189 135 239 150 192 195 234
0061 090 188 135 239 154 188 193 234
0062 089 187 134 239 152 192 195 239
0063 093 187 134 237 150 190 194 239
0064 094 187 134 237 150 194 195 239
0065 152 189 189 238 091 185 135 237
0066 089 189 135 237 152 193 196 238
0067 091 184 135 235 144 194 191 238
0068 093 185 135 237 142 181 183 234
0069 084 174 129 236 136 171 179 225
0070 079 147 123 205 127 137 172 192
0071 123 121 166 174 080 130 116 186
0072 082 110 117 167 121 113 162 164
0073 080 104 116 162 121 110 159 159
0074 078 104 119 154 124 107 161 155
0075 079 104 118 152 123 106 162 155
0076 078 105 117 153 122 106 163 157
0077 124 103 163 155 077 102 111 157
0078 122 104 164 158 079 104 111 156
0079 124 102 163 155 079 104 112 156
0080 077 109 116 159 122 106 163 162
0081 077 113 119 162 124 110 162 161
0082 125 117 163 166 079 119 117 171
0083 126 119 165 166 080 121 119 171
0084 080 120 122 172 125 118 165 169
0085 125 120 164 166 080 119 123 173
0086 080 119 124 173 122 115 165 168
0087 083 119 122 173 126 118 166 171
0088 083 119 122 173 127 121 164 170
0089 083 118 124 172 126 118 165 165
0090 080 118 124 173 127 118 165 165
0091 079 118 123 173 128 121 165 170
0092 080 119 124 172 129 121 165 171
0093 080 117 125 173 129 121 165 171
0094 080 117 125 174 124 120 165 168
0095 079 119 123 173 123 120 165 166
0096 081 119 120 175 128 118 166 166
0097 081 119 125 173 129 118 165 169
0098 081 116 126 172 127 118 165 168
0099 087 117 128 171 130 120 161 163
0100 081 120 123 173 128 118 165 167
0101 125 119 161 165 082 117 126 167
0102 084 115 127 167 131 114 168 166
0103 080 118 125 172 128 116 165 164
0104 123 119 165 165 086 116 126 166
0105 129 118 160 165 082 118 125 170
0106 129 119 161 166 082 118 126 168
0107 081 119 124 171 125 116 164 167
0108 080 119 125 173 128 121 164 169
0109 078 118 126 171 129 118 166 169
0110 080 119 128 173 129 121 165 170
0111 081 119 125 172 127 120 164 171
0112 081 117 125 172 128 119 161 166
0113 081 117 125 172 125 116 167 166
0114 081 117 127 172 130 115 169 169
0115 081 117 128 171 128 121 164 170
0116 082 120 126 172 128 122 165 170
0117 081 119 127 172 127 121 165 171
0118 084 121 128 174 128 123 165 170
0119 081 119 127 172 121 121 164 168
0120 079 116 126 172 125 117 164 166
0121 077 119 122 172 129 118 165 167
0122 076 117 125 174 126 117 172 170
0123 078 118 123 173 132 120 173 169
0124 079 116 125 173 130 121 176 178
0125 079 116 125 173 132 121 169 174
0126 078 115 123 172 133 121 169 174
0127 078 115 123 169 134 122 169 173
0128 078 115 124 169 131 122 168 172
0129 079 115 125 169 133 123 169 176
0130 078 114 125 170 133 123 171 175
0131 079 115 125 170 135 124 168 174
0132 079 115 124 171 132 124 167 179
0133 080 116 124 169 132 124 166 178
0134 079 117 125 169 131 123 165 174
0135 079 117 122 171 132 125 167 175
0136 080 118 123 168 124 123 160 173
0137 079 119 118 171 125 122 168 172
0138 079 119 121 173 127 121 170 172
0139 078 119 122 173 128 122 170 172
0140 079 118 117 174 130 122 167 171
0141 078 119 122 173 133 123 167 175
0142 078 118 127 173 135 119 173 173
0143 084 120 129 172 130 117 170 173
0144 079 118 125 173 128 117 170 173
0145 079 118 126 174 129 118 169 173
0146 079 118 126 174 129 116 169 172
0147 130 116 171 172 077 116 124 170
0148 081 117 126 172 127 118 177 171
0149 077 116 123 173 129 111 176 166
0150 077 116 125 172 126 113 175 167
0151 077 115 128 169 129 115 175 169
0152 077 115 126 172 126 114 174 169
0153 077 115 125 172 125 114 172 166
0154 077 116 126 172 128 115 174 169
0155 123 118 169 172 077 115 127 169
0156 077 115 125 168 130 118 173 172
0157 076 115 124 169 127 118 171 171
0158 076 116 123 170 126 122 171 174
0159 079 117 123 168 124 123 165 173
0160 078 118 123 169 128 125 171 177
0161 125 125 173 175 079 118 123 169
0162 126 125 173 175 079 118 125 169
0163 131 122 172 173 078 119 124 170
0164 128 127 168 179 078 119 125 170
0165 127 122 173 177 078 116 121 170
0166 077 115 122 171 127 123 173 177
0167 126 126 172 177 078 116 122 171
0168 126 125 171 176 077 118 121 171
0169 078 114 124 170 124 125 165 175
0170 079 117 113 166 126 121 168 173
0171 078 116 122 165 126 119 163 169
0172 077 117 120 165 124 118 167 168
0173 077 117 118 166 124 115 167 167
0174 075 115 119 166 126 118 168 167
0175 076 113 121 165 124 117 168 168
0176 076 113 119 165 128 118 163 166
0177 074 115 119 167 129 117 166 163
0178 074 114 121 167 126 117 167 169
0179 074 115 120 166 127 117 167 169
0180 075 116 119 166 128 119 165 169
0181 074 118 116 171 126 119 161 169
0182 073 117 120 171 128 120 170 171
0183 077 122 126 179 124 128 165 184
0184 129 157 182 207 067 138 121 199
0185 138 195 187 234 052 165 105 215
0186 043 195 093 239 000 000 000 000
0187 043 207 096 238 000 000 000 000
0188 049 215 096 239 000 000 000 000
0189 045 217 096 239 000 000 000 000
0190 048 216 095 237 000 000 000 000
0191 048 215 097 239 000 000 000 000
0192 048 215 097 239 000 000 000 000
0193 048 215 100 239 159 222 192 239
0194 048 215 100 239 157 222 193 239
0195 048 216 098 238 158 221 195 239
0196 048 216 098 238 159 222 194 239
0197 048 216 099 238 160 222 194 239
