0000 030 209 064 235 067 208 113 239
0001 028 204 066 236 068 207 116 237
0002 026 200 068 233 069 208 121 239
0003 027 197 067 230 072 206 127 239
0004 076 208 128 239 026 200 069 228
0005 076 208 128 239 028 197 066 229
0006 076 208 127 239 025 199 070 229
0007 028 196 069 229 078 210 127 239
0008 084 202 124 238 030 191 073 224
0009 035 166 080 202 091 176 126 224
0010 091 151 136 206 039 144 085 182
0011 096 126 142 183 045 125 089 168
0012 095 120 139 176 048 120 094 160
0013 053 116 099 163 091 120 135 171
0014 049 113 100 163 094 119 137 175
0015 048 113 095 161 094 114 138 171
0016 095 113 135 165 046 109 096 158
0017 045 105 098 157 096 112 136 165
0018 046 104 094 157 095 112 138 165
0019 045 104 093 157 094 111 138 167
0020 045 105 094 158 095 111 138 164
0021 045 104 093 157 095 110 139 165
0022 045 102 093 154 094 109 140 165
0023 045 098 092 153 093 109 140 165
0024 094 109 140 165 050 095 092 152
0025 049 084 090 149 094 108 139 164
0026 049 089 094 146 094 109 140 163
0027 050 090 095 149 094 109 139 163
0028 049 090 095 150 095 109 141 163
0029 050 089 096 150 094 108 139 162
0030 049 088 095 150 094 107 139 162
0031 095 110 139 164 051 100 096 152
0032 096 133 137 190 050 128 090 178
0033 046 149 088 189 096 165 140 222
0034 041 193 080 235 105 221 144 238
0035 037 212 077 238 000 000 000 000
0036 040 219 072 239 000 000 000 000
0037 041 220 070 239 000 000 000 000
0038 042 222 074 239 000 000 000 000
0039 048 223 076 239 000 000 000 000
0040 048 222 078 238 000 000 000 000
0041 050 223 081 239 000 000 000 000
0042 047 224 077 239 000 000 000 000
0043 046 223 074 239 000 000 000 000
0044 045 223 077 238 000 000 000 000
