0003 165 151 204 209 000 000 000 000
0004 170 078 209 150 000 000 000 000
0005 172 044 211 108 000 000 000 000
0006 179 036 212 092 000 000 000 000
0007 193 027 223 078 000 000 000 000
0008 194 026 225 091 000 000 000 000
0009 190 033 218 086 000 000 000 000
0010 171 050 203 091 000 000 000 000
0011 172 040 208 091 000 000 000 000
0012 190 035 226 093 000 000 000 000
0013 202 039 232 095 000 000 000 000
0014 190 042 221 095 000 000 000 000
0015 176 041 213 099 000 000 000 000
0016 182 037 217 093 000 000 000 000
0017 192 030 227 096 000 000 000 000
0018 198 048 232 096 000 000 000 000
0019 184 037 221 100 000 000 000 000
0020 187 039 220 094 000 000 000 000
0021 195 036 225 093 000 000 000 000
0022 194 045 230 100 000 000 000 000
0023 191 043 227 098 000 000 000 000
0024 194 040 225 095 000 000 000 000
0025 192 042 229 099 000 000 000 000
0026 193 050 229 100 000 000 000 000
0027 196 048 229 098 000 000 000 000
0028 189 050 227 108 000 000 000 000
0029 169 072 209 141 000 000 000 000
0030 156 113 201 176 000 000 000 000
