0000 018 217 057 238 000 000 000 000
0001 018 218 058 239 000 000 000 000
0002 016 219 057 239 126 224 157 239
0003 016 219 058 239 117 223 153 239
0004 106 200 159 237 019 217 055 236
0005 123 154 168 203 017 218 059 239
0006 131 105 170 172 018 218 055 236
0007 134 070 171 146 018 219 059 239
0008 137 058 175 128 018 218 059 239
0009 130 055 172 124 016 219 059 239
0010 132 051 172 125 016 219 059 239
0011 136 053 176 126 016 219 059 239
0012 140 053 175 122 018 219 056 239
0013 138 056 175 128 015 218 055 239
0014 138 052 176 127 019 219 056 239
0015 138 052 176 125 018 218 057 239
0016 137 053 176 130 018 218 057 239
0017 138 055 178 125 018 218 057 239
0018 138 054 175 130 018 218 057 239
0019 136 058 177 129 018 219 056 239
0020 138 062 177 136 019 219 056 239
0021 134 096 169 154 018 221 054 239
0022 123 141 175 195 018 219 056 239
0023 118 183 164 238 018 218 056 239
0024 018 220 059 239 126 221 162 239
0025 017 220 059 239 000 000 000 000
0026 015 221 059 239 000 000 000 000
0027 016 220 058 239 000 000 000 000
0028 016 221 058 239 000 000 000 000
0029 015 221 057 239 000 000 000 000
0030 016 221 058 239 000 000 000 000
0031 016 220 058 239 000 000 000 000
