0023 139 222 173 239 000 000 000 000
0024 146 179 186 230 000 000 000 000
0025 159 137 195 207 000 000 000 000
0026 173 118 200 184 000 000 000 000
0027 175 093 209 163 000 000 000 000
0028 176 082 208 154 000 000 000 000
0029 177 072 207 138 000 000 000 000
0030 174 062 204 124 000 000 000 000
0031 172 056 206 119 000 000 000 000
0032 172 051 200 110 000 000 000 000
0033 165 052 199 112 000 000 000 000
0034 163 051 193 109 000 000 000 000
0035 161 050 192 108 000 000 000 000
0036 161 048 193 109 000 000 000 000
0037 160 049 193 110 000 000 000 000
0038 160 048 194 110 000 000 000 000
0039 160 047 194 110 000 000 000 000
0040 160 046 194 109 000 000 000 000
0041 161 047 194 108 000 000 000 000
0042 160 046 194 109 000 000 000 000
0043 160 046 194 108 000 000 000 000
0044 160 048 195 108 000 000 000 000
0045 160 047 195 108 000 000 000 000
0046 161 046 194 106 000 000 000 000
0047 160 045 194 107 000 000 000 000
0048 161 049 193 107 000 000 000 000
0049 161 048 194 108 000 000 000 000
0050 161 047 194 109 000 000 000 000
0051 161 047 194 108 000 000 000 000
0052 161 047 194 108 000 000 000 000
0053 161 047 194 109 000 000 000 000
0054 160 046 193 106 000 000 000 000
0055 160 047 193 107 000 000 000 000
0056 160 047 192 108 000 000 000 000
0057 161 051 194 114 000 000 000 000
0058 161 073 194 135 000 000 000 000
0059 155 101 186 161 000 000 000 000
0060 137 151 181 210 000 000 000 000
0061 126 196 163 235 000 000 000 000
