0005 122 205 169 239 000 000 000 000
0006 124 151 168 211 158 183 204 226
0007 125 112 174 182 000 000 000 000
0008 130 085 170 156 000 000 000 000
0009 126 074 168 146 000 000 000 000
0010 132 063 171 137 000 000 000 000
0011 126 061 175 129 000 000 000 000
0012 131 063 172 130 000 000 000 000
0013 125 062 171 129 000 000 000 000
0014 129 062 168 137 000 000 000 000
0015 126 063 166 137 000 000 000 000
0016 123 064 163 141 000 000 000 000
0017 122 065 160 138 000 000 000 000
0018 123 068 166 138 000 000 000 000
0019 123 068 165 137 000 000 000 000
0020 122 069 164 139 000 000 000 000
0021 122 068 165 137 000 000 000 000
0022 119 066 160 138 000 000 000 000
0023 120 066 159 141 000 000 000 000
0024 121 067 160 138 000 000 000 000
0025 120 069 161 139 000 000 000 000
0026 117 099 165 148 000 000 000 000
0027 113 118 165 165 000 000 000 000
0028 112 160 166 207 000 000 000 000
0029 117 199 172 238 000 000 000 000
0030 124 217 172 237 000 000 000 000
