0003 196 224 230 239 000 000 000 000
0004 200 192 246 237 000 000 000 000
0005 215 141 254 198 000 000 000 000
0006 215 102 252 151 000 000 000 000
0007 206 065 246 130 000 000 000 000
0008 205 059 246 124 000 000 000 000
0009 204 053 241 119 000 000 000 000
0010 204 055 243 118 000 000 000 000
0011 204 056 243 119 000 000 000 000
0012 203 056 243 121 000 000 000 000
0013 203 056 242 122 000 000 000 000
0014 204 053 241 120 000 000 000 000
0015 204 052 241 120 000 000 000 000
0016 204 054 241 119 000 000 000 000
0017 198 054 244 118 000 000 000 000
0018 204 052 241 119 000 000 000 000
0019 202 053 242 121 000 000 000 000
0020 201 053 241 122 000 000 000 000
0021 202 059 241 122 000 000 000 000
0022 201 058 241 122 000 000 000 000
0023 201 058 241 123 000 000 000 000
0024 201 058 240 123 000 000 000 000
0025 201 058 240 122 000 000 000 000
0026 197 056 236 122 000 000 000 000
0027 196 080 241 131 000 000 000 000
0028 199 106 242 156 000 000 000 000
0029 196 144 242 198 000 000 000 000
0030 190 184 240 235 000 000 000 000
0031 191 218 227 239 000 000 000 000
