0000 021 208 057 237 143 220 168 239
0001 022 210 063 237 139 221 165 239
0002 020 215 066 238 139 221 166 239
0003 139 220 166 239 020 212 058 235
0004 139 220 166 239 000 000 000 000
0007 151 209 193 238 000 000 000 000
0008 170 179 207 220 000 000 000 000
0009 182 132 219 191 000 000 000 000
0010 187 105 229 157 000 000 000 000
0011 181 080 222 135 000 000 000 000
0012 181 064 220 128 000 000 000 000
0013 188 078 222 126 000 000 000 000
0014 185 066 225 133 000 000 000 000
0015 184 066 226 134 000 000 000 000
0016 185 073 222 136 000 000 000 000
0017 184 070 224 135 000 000 000 000
0018 184 073 224 135 000 000 000 000
0019 179 068 223 136 000 000 000 000
0020 179 076 222 137 000 000 000 000
0021 181 090 222 146 000 000 000 000
0022 181 105 221 156 000 000 000 000
0023 170 150 207 194 000 000 000 000
0024 141 201 182 239 000 000 000 000
0025 130 211 168 236 039 178 061 219
0026 136 214 165 237 036 177 058 220
0027 137 216 164 238 000 000 000 000
0028 138 220 161 239 000 000 000 000
