0000 077 215 118 239 023 222 070 239
0001 075 213 121 239 023 222 069 239
0002 087 184 141 232 024 222 059 239
0003 119 144 157 183 022 220 058 239
0004 141 090 170 151 023 219 069 237
0005 150 054 187 112 024 219 068 236
0006 161 044 193 098 024 222 062 239
0007 168 027 197 090 025 223 061 239
0008 167 029 203 089 021 223 060 239
0009 169 028 200 092 021 220 062 239
0010 169 031 204 090 025 223 061 239
0011 168 028 203 089 021 222 059 239
0012 166 029 201 089 021 222 059 239
0013 164 031 202 092 024 220 064 237
0014 164 028 199 090 024 220 064 237
0015 168 029 194 088 020 220 061 239
0016 153 044 181 098 024 220 067 239
0017 133 061 164 110 025 222 061 239
0018 108 095 141 153 023 218 072 236
0019 080 169 130 211 025 222 060 239
0020 077 198 121 236 024 222 059 239
0021 080 212 120 239 026 220 061 237
0022 085 212 124 238 023 222 069 239
0023 078 213 121 239 025 223 060 239
0024 076 212 120 238 023 220 060 239
0025 072 213 124 239 024 223 060 239
0026 069 211 118 239 021 220 057 239
0027 062 204 119 236 023 221 058 239
0028 065 208 118 237 024 223 059 239
0029 062 208 123 237 022 221 057 239
0030 065 209 121 238 025 221 060 239
0031 064 210 122 238 025 221 059 239
0032 065 209 118 238 025 221 060 239
0033 064 209 120 238 025 221 060 239
0034 056 211 118 239 021 221 056 239
0035 057 211 117 239 020 220 061 239
