0004 135 206 179 239 000 000 000 000
0005 152 170 195 222 000 000 000 000
0006 172 118 208 187 000 000 000 000
0007 183 085 220 158 000 000 000 000
0008 192 067 229 138 000 000 000 000
0009 196 059 229 127 000 000 000 000
0010 193 054 232 119 000 000 000 000
0011 195 050 230 119 000 000 000 000
0012 193 048 229 118 000 000 000 000
0013 193 049 229 121 000 000 000 000
0014 196 052 227 119 000 000 000 000
0015 195 049 230 118 000 000 000 000
0016 195 051 228 118 000 000 000 000
0017 194 050 227 120 000 000 000 000
0018 192 053 229 122 000 000 000 000
0019 194 054 231 122 000 000 000 000
0020 196 060 228 130 000 000 000 000
0021 188 081 223 158 000 000 000 000
0022 180 151 211 197 000 000 000 000
0023 157 199 196 239 000 000 000 000
0024 148 222 177 239 000 000 000 000
