0005 167 196 208 237 000 000 000 000
0006 176 165 220 223 000 000 000 000
0007 191 125 228 192 000 000 000 000
0008 198 093 234 163 000 000 000 000
0009 202 066 241 139 000 000 000 000
0010 203 055 243 130 000 000 000 000
0011 203 045 244 122 000 000 000 000
0012 207 042 246 117 000 000 000 000
0013 210 043 246 117 000 000 000 000
0014 213 038 252 114 000 000 000 000
0015 208 047 248 120 000 000 000 000
0016 207 042 247 118 000 000 000 000
0017 210 042 250 120 000 000 000 000
0018 211 044 250 120 000 000 000 000
0019 209 048 250 123 000 000 000 000
0020 209 049 250 124 000 000 000 000
0021 204 048 245 125 000 000 000 000
0022 197 061 235 131 000 000 000 000
0023 187 081 221 141 000 000 000 000
0024 166 112 201 164 000 000 000 000
0025 145 137 186 188 000 000 000 000
0026 123 183 164 231 000 000 000 000
0027 112 206 154 239 000 000 000 000
