0013 123 207 170 237 000 000 000 000
0014 138 171 180 232 000 000 000 000
0015 149 114 188 192 000 000 000 000
0016 153 083 191 166 000 000 000 000
0017 154 063 194 148 000 000 000 000
0018 161 055 200 134 000 000 000 000
0019 163 052 203 130 000 000 000 000
0020 167 049 204 125 000 000 000 000
0021 165 050 204 128 000 000 000 000
0022 166 050 204 126 000 000 000 000
0023 169 047 207 126 000 000 000 000
0024 170 050 207 124 000 000 000 000
0025 170 050 207 126 000 000 000 000
0026 170 050 208 126 000 000 000 000
0027 168 050 206 126 000 000 000 000
0028 168 050 206 124 000 000 000 000
0029 169 051 206 124 000 000 000 000
0030 169 049 206 122 000 000 000 000
0031 166 053 205 124 000 000 000 000
0032 168 049 207 123 000 000 000 000
0033 168 050 207 124 000 000 000 000
0034 168 050 207 123 000 000 000 000
0035 169 051 207 125 000 000 000 000
0036 170 051 207 125 000 000 000 000
0037 169 051 208 127 000 000 000 000
0038 168 053 208 127 000 000 000 000
0039 165 056 204 129 000 000 000 000
0040 154 076 192 143 000 000 000 000
0041 141 111 185 166 000 000 000 000
0042 135 156 173 207 000 000 000 000
0043 118 204 161 239 000 000 000 000
