0009 148 224 179 239 000 000 000 000
0010 134 183 169 238 000 000 000 000
0011 136 155 173 221 000 000 000 000
0012 126 124 168 187 000 000 000 000
0013 124 093 165 170 000 000 000 000
0014 129 076 174 151 000 000 000 000
0015 128 066 169 143 000 000 000 000
0016 126 056 171 136 000 000 000 000
0017 126 056 169 131 000 000 000 000
0018 131 045 172 136 000 000 000 000
0019 129 052 167 132 000 000 000 000
0020 129 051 168 131 000 000 000 000
0021 132 052 173 137 000 000 000 000
0022 131 055 174 136 000 000 000 000
0023 128 059 172 139 000 000 000 000
0024 128 057 169 136 000 000 000 000
0025 130 057 171 134 000 000 000 000
0026 127 058 169 140 000 000 000 000
0027 132 058 174 138 000 000 000 000
0028 133 057 171 134 000 000 000 000
0029 132 057 172 137 000 000 000 000
0030 129 061 172 142 000 000 000 000
0031 130 061 172 142 000 000 000 000
0032 131 061 173 141 000 000 000 000
0033 132 063 172 143 000 000 000 000
0034 133 058 171 139 000 000 000 000
0035 133 063 173 141 000 000 000 000
0036 132 062 172 140 000 000 000 000
0037 131 057 172 138 000 000 000 000
0038 131 058 173 139 000 000 000 000
0039 132 057 172 137 000 000 000 000
0040 130 060 171 138 000 000 000 000
0041 129 062 171 138 000 000 000 000
0042 134 057 169 135 000 000 000 000
0043 131 059 170 140 000 000 000 000
0044 130 060 170 138 000 000 000 000
0045 131 062 173 137 000 000 000 000
0046 131 061 171 138 000 000 000 000
0047 132 061 171 138 000 000 000 000
0048 133 060 172 138 000 000 000 000
0049 138 063 177 139 000 000 000 000
0050 136 084 180 156 000 000 000 000
0051 140 129 182 195 000 000 000 000
0052 145 165 183 227 000 000 000 000
0053 139 220 171 239 000 000 000 000
