0015 140 214 173 239 000 000 000 000
0016 138 205 170 239 000 000 000 000
0017 133 194 172 239 000 000 000 000
0018 136 180 174 239 000 000 000 000
0019 142 163 184 235 000 000 000 000
0020 143 133 175 210 000 000 000 000
0021 143 116 180 186 000 000 000 000
0022 141 097 177 173 000 000 000 000
0023 132 088 177 167 000 000 000 000
0024 136 086 180 164 000 000 000 000
0025 136 084 178 162 000 000 000 000
0026 134 085 177 164 000 000 000 000
0027 134 079 171 159 000 000 000 000
0028 132 080 174 162 000 000 000 000
0029 132 081 173 162 000 000 000 000
0030 131 079 172 158 000 000 000 000
0031 133 081 170 161 000 000 000 000
0032 132 079 170 160 000 000 000 000
0033 133 078 168 159 000 000 000 000
0034 132 079 169 158 000 000 000 000
0035 132 079 168 157 000 000 000 000
0036 130 079 166 163 000 000 000 000
0037 133 076 168 157 000 000 000 000
0038 129 077 167 153 000 000 000 000
0039 132 075 169 156 000 000 000 000
0040 132 076 169 156 000 000 000 000
0041 132 077 169 157 000 000 000 000
0042 130 078 170 156 000 000 000 000
0043 128 089 178 160 000 000 000 000
0044 132 122 181 179 000 000 000 000
0045 142 199 187 234 000 000 000 000
