0004 145 215 195 239 000 000 000 000
0005 147 194 195 239 000 000 000 000
0006 151 155 203 202 000 000 000 000
0007 149 124 204 163 000 000 000 000
0008 146 097 199 140 000 000 000 000
0009 145 083 198 125 000 000 000 000
0010 135 068 197 115 000 000 000 000
0011 133 061 193 106 000 000 000 000
0012 134 056 188 103 000 000 000 000
0013 130 056 184 100 000 000 000 000
0014 135 058 187 104 000 000 000 000
0015 134 058 187 104 120 056 154 085
0016 136 059 186 104 000 000 000 000
0017 131 057 184 103 000 000 000 000
0018 134 058 187 104 000 000 000 000
0019 135 059 187 104 121 056 154 083
0020 134 061 187 106 118 058 156 089
0021 139 068 189 108 000 000 000 000
0022 135 089 188 128 000 000 000 000
0023 137 118 187 160 000 000 000 000
0024 139 152 185 202 000 000 000 000
0025 132 178 185 232 000 000 000 000
0026 144 218 183 236 000 000 000 000
