0005 167 221 216 239 000 000 000 000
0006 185 191 240 221 000 000 000 000
0007 202 157 250 198 000 000 000 000
0008 210 138 260 185 000 000 000 000
0009 218 130 258 175 000 000 000 000
0010 218 122 265 171 000 000 000 000
0011 221 120 265 170 000 000 000 000
0012 221 120 266 171 000 000 000 000
0013 221 120 266 171 000 000 000 000
0014 221 120 266 171 000 000 000 000
0015 222 120 266 170 000 000 000 000
0016 219 122 267 170 000 000 000 000
0017 218 122 267 170 000 000 000 000
0018 219 121 268 170 000 000 000 000
0019 218 122 267 170 000 000 000 000
0020 218 122 267 170 000 000 000 000
0021 218 122 267 170 000 000 000 000
0022 218 122 267 170 000 000 000 000
0023 218 123 267 170 000 000 000 000
0024 218 124 265 170 000 000 000 000
0025 216 128 266 175 000 000 000 000
0026 214 139 269 180 000 000 000 000
0027 210 163 259 196 000 000 000 000
0028 204 190 245 229 000 000 000 000
0029 188 203 233 239 000 000 000 000
