0001 126 210 173 237 000 000 000 000
0002 152 198 200 233 000 000 000 000
0003 182 166 231 215 000 000 000 000
0004 202 144 247 196 000 000 000 000
0005 208 125 253 183 000 000 000 000
0006 213 117 259 176 000 000 000 000
0007 214 119 260 178 000 000 000 000
0008 214 118 260 176 000 000 000 000
0009 214 118 261 176 000 000 000 000
0010 212 119 258 178 000 000 000 000
0011 213 117 258 175 000 000 000 000
0012 214 116 259 175 000 000 000 000
0013 214 117 259 175 000 000 000 000
0014 214 118 259 176 000 000 000 000
0015 214 118 259 176 000 000 000 000
0016 214 118 259 176 000 000 000 000
0017 214 118 259 176 000 000 000 000
0018 213 119 258 176 000 000 000 000
0019 213 119 259 176 000 000 000 000
0020 214 125 261 179 000 000 000 000
0021 205 154 254 190 000 000 000 000
0022 184 182 227 237 000 000 000 000
0023 164 204 197 238 000 000 000 000
0024 146 221 178 239 000 000 000 000
