0007 128 222 166 238 000 000 000 000
0008 111 197 175 239 000 000 000 000
0009 119 176 183 227 000 000 000 000
0010 131 161 197 201 000 000 000 000
0011 131 139 192 180 000 000 000 000
0012 137 128 193 165 000 000 000 000
0013 139 111 196 154 000 000 000 000
0014 142 101 195 149 000 000 000 000
0015 144 099 198 149 000 000 000 000
0016 144 089 195 138 000 000 000 000
0017 147 081 196 132 000 000 000 000
0018 146 080 199 133 000 000 000 000
0019 146 080 200 131 000 000 000 000
0020 146 080 197 132 000 000 000 000
0021 146 082 197 132 000 000 000 000
0022 146 080 196 132 000 000 000 000
0023 146 080 196 132 000 000 000 000
0024 146 080 196 132 000 000 000 000
0025 146 081 197 133 000 000 000 000
0026 145 089 195 142 000 000 000 000
0027 140 100 193 146 000 000 000 000
0028 135 119 184 161 000 000 000 000
0029 129 140 188 190 000 000 000 000
0030 120 161 178 213 000 000 000 000
0031 113 176 176 230 000 000 000 000
0032 102 201 169 239 000 000 000 000
0033 104 221 148 239 000 000 000 000
