0000 072 203 102 229 134 215 165 239
0001 074 202 104 232 131 211 168 239
0002 073 203 102 229 135 213 165 239
0003 074 204 102 230 136 212 166 239
0004 138 206 169 236 074 204 101 230
0005 074 203 101 230 146 192 176 224
0006 073 204 104 235 156 166 179 195
0007 074 203 101 229 161 133 190 164
0008 074 204 102 229 169 095 194 135
0009 074 204 102 229 169 079 192 116
0010 167 062 196 103 074 204 102 229
0011 164 055 199 100 074 204 102 229
0012 160 048 193 091 074 205 101 229
0013 157 042 192 084 074 203 102 229
0014 153 037 191 076 074 205 101 230
0015 153 038 185 074 074 204 101 229
0016 148 033 187 069 074 205 102 230
0017 151 036 184 072 073 204 101 230
0018 074 204 101 230 149 036 181 073
0019 073 205 101 229 150 035 181 071
0020 150 032 186 073 074 205 102 230
0021 151 035 182 072 074 205 101 229
0022 151 033 186 069 074 204 101 229
0023 151 033 186 069 073 204 101 229
0024 150 035 190 075 073 203 104 233
0025 152 034 187 074 073 203 104 233
0026 151 035 187 073 073 203 104 233
0027 151 038 186 076 074 203 104 233
0028 154 037 184 074 074 203 104 232
0029 155 037 187 071 074 203 104 233
0030 155 041 190 081 074 202 103 233
0031 157 052 187 090 074 203 104 233
0032 074 203 104 233 159 083 187 129
0033 074 202 104 233 152 117 181 159
0034 144 163 174 191 075 203 104 233
0035 137 185 171 216 074 203 101 229
0036 133 201 166 235 073 203 104 233
0037 073 203 102 229 130 214 162 239
0038 073 204 102 229 130 212 160 236
0039 130 213 160 236 074 203 104 233
0040 128 212 164 239 074 203 104 233
