0012 161 199 202 238 000 000 000 000
0013 094 188 158 235 000 000 000 000
0014 093 152 165 205 000 000 000 000
0015 096 126 161 178 000 000 000 000
0016 095 114 164 163 000 000 000 000
0017 094 098 162 149 000 000 000 000
0018 095 089 156 143 000 000 000 000
0019 091 085 158 144 000 000 000 000
0020 094 088 152 140 000 000 000 000
0021 092 087 160 139 000 000 000 000
0022 088 091 153 139 000 000 000 000
0023 085 096 156 133 000 000 000 000
0024 084 097 157 135 000 000 000 000
0025 085 095 156 131 000 000 000 000
0026 086 094 156 130 000 000 000 000
0027 086 094 156 130 000 000 000 000
0028 086 094 156 131 000 000 000 000
0029 083 095 157 132 000 000 000 000
0030 083 095 157 131 000 000 000 000
0031 086 095 157 131 000 000 000 000
0032 087 097 158 132 000 000 000 000
0033 082 099 157 133 000 000 000 000
0034 087 098 159 134 000 000 000 000
0035 088 099 159 135 000 000 000 000
0036 085 100 158 136 000 000 000 000
0037 085 100 157 136 000 000 000 000
0038 089 093 157 136 000 000 000 000
0039 090 088 157 138 000 000 000 000
0040 088 089 153 141 000 000 000 000
0041 088 087 156 140 000 000 000 000
0042 089 088 153 144 000 000 000 000
0043 090 093 156 149 000 000 000 000
0044 090 093 156 148 000 000 000 000
0045 091 094 155 147 000 000 000 000
0046 091 093 156 145 000 000 000 000
0047 086 094 160 144 000 000 000 000
0048 085 100 161 137 000 000 000 000
0049 085 106 161 138 000 000 000 000
0050 084 104 162 132 000 000 000 000
0051 085 101 161 133 000 000 000 000
0052 085 102 161 133 000 000 000 000
0053 084 102 161 134 000 000 000 000
0054 085 102 161 132 000 000 000 000
0055 085 103 160 134 000 000 000 000
0056 083 103 159 134 000 000 000 000
0057 082 103 158 135 000 000 000 000
0058 081 103 158 135 000 000 000 000
0059 082 103 158 136 000 000 000 000
0060 085 106 159 136 000 000 000 000
0061 084 104 160 136 000 000 000 000
0062 085 104 160 136 000 000 000 000
0063 084 104 160 137 000 000 000 000
0064 087 106 163 138 000 000 000 000
0065 097 119 168 157 000 000 000 000
0066 111 160 172 211 000 000 000 000
0067 124 211 180 239 000 000 000 000
