0004 094 203 157 238 000 000 000 000
0005 095 158 160 208 000 000 000 000
0006 100 117 173 165 000 000 000 000
0007 102 076 162 133 000 000 000 000
0008 103 050 166 113 000 000 000 000
0009 105 031 174 107 000 000 000 000
0010 106 032 180 099 000 000 000 000
0011 107 030 174 096 000 000 000 000
0012 107 031 173 097 000 000 000 000
0013 107 035 177 101 000 000 000 000
0014 110 033 172 101 000 000 000 000
0015 109 033 175 103 000 000 000 000
0016 110 030 174 107 103 028 148 071
0017 108 033 173 099 105 027 148 067
0018 110 035 174 105 000 000 000 000
0019 116 054 159 103 000 000 000 000
0020 115 092 152 140 000 000 000 000
0021 106 117 150 168 000 000 000 000
0022 100 160 151 210 000 000 000 000
0023 094 207 141 239 000 000 000 000
