0001 166 222 199 239 000 000 000 000
0002 155 189 198 228 000 000 000 000
0003 151 148 188 194 000 000 000 000
0004 150 113 193 160 000 000 000 000
0005 148 105 188 145 000 000 000 000
0006 142 097 184 134 000 000 000 000
0007 141 093 182 131 165 132 205 201
0008 141 093 178 125 166 132 202 198
0009 141 093 172 125 164 134 198 197
0010 141 093 172 126 160 135 203 197
0011 137 089 175 123 164 129 203 194
0012 136 088 175 122 163 131 199 196
0013 137 088 176 123 164 124 200 195
0014 145 084 177 120 000 000 000 000
0015 140 078 182 123 000 000 000 000
0016 142 084 186 139 000 000 000 000
0017 147 105 196 164 000 000 000 000
0018 152 127 199 181 000 000 000 000
0019 155 155 199 199 000 000 000 000
0020 164 170 203 216 000 000 000 000
0021 163 181 205 225 000 000 000 000
0022 167 168 203 230 000 000 000 000
0023 165 168 203 234 000 000 000 000
0024 169 168 206 228 000 000 000 000
0025 165 184 204 229 000 000 000 000
0026 164 167 202 225 000 000 000 000
0027 161 178 202 232 000 000 000 000
0028 168 174 206 234 000 000 000 000
0029 165 183 202 238 000 000 000 000
0030 166 204 208 238 000 000 000 000
0031 172 221 208 239 000 000 000 000
0033 060 222 098 239 000 000 000 000
0034 064 220 095 239 000 000 000 000
0035 062 217 101 239 000 000 000 000
0036 067 217 105 239 000 000 000 000
0037 069 222 102 239 059 201 103 235
0038 072 223 102 239 000 000 000 000
0039 071 222 103 239 000 000 000 000
0040 068 223 107 239 000 000 000 000
0041 068 222 107 239 000 000 000 000
0042 067 222 106 239 000 000 000 000
0043 074 225 105 239 000 000 000 000
0044 070 224 102 239 000 000 000 000
