0005 098 221 128 239 128 222 172 239
0006 192 176 236 228 105 179 172 215
0007 182 130 233 173 111 167 187 200
0008 167 106 224 150 122 158 196 191
0009 160 096 219 137 123 158 193 191
0010 158 094 214 134 120 154 195 190
0011 154 107 213 155 120 154 195 186
0012 156 120 214 163 123 156 193 186
0013 155 113 212 162 127 158 194 185
0014 153 108 214 155 119 155 191 186
0015 150 115 206 160 117 151 193 181
0016 147 114 203 163 118 155 190 185
0017 141 106 200 157 114 153 189 184
0018 135 115 198 163 114 150 189 182
0019 136 113 194 160 116 151 184 183
0020 131 107 188 157 116 152 186 183
0021 131 114 188 163 118 150 188 182
0022 131 110 192 162 113 154 184 187
0023 123 107 182 156 111 152 186 186
0024 117 112 186 156 114 153 184 186
0025 119 110 179 157 112 153 187 189
0026 111 112 175 157 112 152 186 188
0027 113 117 178 161 108 149 190 185
0028 110 120 180 165 103 156 184 192
0029 115 119 178 163 106 160 181 196
0030 104 183 173 229 124 133 187 175
0031 140 153 190 200 103 219 164 238
0032 156 181 211 234 000 000 000 000
