0002 103 222 134 239 000 000 000 000
0003 095 219 133 239 000 000 000 000
0004 094 221 129 239 000 000 000 000
0005 090 216 130 239 000 000 000 000
0006 092 218 122 238 000 000 000 000
0007 087 211 118 239 000 000 000 000
0008 080 198 118 239 000 000 000 000
0009 079 194 118 239 000 000 000 000
0010 081 189 117 238 000 000 000 000
0011 089 188 124 239 000 000 000 000
0012 084 188 139 238 000 000 000 000
0013 159 212 205 239 080 183 135 226
0014 146 175 205 224 081 167 135 211
0015 143 134 203 174 083 150 141 195
0016 138 116 196 152 086 143 148 184
0017 090 140 151 182 133 112 187 148
0018 089 141 150 182 130 112 183 146
0019 089 140 148 180 129 124 176 165
0020 089 144 152 182 124 119 170 156
0021 092 144 150 183 119 121 168 156
0022 091 141 154 182 111 120 163 156
0023 088 145 151 183 100 112 154 149
0024 091 142 149 185 103 111 148 150
0025 088 145 150 184 094 106 145 145
0026 089 146 150 182 086 117 141 157
0027 084 150 147 188 084 119 134 160
0028 086 152 148 187 083 120 138 159
0029 086 153 146 190 086 124 135 162
0030 087 163 151 202 087 128 143 165
0031 104 139 150 181 088 183 141 229
0032 117 160 164 206 090 199 135 239
0033 132 189 175 234 092 212 134 239
0034 143 213 188 239 099 224 129 239
0035 101 224 136 239 000 000 000 000
0036 103 224 136 239 000 000 000 000
