0001 081 186 131 225 000 000 000 000
0002 080 155 143 192 000 000 000 000
0003 091 148 146 183 000 000 000 000
0004 091 144 149 183 000 000 000 000
0005 162 168 207 217 090 148 150 184
0006 144 137 203 179 089 148 149 185
0007 142 118 197 158 096 153 147 181
0008 134 117 185 157 090 147 148 184
0009 089 150 154 184 112 125 185 160
0010 118 118 169 156 090 146 150 184
0011 090 145 151 185 096 120 161 156
0012 095 120 156 155 090 148 147 184
0013 087 112 143 149 091 150 148 189
0014 090 152 148 190 073 118 141 153
0015 090 153 146 191 075 121 137 154
0016 089 157 146 194 061 121 125 152
0017 087 156 147 193 062 128 124 158
0018 090 156 145 193 071 116 124 151
0019 065 121 127 157 090 157 146 193
0020 067 117 129 156 090 157 146 193
0021 079 112 131 156 083 159 144 194
0022 084 162 137 197 092 112 145 158
0023 079 171 131 211 110 126 158 176
0024 084 190 124 233 137 158 183 201
0025 082 198 121 238 158 184 201 232
0026 083 211 122 236 170 205 208 237
