0002 158 211 201 239 000 000 000 000
0003 189 191 230 236 000 000 000 000
0004 211 171 263 212 000 000 000 000
0005 220 164 278 201 000 000 000 000
0006 227 159 278 197 000 000 000 000
0007 233 162 263 205 000 000 000 000
0008 230 161 272 204 000 000 000 000
0009 232 161 287 199 000 000 000 000
0010 229 161 277 202 000 000 000 000
0011 231 163 262 209 000 000 000 000
0012 228 163 271 207 000 000 000 000
0013 228 162 279 202 000 000 000 000
0014 231 164 287 199 000 000 000 000
0015 228 165 266 211 000 000 000 000
0016 221 174 261 220 000 000 000 000
0017 211 186 251 237 000 000 000 000
0018 191 204 227 238 000 000 000 000
0019 163 218 203 239 000 000 000 000
0025 052 222 087 239 000 000 000 000
