0000 095 194 143 236 202 203 244 235
0001 095 194 142 236 199 198 254 234
0002 091 190 141 236 200 186 248 236
0003 087 181 136 237 195 173 237 239
0004 181 156 233 215 074 167 126 227
0005 059 154 111 214 173 144 231 195
0006 046 141 099 201 176 133 223 182
0007 168 125 219 168 034 131 085 192
0008 162 120 220 159 025 124 077 186
0009 016 126 061 183 158 113 209 153
0010 152 107 206 148 016 121 062 176
0011 146 100 204 138 012 124 054 178
0012 141 096 198 134 014 125 051 179
0013 143 092 196 132 173 090 256 132
0014 144 094 187 132 014 128 055 182
0015 141 093 192 132 173 089 257 129
0016 141 093 191 132 175 088 257 128
0017 146 091 187 131 176 087 255 127
0018 010 128 052 182 143 093 196 134
0019 145 093 187 132 009 128 053 188
0020 144 094 198 133 015 131 059 188
0021 143 094 199 134 020 133 060 202
0022 145 094 197 136 035 136 068 199
0023 146 092 202 138 035 136 074 209
0024 036 136 073 209 146 093 204 138
0025 148 096 203 138 041 134 073 200
0026 037 131 077 203 173 093 262 132
0027 034 127 069 199 178 092 262 132
0028 024 122 061 191 152 097 204 137
0029 152 097 206 137 173 092 263 132
0030 153 097 207 137 008 114 053 168
0031 005 112 053 161 152 097 206 138
0032 005 114 053 160 152 097 208 138
0033 006 114 053 165 153 098 204 140
0034 150 098 204 140 006 115 053 171
0035 150 098 205 140 010 123 059 176
0036 151 099 205 142 032 125 066 182
0037 152 100 205 143 031 134 066 205
0038 036 138 073 206 154 100 207 144
0039 151 101 208 146 038 142 071 214
0040 043 142 074 218 151 103 208 148
0041 155 108 209 151 045 145 079 221
0042 049 153 091 227 157 113 210 157
0043 048 161 110 228 171 123 220 170
0044 074 173 127 234 181 147 232 196
0045 086 182 138 237 189 162 239 219
0046 206 174 249 236 090 187 139 238
0047 087 196 140 237 205 191 249 235
0048 088 196 141 237 201 202 243 238
0049 086 196 144 235 198 201 245 236
0050 087 199 141 237 199 200 245 237
0051 087 199 141 237 198 204 248 239
0052 090 195 139 238 199 201 242 236
0053 088 198 141 237 198 201 242 236
0054 092 196 141 238 202 200 243 236
