0002 179 190 219 235 000 000 000 000
0003 188 143 222 199 000 000 000 000
0004 188 109 223 173 000 000 000 000
0005 182 095 218 155 000 000 000 000
0006 187 093 218 153 000 000 000 000
0007 174 098 212 157 000 000 000 000
0008 182 095 210 155 165 099 186 154
0009 166 095 210 153 000 000 000 000
0010 173 094 204 155 000 000 000 000
0011 160 101 204 154 000 000 000 000
0012 176 100 201 155 000 000 000 000
0013 173 100 203 159 000 000 000 000
0014 156 096 205 157 000 000 000 000
0015 163 107 206 163 000 000 000 000
0016 178 149 211 199 000 000 000 000
0017 180 189 233 234 000 000 000 000
0018 178 190 220 232 000 000 000 000
