0001 078 222 095 239 000 000 000 000
0002 181 222 202 239 077 222 094 239
0003 195 150 222 180 075 222 094 237
0004 188 069 218 105 070 221 093 239
0005 167 041 197 075 076 221 094 237
0006 153 042 184 075 074 223 092 239
0007 150 042 181 075 075 222 095 237
0008 147 042 174 075 080 224 097 239
0009 081 224 098 239 000 000 000 000
0011 075 222 096 237 000 000 000 000
0015 078 223 098 238 000 000 000 000
0020 144 043 177 075 000 000 000 000
0021 167 044 197 081 000 000 000 000
0022 190 074 224 122 000 000 000 000
0023 197 126 231 172 000 000 000 000
0024 197 193 223 234 000 000 000 000
0025 186 218 208 238 000 000 000 000
0026 177 224 197 239 000 000 000 000
0027 175 222 196 239 074 222 094 236
0028 174 223 195 239 073 223 093 238
