0001 037 221 065 239 000 000 000 000
0002 039 222 067 239 000 000 000 000
0003 035 222 066 239 000 000 000 000
0004 178 213 209 236 034 217 064 239
0005 035 219 090 239 165 215 209 239
0006 039 194 091 236 161 202 203 235
0007 045 169 092 228 151 183 196 226
0008 045 154 096 217 146 164 197 216
0009 050 140 100 205 139 154 187 208
0010 060 126 099 194 137 150 185 204
0011 059 122 102 185 134 142 182 195
0012 060 107 107 170 130 124 181 184
0013 126 105 177 174 066 089 108 161
0014 124 091 174 161 065 086 107 149
0015 126 084 172 152 062 076 106 148
0016 062 072 106 140 119 074 171 141
0017 116 065 166 134 063 068 109 132
0018 115 058 163 127 065 061 107 129
0019 112 054 162 126 066 055 108 126
0020 110 052 159 120 070 052 112 123
0021 115 051 157 119 071 054 114 123
0022 109 051 159 119 069 045 115 119
0023 110 052 158 119 073 050 114 122
0024 113 054 159 119 074 048 116 121
0025 113 055 160 120 076 049 115 119
0026 113 055 160 119 076 050 116 122
0027 113 052 159 119 075 049 117 121
0028 113 054 160 120 075 052 116 122
0029 112 055 163 123 074 051 118 122
0030 114 060 163 127 075 058 123 117
0031 128 084 173 153 057 085 128 146
0032 136 124 189 179 054 120 109 174
0033 036 159 100 205 161 164 208 212
0034 176 195 216 237 028 188 092 234
0035 029 207 081 239 178 207 216 238
0036 032 222 065 239 179 211 208 239
0037 033 222 067 237 000 000 000 000
0038 034 221 063 239 000 000 000 000
0040 032 221 063 239 000 000 000 000
0041 035 221 062 239 180 211 207 238
0042 034 218 064 239 185 207 210 238
