0000 172 201 208 236 000 000 000 000
0008 042 210 097 239 000 000 000 000
0009 046 181 096 234 164 203 209 239
0010 048 153 089 219 162 176 205 231
0011 043 140 085 205 160 153 207 217
0012 046 124 083 187 159 140 204 201
0013 157 130 198 184 044 113 087 183
0014 048 107 091 170 150 119 195 178
0015 144 103 184 166 047 097 096 165
0016 134 090 183 152 050 087 097 152
0017 051 079 099 143 127 077 181 141
0018 052 067 102 136 120 070 176 132
0019 115 064 174 124 057 056 108 125
0020 111 055 171 119 057 052 106 123
0021 109 054 166 122 061 046 112 120
0022 112 050 165 114 065 046 110 117
0023 110 050 169 120 065 044 113 115
0024 067 045 108 115 111 049 168 114
0025 071 046 111 114 115 046 165 111
0026 119 049 169 113 068 043 113 113
0027 118 047 172 112 070 038 117 114
0028 117 045 173 113 071 040 117 113
0029 118 045 173 112 068 041 118 114
0030 117 044 173 113 069 039 118 114
0031 113 045 173 113 070 040 117 110
0032 117 049 170 113 072 042 116 115
0033 071 052 119 119 114 048 166 115
0034 121 065 175 132 062 070 116 136
0035 130 100 183 160 052 096 112 156
0036 041 132 106 181 146 139 197 184
0037 036 153 098 199 155 157 206 211
0038 167 196 214 237 029 187 093 234
0039 032 203 088 235 173 216 211 237
0040 038 213 069 239 176 217 205 239
0041 038 223 069 239 000 000 000 000
0042 037 223 071 239 000 000 000 000
0044 034 223 068 239 000 000 000 000
0045 030 216 069 235 000 000 000 000
0046 019 219 063 239 000 000 000 000
0047 004 209 045 239 000 000 000 000
0048 002 207 033 239 000 000 000 000
0049 002 213 027 237 000 000 000 000
