0010 080 189 146 238 164 194 211 239
0011 082 152 142 207 162 154 205 209
0012 157 109 203 175 085 120 137 179
0013 150 095 196 161 087 105 138 164
0014 142 089 192 152 092 097 133 163
0015 139 089 189 151 089 096 133 157
0016 137 090 192 152 095 095 134 162
0017 136 091 191 155 095 093 138 156
0018 142 090 183 157 097 094 140 158
0019 142 088 183 157 097 096 140 158
0020 142 089 183 158 095 096 142 155
0021 138 097 181 161 097 094 140 160
0022 097 096 140 160 137 093 184 157
0023 142 089 183 157 097 096 141 160
0024 097 096 141 160 138 094 184 156
0025 138 094 185 156 097 096 142 159
0026 095 109 133 171 141 100 188 163
0027 149 133 196 191 091 138 143 186
0028 159 166 205 222 085 167 139 226
0029 176 222 208 239 000 000 000 000
