0001 143 224 181 239 000 000 000 000
0005 131 222 172 239 000 000 000 000
0006 127 212 172 239 072 224 106 239
0007 124 190 167 234 083 193 114 235
0008 121 150 162 208 086 151 123 206
0009 119 116 163 180 085 117 122 183
0010 120 085 154 159 092 093 122 157
0011 123 078 155 148 095 083 122 146
0012 120 068 155 143 093 077 124 137
0013 094 077 124 135 118 066 155 133
0014 094 078 125 135 119 065 156 133
0015 093 077 125 136 119 066 156 132
0016 093 075 124 135 118 065 157 134
0017 093 077 124 135 119 068 156 133
0018 120 066 156 142 095 077 124 138
0019 120 071 155 143 094 078 125 142
0020 091 088 125 151 119 080 158 151
0021 122 107 164 170 083 116 128 173
0022 126 138 167 184 077 143 124 191
0023 074 181 120 228 132 175 181 225
0024 145 207 187 239 060 212 110 239
0025 050 224 087 239 155 222 190 239
