0000 140 223 174 239 000 000 000 000
0001 140 220 175 239 000 000 000 000
0002 139 222 175 239 000 000 000 000
0003 136 220 179 239 000 000 000 000
0004 139 217 181 239 000 000 000 000
0005 139 209 179 239 063 220 106 239
0006 073 186 113 233 131 182 172 223
0007 123 150 171 203 077 146 119 202
0008 116 118 165 179 087 114 119 178
0009 091 089 119 156 113 094 159 162
0010 094 085 120 146 115 083 155 150
0011 119 080 156 146 097 072 123 147
0012 119 081 154 147 099 079 121 139
0013 118 079 157 146 098 082 121 142
0014 121 079 158 146 098 079 123 138
0015 124 084 158 146 098 078 122 139
0016 122 080 161 146 094 075 125 141
0017 124 084 158 145 096 078 123 141
0018 096 080 123 141 121 080 156 151
0019 121 081 156 151 094 078 125 142
0020 120 082 157 152 097 082 123 144
0021 095 084 125 152 120 090 161 155
0022 089 093 119 160 117 095 161 163
0023 079 124 115 181 118 141 169 187
0024 131 177 176 227 068 169 109 216
0025 059 208 099 239 134 206 180 239
0026 140 210 186 239 000 000 000 000
0027 139 216 183 237 000 000 000 000
0028 140 218 182 239 000 000 000 000
0029 143 219 182 239 000 000 000 000
0030 142 220 181 239 000 000 000 000
0031 140 222 179 239 000 000 000 000
