0003 026 220 059 239 000 000 000 000
0004 092 211 138 239 027 202 062 239
0005 087 189 134 234 034 181 070 233
0006 090 176 132 220 040 169 068 224
0007 095 148 132 203 048 145 074 206
0008 050 129 076 200 099 132 126 189
0009 098 115 127 183 058 121 079 186
0010 091 114 120 180 068 109 091 179
0011 084 108 109 177 067 112 091 181
0012 081 105 106 177 069 107 088 173
0013 084 101 109 170 068 108 089 174
0014 076 100 100 174 000 000 000 000
0015 080 101 105 170 068 104 091 163
0016 081 100 105 171 070 100 089 174
0017 084 101 109 174 072 098 094 172
0018 078 105 100 175 000 000 000 000
0019 081 104 105 175 069 101 088 174
0020 085 104 110 168 073 104 094 175
0021 085 102 110 173 074 100 093 172
0022 083 104 105 174 000 000 000 000
0023 083 107 105 175 000 000 000 000
0024 086 108 110 176 072 104 095 176
0025 077 103 099 175 091 107 116 175
0026 085 108 110 179 071 108 095 178
0027 085 110 110 177 073 111 094 180
0028 086 110 110 178 073 106 093 176
0029 082 111 106 179 069 109 088 180
0030 082 107 106 180 070 111 087 178
0031 082 110 106 180 069 111 087 177
0032 084 113 109 182 073 109 093 182
0033 080 115 106 184 000 000 000 000
0034 079 116 107 184 069 120 087 183
0035 080 116 107 184 069 119 087 183
0036 083 117 108 181 068 116 089 184
0037 080 117 105 184 068 117 089 184
0038 081 117 106 183 068 119 087 183
0039 081 117 106 184 068 118 088 183
0040 083 118 109 183 072 121 092 188
0041 059 138 087 202 085 134 110 204
0042 083 206 132 239 028 190 078 237
0043 017 214 060 239 000 000 000 000
0044 020 225 050 239 000 000 000 000
