0002 048 222 092 239 136 224 170 239
0003 053 205 096 238 120 201 168 239
0004 120 180 159 231 054 189 106 224
0005 122 154 155 188 064 161 124 190
0006 118 145 155 174 071 153 125 182
0007 080 146 131 176 116 138 156 169
0008 077 142 138 172 124 138 156 170
0009 080 144 135 175 127 139 158 169
0010 080 143 138 173 115 138 153 168
0011 080 142 136 174 122 138 156 169
0012 076 144 139 173 126 138 155 169
0013 079 143 131 175 128 143 158 178
0014 120 150 159 182 080 144 132 174
0015 080 143 140 174 130 136 165 169
0016 130 128 169 164 077 143 140 172
0017 133 133 172 160 077 142 138 174
0018 078 145 138 173 136 132 177 163
0019 142 121 185 162 077 144 142 174
0020 139 119 185 154 078 144 141 173
0021 146 124 190 165 078 144 142 172
0022 145 125 191 160 080 143 143 170
0023 147 125 197 151 078 143 147 169
0024 147 118 202 156 079 142 145 171
0025 150 119 198 161 080 142 145 171
0026 143 122 198 164 084 143 149 171
0027 144 120 192 165 087 142 145 169
0028 140 116 186 166 085 142 143 169
0029 119 119 175 161 087 145 131 171
0030 115 123 174 156 085 151 158 173
0031 119 127 180 165 077 159 151 185
0032 132 146 183 200 070 168 130 207
0033 135 164 189 226 061 184 114 231
0034 134 196 181 239 049 203 103 239
0035 041 214 092 239 138 215 175 236
0036 043 221 089 239 000 000 000 000
0037 044 224 089 239 000 000 000 000
0038 048 225 091 239 000 000 000 000
