0010 162 223 190 239 000 000 000 000
0011 151 205 182 239 083 219 112 239
0012 146 170 182 205 080 201 102 231
0013 077 167 101 195 144 127 183 152
0014 145 112 182 144 078 154 096 184
0015 081 122 109 148 146 105 183 138
0016 083 122 111 147 142 121 179 148
0017 143 144 183 170 083 142 107 169
0018 082 159 102 185 143 157 185 182
0019 088 175 110 198 145 171 181 203
0020 091 179 115 204 142 178 179 209
0021 144 174 181 209 091 177 115 204
0022 143 162 182 191 083 168 119 193
0023 086 156 112 181 139 152 179 172
0024 141 133 182 157 087 142 110 161
0025 086 122 113 146 145 121 179 145
0026 087 116 116 140 142 109 182 140
0027 144 102 181 134 089 110 118 137
0028 086 109 116 137 143 107 181 136
0029 139 113 177 145 085 117 116 144
0030 141 127 179 157 085 125 111 151
0031 085 135 109 159 141 138 181 165
0032 140 158 182 182 081 156 103 184
0033 083 165 107 194 143 171 181 197
0034 085 170 109 197 143 176 180 202
0035 144 178 182 207 087 174 110 204
0036 146 179 180 208 086 177 110 205
0037 142 178 181 208 084 183 109 210
0038 143 183 180 217 082 185 109 211
0039 147 198 178 234 082 194 106 220
0040 154 213 184 238 082 206 108 235
0041 085 212 111 239 153 222 180 239
0042 084 221 107 239 000 000 000 000
