0000 089 215 112 239 159 224 179 239
0001 090 215 112 239 159 223 179 239
0002 089 215 113 239 159 223 178 239
0003 090 215 112 239 159 223 179 239
0004 090 215 112 239 159 223 179 239
0005 089 214 112 239 158 223 178 239
0006 089 214 112 239 158 223 178 239
0007 091 210 112 238 156 222 177 239
0008 089 214 112 239 153 220 177 239
0009 149 218 175 239 086 212 104 239
0010 080 214 101 237 143 208 175 237
0011 137 202 167 238 075 206 093 232
0012 134 188 164 234 065 193 089 228
0013 131 171 168 211 059 181 085 213
0014 054 163 077 192 123 153 161 187
0015 050 147 075 177 122 140 160 164
0016 043 109 077 142 132 100 168 132
0017 049 081 083 112 132 079 162 109
0018 056 055 086 087 127 041 162 076
0019 128 025 158 063 061 038 091 075
0020 125 027 159 063 065 034 094 068
0021 126 027 159 070 065 037 094 072
0022 063 046 094 082 123 036 155 080
0023 056 067 084 097 120 066 153 104
0024 052 088 082 120 116 093 144 122
0025 108 125 147 149 050 112 079 141
0026 111 144 148 170 049 136 074 166
0027 050 161 076 190 112 161 147 190
0028 111 173 147 205 054 177 079 205
0029 110 178 148 214 055 184 082 215
0030 114 177 145 210 054 181 082 212
0031 052 179 079 209 116 165 148 199
0032 118 152 148 179 047 160 072 189
0033 038 131 067 159 119 118 156 143
0034 038 097 070 124 129 078 157 118
0035 127 040 161 086 047 062 078 093
0036 060 041 088 073 131 026 165 067
0037 136 016 166 061 071 028 100 064
0038 136 020 165 063 077 029 105 061
0039 134 025 164 067 079 030 106 058
0040 125 039 160 081 073 043 103 072
0041 122 066 161 108 064 066 095 092
0042 055 086 094 119 121 103 157 133
0043 053 122 083 151 114 135 152 155
0044 057 153 082 180 113 155 151 189
0045 064 175 093 206 119 169 156 206
0046 124 176 160 218 067 182 095 216
0047 131 177 160 214 066 181 095 215
0048 132 171 169 206 061 177 091 208
0049 133 175 166 208 061 177 091 213
0050 060 183 089 215 132 176 167 208
0051 057 182 093 218 136 178 169 210
0052 140 180 175 215 061 189 089 221
0053 144 195 173 232 067 193 093 226
0054 073 201 097 230 149 205 177 239
0055 082 202 101 233 154 213 180 239
0056 086 214 106 238 150 219 174 238
0057 086 214 111 239 151 219 175 239
0058 090 219 109 239 154 214 178 239
0059 087 212 110 239 158 217 183 239
0060 088 219 105 239 159 220 182 239
0061 086 219 104 239 159 223 179 239
0062 087 219 105 239 158 223 179 239
0063 088 217 106 237 158 223 179 239
