0007 118 224 137 239 219 223 241 239
0008 107 206 134 239 219 208 249 236
0009 093 185 131 222 222 181 257 221
0010 090 176 122 205 225 167 261 203
0011 085 165 126 197 225 155 263 190
0012 226 154 264 186 090 162 122 196
0013 085 164 123 198 227 156 265 189
0014 221 141 266 177 083 157 117 191
0015 081 140 120 172 226 125 263 160
0016 079 110 118 141 226 092 264 122
0017 081 082 117 117 223 066 259 102
0018 224 058 258 093 081 066 117 100
0019 224 060 257 094 083 071 116 102
0020 079 083 117 117 225 068 257 102
0021 073 105 112 133 228 089 261 120
0022 074 126 113 158 226 114 263 149
0023 075 147 117 178 222 138 261 171
0024 225 154 264 192 080 165 116 196
0025 081 176 121 208 224 163 265 204
0026 225 163 265 203 081 177 121 210
0027 224 159 265 198 081 176 119 208
0028 081 173 121 205 224 156 263 195
0029 081 171 120 204 225 155 264 192
0030 225 154 265 191 081 171 120 203
0031 079 172 120 204 225 155 266 192
0032 081 177 119 207 226 160 267 197
0033 226 176 266 217 089 189 122 224
0034 221 211 254 237 103 214 126 236
