0001 103 224 125 239 000 000 000 000
0002 103 224 125 239 000 000 000 000
0004 099 221 121 239 000 000 000 000
0005 090 217 119 239 196 224 219 239
0006 073 202 107 235 206 214 237 239
0007 060 194 096 224 213 203 254 237
0008 053 198 093 229 215 203 254 239
0009 214 185 254 223 054 189 092 218
0010 054 161 090 189 209 151 252 189
0011 057 135 093 162 201 137 246 169
0012 209 110 247 139 061 106 097 137
0013 211 110 251 139 057 107 092 135
0014 053 127 084 155 209 128 252 156
0015 049 157 087 185 211 155 253 185
0016 052 187 087 212 214 185 253 214
0017 053 201 091 232 210 198 246 234
0018 208 206 245 239 058 204 096 236
0019 054 204 092 235 210 200 246 237
0020 051 187 088 215 214 182 245 216
0021 051 161 083 189 209 154 248 190
0022 053 145 093 175 200 145 246 175
0023 053 133 091 162 210 136 248 164
0024 054 131 092 157 209 137 247 162
0025 055 134 092 161 209 138 250 159
0026 054 136 092 162 212 138 247 161
0027 050 133 088 161 205 138 246 163
0028 203 146 250 179 059 142 090 169
0029 207 176 240 217 072 175 100 203
0030 083 207 112 239 198 209 232 239
0031 096 222 119 239 198 224 218 239
0032 193 223 216 239 000 000 000 000
0035 104 224 126 239 000 000 000 000
0036 192 225 212 239 000 000 000 000
0037 105 224 124 239 000 000 000 000
0038 105 224 124 239 000 000 000 000
0040 106 224 125 239 000 000 000 000
