0000 147 210 174 238 087 208 104 234
0001 149 215 170 238 082 209 104 235
0002 086 208 105 239 150 212 173 239
0003 084 208 103 237 150 211 173 239
0004 083 206 103 237 150 213 171 239
0005 083 207 103 237 150 214 171 239
0006 147 209 175 238 086 211 103 235
0007 085 208 105 238 147 208 176 238
0008 149 210 174 239 082 207 101 235
0009 150 204 178 239 073 201 095 230
0010 150 194 174 226 067 198 085 221
0011 144 182 172 222 061 186 082 211
0012 054 171 079 195 139 167 173 201
0013 048 146 073 169 136 140 163 165
0014 048 110 077 133 130 100 164 128
0015 053 076 077 101 141 059 170 093
0016 141 025 174 068 060 043 086 081
0017 141 022 172 067 062 041 088 077
0018 137 025 168 068 067 036 092 072
0019 136 037 167 080 065 042 089 075
0020 062 057 085 088 138 055 168 094
0021 057 079 081 107 136 084 165 120
0022 050 110 085 135 129 111 166 138
0023 123 149 157 167 055 148 076 166
0024 060 165 084 189 123 158 164 188
0025 127 162 161 192 058 169 082 190
0026 049 161 074 183 132 153 167 183
0027 041 138 066 157 140 128 166 152
0028 036 106 065 130 149 097 178 128
0029 147 053 180 089 038 064 071 099
0030 149 021 181 067 052 037 081 075
0031 149 005 180 051 068 020 093 056
0032 148 004 179 049 072 016 097 055
0033 143 006 181 049 074 016 099 054
0034 143 014 173 060 069 024 094 061
0035 065 040 091 075 141 028 171 073
0036 061 067 088 101 136 056 167 094
0037 130 092 161 125 062 106 087 135
0038 060 130 088 155 124 122 167 143
0039 131 109 169 137 059 120 086 147
0040 132 100 170 132 060 115 086 144
0041 140 111 170 141 062 126 087 153
0042 063 153 086 173 137 139 167 171
0043 143 190 171 226 070 184 090 209
0044 145 207 173 238 078 205 097 231
0045 149 209 176 238 087 212 104 235
0046 094 208 111 234 150 207 170 239
0047 151 205 173 236 093 207 110 234
0048 150 207 170 239 090 202 112 235
0049 151 207 173 237 094 207 112 234
0050 151 208 173 238 093 204 110 232
0051 094 208 111 236 151 206 173 236
0052 092 203 113 234 151 205 172 235
0053 095 208 112 235 151 205 172 235
0054 094 211 111 229 151 205 172 236
0055 089 208 111 235 152 209 177 239
