0006 170 223 196 239 000 000 000 000
0007 152 197 188 235 074 203 098 234
0008 155 184 185 219 071 186 095 214
0009 150 147 189 172 071 155 095 178
0010 148 134 189 158 073 139 100 165
0011 077 117 106 145 144 117 184 141
0012 081 107 111 137 142 105 183 132
0013 145 107 184 136 085 108 111 138
0014 144 115 182 147 082 121 112 148
0015 144 127 183 158 083 131 110 161
0016 143 145 182 172 081 148 104 175
0017 143 168 188 191 079 172 101 202
0018 143 179 184 200 079 178 107 212
0019 145 181 188 212 081 186 107 215
0020 145 180 186 212 083 188 106 219
0021 144 167 189 195 082 175 106 203
0022 142 156 188 180 075 161 109 190
0023 143 143 187 164 079 152 102 179
0024 144 132 186 155 078 139 105 163
0025 083 124 111 150 139 116 182 139
0026 083 116 111 140 140 109 187 137
0027 085 111 114 134 143 109 183 135
0028 085 113 110 133 142 112 183 140
0029 081 118 109 145 142 115 182 143
0030 080 134 107 158 144 130 185 158
0031 143 138 187 166 080 142 103 164
0032 145 158 189 181 080 156 098 182
0033 148 165 190 188 079 163 103 191
0034 147 168 187 194 080 167 106 196
0035 081 172 106 199 105 195 148 234
0036 084 173 109 204 147 178 183 203
0037 145 179 183 209 081 175 107 203
0038 143 181 184 216 085 178 108 208
0039 149 200 182 239 078 192 102 225
0040 153 213 185 239 081 207 105 236
0041 163 220 190 239 085 220 105 239
