0000 181 220 215 237 079 223 107 239
0001 178 221 212 237 079 223 108 239
0002 177 222 208 239 078 222 113 239
0003 172 222 205 239 080 220 113 239
0004 165 206 208 239 085 207 122 236
0005 162 184 200 216 087 190 125 227
0006 166 180 203 214 085 178 126 218
0007 168 186 210 225 092 195 127 229
0008 170 196 211 237 092 208 125 236
0009 173 203 209 239 090 208 127 238
0010 171 202 207 239 094 207 129 237
0011 166 192 209 239 096 201 132 236
0012 165 174 197 204 092 175 129 218
0013 165 166 214 202 090 173 126 210
0014 084 184 123 222 169 183 206 216
0015 169 196 209 238 085 204 124 236
0016 169 203 210 238 092 208 123 236
0017 168 194 208 237 092 202 124 236
0018 164 166 200 202 089 171 124 217
0019 164 152 209 195 087 166 125 206
0020 172 188 206 222 088 186 118 223
0021 090 208 119 236 180 223 208 239
0022 087 214 119 239 000 000 000 000
0023 088 214 123 236 000 000 000 000
0024 092 211 120 236 000 000 000 000
0025 090 214 120 239 000 000 000 000
