0000 146 185 169 218 055 160 080 185
0001 054 159 080 189 146 187 169 216
0002 053 163 080 191 146 187 169 217
0003 053 169 079 201 146 188 169 218
0004 054 175 079 212 146 188 169 219
0005 146 189 169 219 060 176 081 214
0006 145 189 168 219 062 176 081 213
0007 062 176 085 211 144 186 168 217
0008 143 184 167 216 065 176 086 209
0009 144 186 168 217 065 176 087 209
0010 144 185 167 216 066 173 088 209
0011 064 178 087 209 145 185 168 217
0012 063 174 087 208 146 185 170 216
0013 062 175 087 208 146 185 171 218
0014 146 186 169 218 060 177 084 208
0015 060 176 082 208 148 181 168 216
0016 146 187 164 218 057 176 083 209
0017 149 187 168 218 055 176 081 210
0018 055 177 082 209 150 188 173 220
0019 152 185 176 219 060 182 083 208
0020 153 185 179 218 051 175 085 211
0021 050 177 075 211 162 183 188 220
0022 040 180 068 214 170 187 196 223
0023 028 174 057 212 174 181 206 222
0024 176 166 213 214 008 168 049 204
0025 177 140 217 187 003 148 042 179
0026 180 125 222 158 004 137 036 162
0027 175 103 220 134 004 117 036 144
0028 170 091 217 121 007 096 045 129
0029 168 087 214 118 007 090 047 126
0030 166 086 215 119 007 096 041 122
0031 172 090 216 124 003 101 040 132
0032 166 099 216 132 009 112 046 140
0033 173 112 213 145 006 120 044 153
0034 180 122 213 152 008 137 044 165
0035 179 145 212 179 013 155 042 183
0036 179 163 212 199 021 172 054 204
0037 035 180 064 216 178 177 208 216
0038 043 179 070 215 174 182 204 222
0039 176 185 202 220 049 179 073 210
0040 174 183 202 217 048 174 072 209
0041 175 183 201 216 042 178 068 209
0042 038 175 064 211 175 184 203 220
0043 029 181 056 214 176 186 203 222
0044 181 178 213 220 020 175 047 207
0045 182 153 219 194 003 154 040 186
0046 007 132 042 163 181 130 219 168
0047 179 108 214 145 006 115 047 141
0048 174 094 215 127 014 099 050 130
0049 172 088 216 121 016 092 055 127
0050 170 089 214 121 013 096 054 124
0051 170 087 217 123 017 098 053 129
0052 174 091 217 124 015 101 053 130
0053 173 093 216 127 017 102 053 130
0054 172 099 216 131 016 110 054 139
0055 176 106 214 141 016 119 056 149
0056 178 119 216 156 016 135 049 160
0057 177 138 210 177 021 148 051 181
0058 025 160 057 194 178 153 212 192
0059 180 169 208 208 034 175 062 209
0060 178 176 204 218 041 178 068 215
0061 059 179 081 217 170 186 188 219
0062 068 181 090 213 156 187 173 217
0063 075 178 095 208 144 180 163 212
0064 074 178 095 212 000 000 000 000
0065 075 179 096 209 000 000 000 000
