0010 198 213 239 239 063 219 096 238
0011 198 219 238 239 061 222 096 239
0016 182 209 223 239 074 216 107 237
0017 179 193 221 222 064 199 099 237
0018 179 179 231 218 055 192 099 227
0019 188 189 233 239 058 193 102 235
0020 188 204 235 239 069 209 104 237
0021 185 215 225 239 074 213 106 236
0022 183 210 226 239 075 213 109 239
0023 056 201 104 234 183 196 221 222
0024 056 187 099 223 192 187 232 216
0025 193 198 238 236 047 199 092 235
0026 192 209 236 239 068 217 103 238
0027 189 214 230 239 076 224 104 239
0028 189 208 229 239 075 219 110 239
0029 066 197 110 235 181 190 224 223
0030 067 186 106 221 179 178 233 210
0031 188 188 234 239 065 195 104 231
0032 192 203 236 239 072 214 107 238
0033 188 207 229 239 081 216 112 239
0034 182 188 223 226 074 202 108 234
0035 064 183 103 218 177 173 229 205
0036 061 187 107 221 186 185 236 234
0037 188 201 230 239 069 207 106 236
0038 186 206 228 239 074 215 106 237
0039 185 194 227 237 071 203 102 238
0040 060 187 107 227 181 183 227 208
0041 062 186 105 223 180 183 227 216
0042 068 208 100 239 181 204 212 236
