0015 181 195 239 239 000 000 000 000
0016 187 170 245 218 000 000 000 000
0017 198 141 254 187 000 000 000 000
0018 197 120 253 163 000 000 000 000
0019 199 100 254 142 000 000 000 000
0020 197 085 254 126 000 000 000 000
0021 195 076 253 119 000 000 000 000
0022 194 068 252 111 000 000 000 000
0023 195 066 250 107 000 000 000 000
0024 196 066 252 108 000 000 000 000
0025 196 066 253 107 000 000 000 000
0026 197 065 253 107 000 000 000 000
0027 198 065 254 107 000 000 000 000
0028 196 064 255 107 000 000 000 000
0029 198 064 254 105 000 000 000 000
0030 200 065 256 106 000 000 000 000
0031 200 065 258 106 000 000 000 000
0032 201 065 258 106 000 000 000 000
0033 203 065 258 106 000 000 000 000
0034 203 065 260 106 000 000 000 000
0035 203 064 260 105 000 000 000 000
0036 204 065 257 107 000 000 000 000
0037 204 066 258 108 000 000 000 000
0038 204 066 260 108 000 000 000 000
0039 204 065 259 108 000 000 000 000
0040 204 065 257 108 000 000 000 000
0041 204 064 257 107 000 000 000 000
0042 203 065 260 107 000 000 000 000
0043 202 064 260 107 000 000 000 000
0044 203 064 258 106 000 000 000 000
0045 203 063 260 106 000 000 000 000
0046 203 063 258 105 000 000 000 000
0047 202 062 259 105 000 000 000 000
0048 202 062 260 106 000 000 000 000
0049 201 062 260 106 000 000 000 000
0050 201 061 260 106 000 000 000 000
0051 201 062 260 106 000 000 000 000
0052 201 062 260 106 000 000 000 000
0053 201 062 260 106 000 000 000 000
0054 202 062 260 105 000 000 000 000
0055 202 062 258 104 000 000 000 000
0056 202 063 259 105 000 000 000 000
0057 202 064 260 106 000 000 000 000
0058 205 065 257 108 000 000 000 000
0059 203 067 261 110 000 000 000 000
0060 203 069 259 112 000 000 000 000
0061 204 069 261 112 000 000 000 000
0062 202 071 259 113 000 000 000 000
0063 202 075 260 119 000 000 000 000
0064 197 085 260 126 000 000 000 000
0065 192 099 254 138 000 000 000 000
0066 184 125 248 167 000 000 000 000
0067 176 163 242 204 000 000 000 000
0068 170 199 234 235 126 176 170 226
0069 152 219 201 239 000 000 000 000
