0000 240 098 285 146 000 000 000 000
0001 249 099 296 146 000 000 000 000
0002 247 099 297 144 000 000 000 000
0003 250 099 296 140 000 000 000 000
0004 250 098 296 138 000 000 000 000
0005 246 092 291 135 000 000 000 000
0006 245 093 287 132 000 000 000 000
0007 245 094 288 132 000 000 000 000
0008 245 094 287 133 000 000 000 000
0009 244 098 288 138 000 000 000 000
0010 245 094 287 136 000 000 000 000
0011 243 097 287 137 000 000 000 000
0012 243 093 288 135 000 000 000 000
0013 240 096 287 135 000 000 000 000
0014 244 093 290 132 000 000 000 000
0015 242 092 284 134 000 000 000 000
0016 242 092 291 135 000 000 000 000
0017 240 094 287 134 000 000 000 000
0018 243 095 286 131 000 000 000 000
0019 243 094 287 133 000 000 000 000
0020 243 094 287 132 000 000 000 000
0021 242 094 287 133 000 000 000 000
0022 244 099 286 133 000 000 000 000
0023 243 094 288 133 000 000 000 000
0024 243 094 288 133 000 000 000 000
0025 243 099 287 137 000 000 000 000
0026 243 099 288 135 000 000 000 000
0027 243 098 287 136 000 000 000 000
0028 243 098 287 137 000 000 000 000
0029 243 098 288 136 000 000 000 000
0030 244 099 287 135 000 000 000 000
0031 243 099 288 135 000 000 000 000
0032 243 098 287 137 000 000 000 000
0033 242 099 286 138 000 000 000 000
0034 241 097 288 138 000 000 000 000
0035 242 098 289 139 000 000 000 000
0036 242 097 287 137 000 000 000 000
0037 243 099 287 137 000 000 000 000
0038 241 101 293 143 000 000 000 000
0039 236 111 285 161 000 000 000 000
0040 225 136 280 183 000 000 000 000
0041 208 191 264 233 218 215 258 238
