0001 162 223 195 239 000 000 000 000
0002 168 209 220 235 000 000 000 000
0003 175 184 227 225 000 000 000 000
0004 180 155 229 202 000 000 000 000
0005 181 135 230 186 000 000 000 000
0006 185 110 227 165 000 000 000 000
0007 189 105 229 151 000 000 000 000
0008 195 091 237 136 000 000 000 000
0009 197 074 242 123 000 000 000 000
0010 196 059 241 106 000 000 000 000
0011 201 045 236 087 000 000 000 000
0012 201 034 240 077 000 000 000 000
0013 201 035 241 078 000 000 000 000
0014 200 034 243 081 000 000 000 000
0015 203 034 245 079 000 000 000 000
0016 205 035 247 077 000 000 000 000
0017 205 036 247 078 000 000 000 000
0018 204 035 247 078 000 000 000 000
0019 201 042 244 089 000 000 000 000
0020 189 067 230 113 000 000 000 000
0021 182 099 222 137 000 000 000 000
0022 178 137 212 179 000 000 000 000
0023 162 174 204 223 000 000 000 000
0024 156 211 191 239 000 000 000 000
0025 152 218 179 239 000 000 000 000
