0000 125 208 163 238 000 000 000 000
0001 136 195 174 236 000 000 000 000
0002 143 173 186 238 000 000 000 000
0003 150 164 194 222 000 000 000 000
0004 159 139 204 190 000 000 000 000
0005 167 117 212 163 000 000 000 000
0006 168 100 215 141 000 000 000 000
0007 172 085 222 121 000 000 000 000
0008 175 073 228 113 000 000 000 000
0009 173 065 221 104 000 000 000 000
0010 172 065 223 101 000 000 000 000
0011 176 060 223 099 000 000 000 000
0012 173 062 222 100 000 000 000 000
0013 174 060 222 100 000 000 000 000
0014 173 059 223 098 000 000 000 000
0015 173 058 224 098 000 000 000 000
0016 173 058 224 098 000 000 000 000
0017 172 061 224 100 000 000 000 000
0018 169 062 221 101 000 000 000 000
0019 174 061 223 098 000 000 000 000
0020 173 066 224 103 000 000 000 000
0021 173 068 222 106 000 000 000 000
0022 174 069 224 107 000 000 000 000
0023 173 067 223 104 000 000 000 000
0024 173 065 218 104 000 000 000 000
0025 173 068 221 105 000 000 000 000
0026 172 067 220 103 000 000 000 000
0027 173 066 220 101 000 000 000 000
0028 173 066 221 101 000 000 000 000
0029 174 067 221 102 000 000 000 000
0030 174 067 221 102 000 000 000 000
0031 170 062 220 100 000 000 000 000
0032 175 062 218 102 000 000 000 000
0033 175 063 217 102 000 000 000 000
0034 175 063 221 101 000 000 000 000
0035 174 062 222 101 000 000 000 000
0036 170 062 220 099 000 000 000 000
0037 174 067 220 101 000 000 000 000
0038 174 066 221 099 000 000 000 000
0039 174 067 220 101 000 000 000 000
0040 175 063 220 103 000 000 000 000
0041 173 067 223 107 000 000 000 000
0042 174 077 224 117 000 000 000 000
0043 176 083 226 123 000 000 000 000
0044 176 102 227 143 000 000 000 000
0045 180 129 217 182 000 000 000 000
0046 171 171 208 234 000 000 000 000
