0004 097 115 170 195 000 000 000 000
0005 089 065 175 146 000 000 000 000
0006 094 055 168 129 000 000 000 000
0007 092 052 164 122 000 000 000 000
0008 094 051 173 130 000 000 000 000
0009 095 053 175 131 000 000 000 000
0010 097 055 175 132 000 000 000 000
0011 094 054 172 135 000 000 000 000
0012 094 055 166 132 000 000 000 000
0013 095 054 165 133 000 000 000 000
0014 094 055 171 131 000 000 000 000
0015 091 053 165 132 000 000 000 000
0016 089 056 175 135 000 000 000 000
0017 081 069 174 150 000 000 000 000
0018 079 095 171 168 000 000 000 000
0019 072 197 138 239 000 000 000 000
