0006 080 168 164 237 112 203 183 239
0007 083 122 163 203 000 000 000 000
0008 082 081 169 161 000 000 000 000
0009 085 067 166 142 000 000 000 000
0010 085 060 165 141 000 000 000 000
0011 091 055 171 135 000 000 000 000
0012 093 058 166 131 000 000 000 000
0013 095 060 168 133 000 000 000 000
0014 089 056 173 137 000 000 000 000
0015 098 065 167 134 000 000 000 000
0016 090 058 172 136 000 000 000 000
0017 094 057 165 138 000 000 000 000
0018 095 056 168 139 000 000 000 000
0019 100 065 173 135 000 000 000 000
0020 096 058 178 138 000 000 000 000
0021 092 068 176 148 000 000 000 000
0022 082 085 170 172 000 000 000 000
0023 085 145 161 213 000 000 000 000
