0000 121 212 159 238 069 215 099 236
0001 124 212 157 238 069 214 099 235
0002 124 212 156 239 067 215 097 238
0003 126 204 156 235 070 214 099 235
0004 129 195 157 228 067 215 096 238
0005 138 173 161 204 063 213 100 236
0006 138 151 163 184 067 215 096 237
0007 140 131 168 166 067 214 096 237
0008 143 120 168 150 067 216 096 238
0009 153 103 186 131 067 211 096 237
0010 158 099 189 127 064 212 095 237
0011 160 094 194 123 069 211 099 234
0012 162 087 196 117 065 210 098 239
0013 160 084 194 115 064 209 100 235
0014 159 082 193 114 067 211 096 237
0015 161 081 191 114 067 211 096 237
0016 155 078 187 115 066 212 096 238
0017 154 078 187 114 066 212 097 237
0018 158 080 192 114 066 212 097 238
0019 156 082 187 113 067 212 096 238
0020 154 087 183 116 067 213 096 238
0021 151 096 174 130 064 213 099 237
0022 148 109 173 138 064 213 099 236
0023 144 124 169 162 066 216 095 238
0024 140 151 162 182 063 213 099 237
0025 131 176 157 209 066 216 095 238
0026 121 202 157 230 066 214 096 238
0027 125 211 153 236 066 215 096 238
0028 127 210 157 235 066 215 096 238
0029 124 210 154 236 066 214 096 238
0030 124 211 154 236 066 215 096 238
0031 125 211 153 236 066 213 096 238
