0008 090 224 119 239 000 000 000 000
0009 092 223 118 239 000 000 000 000
0010 089 222 115 239 000 000 000 000
0011 088 213 118 239 000 000 000 000
0012 078 201 118 237 000 000 000 000
0013 072 198 114 238 000 000 000 000
0014 068 195 106 236 000 000 000 000
0015 068 185 102 233 000 000 000 000
0016 060 175 102 233 000 000 000 000
0017 064 168 098 219 000 000 000 000
0018 061 155 099 210 000 000 000 000
0019 061 148 101 205 000 000 000 000
0020 061 144 095 200 000 000 000 000
0021 062 139 093 188 080 137 109 187
0022 067 136 107 187 000 000 000 000
0023 061 134 092 186 000 000 000 000
0024 063 131 098 183 000 000 000 000
0025 064 129 096 179 000 000 000 000
0026 062 127 098 181 000 000 000 000
0027 062 128 094 180 000 000 000 000
0028 060 127 100 180 000 000 000 000
0029 064 125 099 177 000 000 000 000
0030 063 125 099 177 000 000 000 000
0031 064 126 099 179 000 000 000 000
0032 062 126 099 177 086 126 119 181
0033 063 125 101 176 087 126 121 178
0034 063 126 102 176 087 127 121 179
0035 063 128 100 180 085 128 119 182
0036 063 127 100 179 000 000 000 000
0037 062 127 100 180 086 126 120 178
0038 063 125 100 177 080 130 126 185
0039 077 131 113 181 060 128 095 171
0040 071 138 112 180 000 000 000 000
0041 068 166 115 228 000 000 000 000
0042 066 199 100 235 101 204 145 238
0043 064 210 100 239 101 219 145 239
0044 061 224 097 239 118 223 160 239
