0009 105 184 158 237 000 000 000 000
0010 109 147 154 205 000 000 000 000
0011 109 123 154 180 000 000 000 000
0012 109 109 152 165 000 000 000 000
0013 109 112 146 162 000 000 000 000
0014 110 112 151 164 000 000 000 000
0015 108 112 151 164 000 000 000 000
0016 109 112 150 164 000 000 000 000
0017 108 112 149 169 000 000 000 000
0018 109 113 149 170 000 000 000 000
0019 107 116 148 167 000 000 000 000
0020 109 121 151 178 000 000 000 000
0021 112 158 157 212 083 219 124 239
0022 109 203 158 239 000 000 000 000
