0015 173 182 223 235 000 000 000 000
0016 174 150 225 220 000 000 000 000
0017 188 134 234 198 000 000 000 000
0018 194 124 237 185 000 000 000 000
0019 196 125 242 178 000 000 000 000
0020 199 124 242 177 000 000 000 000
0021 198 126 242 178 000 000 000 000
0022 198 126 240 177 000 000 000 000
0023 198 126 240 177 000 000 000 000
0024 197 123 241 175 000 000 000 000
0025 197 125 240 175 000 000 000 000
0026 196 124 241 175 000 000 000 000
0027 196 124 241 173 000 000 000 000
0028 195 124 240 174 000 000 000 000
0029 195 125 238 175 000 000 000 000
0030 188 134 229 185 000 000 000 000
0031 175 154 217 213 000 000 000 000
0032 154 179 210 236 000 000 000 000
