0000 121 212 153 239 081 212 117 239
0001 120 205 156 238 086 213 115 239
0002 082 197 120 235 117 192 149 222
0003 118 160 145 195 095 173 123 206
0004 100 147 140 191 000 000 000 000
0005 105 135 145 179 000 000 000 000
0006 104 132 146 169 000 000 000 000
0007 108 130 142 165 000 000 000 000
0008 109 129 142 164 000 000 000 000
0009 108 127 141 163 000 000 000 000
0010 108 127 142 165 000 000 000 000
0011 107 127 142 163 000 000 000 000
0012 106 125 143 163 000 000 000 000
0013 107 127 143 164 000 000 000 000
0014 106 127 143 163 000 000 000 000
0015 107 130 144 168 000 000 000 000
0016 105 126 142 163 000 000 000 000
0017 107 129 141 165 000 000 000 000
0018 102 130 138 170 000 000 000 000
0019 101 142 138 184 000 000 000 000
0020 099 160 138 198 000 000 000 000
0021 094 182 141 214 000 000 000 000
0022 079 192 116 232 114 196 150 228
0023 079 205 111 237 121 206 154 239
0024 123 211 154 239 075 208 109 239
0025 123 210 153 239 076 206 113 235
0026 123 211 153 239 077 208 108 234
0027 123 211 154 239 077 203 112 232
0028 123 211 154 239 079 208 109 234
