0010 119 224 147 239 000 000 000 000
0011 138 187 189 239 189 156 243 204
0012 193 124 255 188 143 167 209 230
0013 189 077 241 125 161 116 218 187
0014 178 062 239 104 163 094 221 155
0015 164 072 214 141 171 050 231 081
0016 163 061 204 139 172 044 232 075
0017 156 049 200 128 170 037 232 070
0018 162 032 231 065 160 046 194 119
0019 155 049 192 124 155 027 230 063
0020 155 051 189 124 156 026 225 060
0021 155 049 191 121 159 032 219 069
0022 157 057 185 127 155 035 220 072
0023 152 036 226 075 152 052 183 125
0024 151 055 183 130 155 036 226 075
0025 155 039 227 074 150 055 182 130
0026 155 039 224 075 151 057 181 132
0027 153 037 222 074 151 057 182 130
0028 151 054 182 129 157 038 222 075
0029 153 053 182 127 154 036 222 079
0030 150 053 182 129 157 038 223 077
0031 149 056 180 131 152 037 222 076
0032 148 060 182 136 157 041 218 082
0033 147 072 188 146 161 054 228 091
0034 146 097 191 164 161 074 229 112
0035 166 116 233 174 142 144 190 209
0036 159 140 232 208 131 175 195 229
0037 171 180 221 234 122 204 172 239
0038 168 199 204 236 112 218 150 239
0039 027 211 080 239 000 000 000 000
