0011 183 181 282 238 109 207 156 239
0012 104 166 187 238 161 107 237 158
0013 120 105 187 225 117 073 191 109
0014 120 101 188 213 099 076 183 103
0015 115 102 183 205 089 075 177 101
0016 113 099 182 214 093 080 160 108
0017 107 101 181 215 093 081 189 105
0018 112 099 182 212 091 081 187 106
0019 110 102 183 212 094 081 184 105
0020 107 100 182 211 093 078 200 105
0021 107 093 178 217 104 074 193 103
0022 099 126 169 239 140 077 261 127
0023 094 174 156 238 084 211 133 238
0024 235 132 316 217 000 000 000 000
