0001 241 172 314 237 000 000 000 000
0002 116 191 153 236 203 111 294 204
0003 159 081 280 153 124 149 189 233
0004 120 126 184 226 151 081 255 131
0005 118 116 180 217 118 083 243 128
0006 113 118 175 222 127 087 240 131
0007 112 124 169 227 135 090 243 137
0008 114 129 168 227 092 093 195 132
0009 113 127 164 224 092 090 229 137
0010 110 126 171 222 096 090 180 128
0011 114 121 174 217 125 079 238 141
0012 159 075 237 139 119 142 182 220
0013 139 162 211 223 204 120 280 207
0014 238 189 298 239 161 205 225 237
0015 081 219 113 239 000 000 000 000
0016 080 219 110 239 000 000 000 000
