0000 204 153 240 175 168 061 208 095
0001 207 149 242 175 164 052 203 091
0002 209 145 240 169 176 132 240 165
0003 203 140 238 171 165 128 222 167
0004 198 144 235 170 132 133 200 162
0005 199 141 236 168 159 158 189 178
0006 126 170 156 204 196 143 224 165
0007 092 177 117 210 188 154 213 172
0008 068 184 092 215 163 167 181 193
0009 056 180 077 213 142 175 164 211
0010 051 180 075 213 139 179 158 213
0011 052 180 077 210 132 175 157 213
0012 131 180 156 219 049 179 072 214
0013 125 181 151 223 035 173 064 218
0014 106 171 148 213 023 154 046 192
0015 092 145 136 182 020 107 061 142
0016 080 108 132 144 032 074 073 103
0017 086 078 128 121 036 046 087 077
0018 091 067 132 113 049 035 101 065
0019 054 032 106 059 091 063 131 110
0020 058 033 114 058 090 060 123 108
0021 088 057 122 106 060 035 114 061
0022 086 052 119 097 064 039 119 064
0023 057 038 115 064 088 056 113 097
0024 085 051 115 101 056 034 114 062
0025 059 038 118 063 083 056 114 103
0026 055 039 120 066 082 054 115 105
0027 055 040 120 066 082 055 115 106
0028 082 055 115 105 055 040 118 065
0029 055 039 120 065 082 056 114 106
0030 055 040 119 065 081 055 113 107
0031 056 041 117 065 081 055 114 108
0032 055 040 118 065 081 055 114 108
0033 056 041 116 065 081 056 114 107
0034 056 042 116 064 081 056 114 108
0035 056 040 118 066 081 056 114 107
0036 080 058 113 106 055 044 111 071
0037 076 067 117 118 059 053 106 083
0038 078 109 122 149 046 087 087 119
0039 048 147 074 190 088 165 131 205
0040 055 181 081 222 121 187 153 225
0041 060 182 082 211 143 188 165 224
0042 150 178 170 211 217 158 243 176
0043 150 171 168 202 061 163 081 188
0044 052 180 075 209 213 161 241 181
0045 046 186 070 222 217 157 243 176
0046 053 188 075 225 209 159 239 179
0047 075 178 102 214 154 158 177 196
0048 103 162 144 202 169 154 188 181
0049 173 139 207 163 137 149 177 180
0050 195 133 220 160 166 140 208 169
0051 196 139 237 164 140 127 181 156
0052 201 142 240 166 000 000 000 000
0053 212 141 248 170 000 000 000 000
0054 213 149 243 170 182 132 237 168
0055 212 148 243 170 000 000 000 000
0056 209 150 242 171 000 000 000 000
0057 210 150 242 173 000 000 000 000
0058 211 150 243 173 000 000 000 000
0059 212 152 243 173 188 134 241 169
0060 209 152 240 173 177 060 213 095
