0000 124 197 160 236 000 000 000 000
0001 118 200 158 237 000 000 000 000
0002 118 202 157 236 000 000 000 000
0003 121 202 155 238 000 000 000 000
0004 118 200 157 236 000 000 000 000
0005 118 199 157 236 087 165 115 196
0006 118 202 158 237 086 164 113 196
0007 118 199 158 236 084 166 112 195
0008 118 199 158 236 086 167 113 194
0009 118 202 157 237 085 164 110 195
0010 118 202 157 237 085 164 111 194
0011 117 200 156 236 085 165 113 195
0012 121 202 154 238 085 165 115 191
0013 122 204 154 238 083 164 113 190
0014 122 204 154 238 084 165 112 193
0015 121 204 154 237 085 166 112 193
0016 121 204 154 238 084 162 110 191
0017 121 204 154 238 084 162 109 190
0018 121 204 154 238 084 163 109 192
0019 119 201 156 236 000 000 000 000
0020 119 201 156 236 084 162 108 192
0021 121 203 154 238 081 163 110 193
0022 121 203 154 237 082 163 109 192
0023 121 203 154 238 082 163 109 192
0024 118 201 157 238 084 163 114 195
0025 119 201 156 237 085 166 113 194
0026 121 200 155 238 083 166 113 195
0027 121 201 155 238 000 000 000 000
0028 121 202 154 238 000 000 000 000
0029 121 202 154 238 000 000 000 000
0030 121 203 154 238 000 000 000 000
0031 121 202 154 238 000 000 000 000
0032 121 204 154 238 087 164 114 192
0033 121 204 154 238 084 165 112 196
0034 121 201 154 238 000 000 000 000
0035 123 186 162 237 000 000 000 000
0036 132 139 170 169 082 164 110 193
0037 125 104 168 145 000 000 000 000
0038 126 096 164 133 000 000 000 000
0039 129 100 161 132 000 000 000 000
0040 135 105 170 138 000 000 000 000
0041 129 104 165 138 084 164 109 194
0042 130 102 170 139 080 164 110 193
0043 130 104 168 140 080 162 110 191
0044 125 105 165 140 000 000 000 000
0045 127 109 165 141 083 161 114 194
0046 128 110 165 141 081 163 111 190
0047 125 110 165 141 000 000 000 000
0048 127 110 166 141 000 000 000 000
0049 122 114 165 145 000 000 000 000
0050 118 112 161 141 000 000 000 000
0051 119 113 161 143 000 000 000 000
0052 119 112 165 145 000 000 000 000
0053 120 111 165 143 000 000 000 000
0054 119 111 164 143 000 000 000 000
0055 115 113 160 140 000 000 000 000
0056 113 115 157 141 000 000 000 000
0057 111 115 163 144 000 000 000 000
0058 114 114 160 141 000 000 000 000
0059 116 116 160 143 000 000 000 000
0060 116 114 159 144 000 000 000 000
0061 117 116 158 143 000 000 000 000
0062 116 116 159 143 000 000 000 000
0063 118 115 162 145 000 000 000 000
0064 118 117 162 145 000 000 000 000
0065 118 115 161 140 000 000 000 000
0066 117 118 161 145 000 000 000 000
0067 117 117 160 145 000 000 000 000
0068 118 118 159 143 000 000 000 000
0069 116 118 160 143 000 000 000 000
0070 117 117 162 145 000 000 000 000
0071 114 117 162 146 000 000 000 000
0072 106 117 158 140 099 144 128 176
0073 095 112 151 133 083 148 118 181
0074 098 089 152 121 090 130 121 164
0075 096 111 126 147 110 076 151 101
0076 106 096 134 134 099 069 152 090
0077 098 063 154 087 106 090 135 129
0078 111 090 138 128 095 066 154 090
0079 098 066 152 087 108 090 137 130
0080 108 088 137 129 101 068 152 091
0081 106 070 151 092 109 090 136 128
0082 107 090 137 129 106 068 157 092
0083 105 069 157 093 108 090 137 128
0084 100 071 149 091 107 088 136 131
0085 100 068 152 089 108 088 137 127
0086 097 068 151 089 107 090 137 130
0087 103 068 155 090 107 092 136 129
0088 105 070 151 091 108 090 136 126
0089 108 074 153 094 111 091 134 126
0090 107 072 151 093 115 091 138 127
0091 101 075 149 093 106 089 138 130
0092 105 073 150 093 107 089 139 127
0093 099 071 152 094 108 090 134 123
0094 105 073 152 093 107 090 136 126
0095 105 072 151 094 108 091 136 126
0096 100 070 156 094 102 085 136 126
0097 104 074 152 094 105 086 136 120
0098 099 071 153 094 100 087 134 125
0099 101 071 156 094 104 087 137 122
0100 104 072 154 091 105 087 135 123
0101 105 073 154 092 105 088 134 124
0102 105 072 154 092 107 089 134 124
0103 101 071 157 096 097 086 133 122
0104 098 073 149 092 100 093 129 125
0105 106 073 161 099 102 099 137 138
0106 107 082 150 124 000 000 000 000
0107 104 133 160 173 087 130 121 167
0108 110 176 150 227 079 150 108 180
0109 114 193 154 238 078 156 106 185
0110 114 198 152 236 080 162 110 194
0111 120 202 152 238 083 168 114 201
0112 120 205 153 239 084 176 116 203
0113 120 205 154 239 086 175 115 206
0114 119 204 155 239 084 175 114 206
0115 119 204 155 239 083 176 113 209
0116 119 200 153 236 084 177 115 208
