0000 011 217 058 239 000 000 000 000
0001 010 217 058 239 000 000 000 000
0002 010 215 055 237 131 224 167 239
0003 010 212 056 238 129 223 162 239
0004 013 208 057 236 122 222 162 239
0005 020 199 066 237 097 204 154 239
0006 086 180 152 234 027 182 071 233
0007 081 156 148 207 033 174 073 232
0008 077 126 148 175 042 154 079 216
0009 074 108 148 152 048 140 083 209
0010 069 100 149 137 056 129 090 208
0011 070 093 146 131 063 123 093 199
0012 064 095 147 129 061 123 090 195
0013 059 096 139 132 062 121 090 194
0014 066 116 095 189 053 099 145 130
0015 059 099 141 133 066 116 095 189
0016 059 097 139 131 065 117 094 191
0017 059 096 139 132 066 117 094 190
0018 061 099 141 133 063 120 092 192
0019 062 096 141 132 065 122 095 191
0020 059 099 145 132 064 125 093 194
0021 062 127 094 196 057 099 145 135
0022 061 128 090 196 056 101 148 137
0023 062 129 095 196 059 100 146 137
0024 061 129 094 198 061 100 144 134
0025 061 130 094 198 058 100 145 137
0026 061 129 092 200 061 102 141 138
0027 061 130 093 199 061 101 141 138
0028 061 130 093 198 059 101 145 137
0029 061 130 093 199 058 101 145 138
0030 060 130 092 199 058 101 146 138
0031 059 128 094 198 054 102 145 137
0032 060 099 140 136 061 127 091 197
0033 058 097 142 136 061 125 090 197
0034 062 100 139 136 061 124 091 195
0035 061 126 091 198 060 100 142 136
0036 065 101 138 136 061 125 091 199
0037 060 101 141 137 061 126 091 199
0038 063 101 143 137 061 128 089 198
0039 064 100 141 136 059 130 089 199
0040 061 099 142 141 059 132 091 198
0041 054 140 086 203 053 113 143 148
0042 061 125 141 163 045 147 084 211
0043 060 148 143 190 000 000 000 000
0044 019 182 065 231 069 184 136 234
0045 008 202 056 237 112 221 156 239
0046 005 204 060 234 131 224 164 239
0047 011 210 059 237 000 000 000 000
0048 012 211 060 239 000 000 000 000
0049 012 211 061 239 000 000 000 000
0050 013 215 061 239 000 000 000 000
0051 012 215 060 239 000 000 000 000
0052 013 216 063 239 000 000 000 000
0053 012 216 063 239 000 000 000 000
