0000 124 200 160 236 000 000 000 000
0001 124 200 160 236 000 000 000 000
0002 124 200 160 236 000 000 000 000
0003 117 193 160 237 000 000 000 000
0004 113 171 160 221 083 146 116 179
0005 113 134 164 166 089 130 120 170
0006 107 093 161 124 093 115 128 151
0007 105 070 157 102 101 102 130 144
0008 098 068 153 095 105 100 131 137
0009 098 068 155 092 102 093 132 137
0010 096 069 147 092 102 094 136 135
0011 098 069 153 093 105 093 133 132
0012 097 070 148 095 109 095 134 124
0013 096 069 147 096 104 094 133 130
0014 097 074 147 096 105 093 133 131
0015 096 071 149 096 107 096 133 129
0016 096 073 150 098 103 096 131 132
0017 095 073 151 099 102 095 132 133
0018 101 094 136 134 097 075 147 096
0019 100 092 135 134 095 076 147 097
0020 100 093 134 134 100 075 147 094
0021 103 094 134 133 096 076 148 095
0022 099 077 150 098 099 089 133 133
0023 100 075 154 103 099 091 133 139
0024 100 074 150 104 102 097 132 136
0025 105 080 155 115 102 108 128 143
0026 106 121 157 159 000 000 000 000
0027 112 161 159 210 086 144 124 180
0028 114 182 157 234 082 150 115 182
0029 119 201 155 237 082 156 114 185
0030 121 201 157 237 000 000 000 000
0031 116 199 157 236 000 000 000 000
0032 117 200 157 237 000 000 000 000
0033 121 203 156 239 000 000 000 000
0034 122 203 156 239 000 000 000 000
0035 117 201 157 236 000 000 000 000
0036 117 202 158 237 000 000 000 000
0037 121 205 156 238 000 000 000 000
0038 120 199 156 236 000 000 000 000
0039 120 200 155 236 000 000 000 000
0040 120 200 155 236 000 000 000 000
