0000 100 204 122 236 177 195 195 225
0001 104 207 127 236 175 188 197 223
0002 117 189 143 216 179 163 203 196
0003 133 128 159 163 158 100 195 133
0004 146 085 177 105 137 102 161 140
0005 139 096 164 129 135 079 172 097
0006 144 094 165 133 137 081 172 099
0007 143 097 165 134 133 086 170 103
0008 142 099 163 136 132 087 172 105
0009 144 098 166 136 131 088 173 105
0010 142 098 166 135 133 088 172 104
0011 142 098 165 131 132 088 172 107
0012 141 095 166 134 133 088 171 104
0013 139 103 160 139 133 089 177 111
0014 155 096 196 133 134 123 157 155
0015 118 175 141 200 185 159 207 195
0016 108 195 130 229 185 188 204 222
0017 102 206 124 236 183 189 203 225
0018 180 192 200 227 096 210 122 239
0019 099 210 126 239 180 194 201 228
0020 100 206 122 235 180 197 197 225
0021 103 205 126 236 176 194 197 228
