0006 084 197 142 239 000 000 000 000
0007 075 122 152 184 058 185 101 236
0008 070 095 148 143 066 158 111 232
0009 080 075 173 124 078 111 118 199
0010 088 092 120 190 063 058 151 102
0011 090 081 121 179 062 049 155 097
0012 090 075 124 176 059 047 165 096
0013 088 069 123 176 059 046 162 094
0014 086 069 121 176 056 043 163 095
0015 087 072 122 179 055 048 164 091
0016 084 066 122 181 067 051 156 097
0017 085 072 122 179 061 050 157 092
0018 087 072 125 181 063 050 157 095
0019 085 072 123 182 055 051 158 094
0020 086 070 123 181 056 051 152 091
0021 085 070 122 183 062 050 156 098
0022 084 070 121 179 063 050 156 099
0023 084 071 120 182 057 051 158 096
0024 084 074 121 183 056 053 151 095
0025 084 073 124 183 056 053 156 095
0026 082 071 123 183 053 054 153 093
0027 084 077 123 184 049 054 159 100
0028 084 079 123 183 058 060 154 101
0029 084 094 119 193 061 060 147 107
0030 082 112 118 202 054 076 155 118
0031 071 132 111 222 049 099 133 148
0032 067 164 108 238 044 115 107 172
0033 063 182 101 239 040 129 111 193
0034 037 168 107 234 084 182 143 232
0035 034 190 105 239 089 208 139 238
0036 056 223 086 239 000 000 000 000
