0005 077 214 110 235 136 206 185 236
0006 089 206 120 237 126 221 156 239
0007 101 193 142 234 128 195 158 230
0008 099 176 138 210 131 173 163 207
0009 126 160 162 195 097 170 132 205
0010 128 138 168 173 112 140 144 178
0011 112 124 151 159 138 126 171 158
0012 116 115 162 148 000 000 000 000
0013 117 116 158 148 142 115 171 142
0014 117 119 149 156 143 123 169 146
0015 116 128 151 162 140 129 168 159
0016 134 144 169 178 116 146 149 181
0017 124 163 162 200 112 157 139 198
0018 113 200 164 235 000 000 000 000
0019 084 215 125 239 000 000 000 000
0024 133 223 167 239 000 000 000 000
