0000 081 173 103 209 000 000 000 000
0001 072 176 092 209 162 181 177 210
0002 054 171 077 206 181 175 198 203
0003 027 161 055 198 204 163 226 191
0004 002 146 031 176 225 137 255 167
0005 236 114 275 142 000 000 000 000
0006 241 095 290 122 000 000 000 000
0007 243 084 292 108 006 079 037 110
0008 245 080 297 105 000 000 000 000
0009 246 075 296 102 000 000 000 000
0010 255 077 289 107 019 067 065 106
0011 246 074 293 102 020 071 067 108
0012 244 075 288 100 025 072 085 111
0013 247 078 294 105 026 073 085 110
0014 246 078 292 105 024 071 089 107
0015 247 079 292 106 023 075 084 110
0016 246 080 293 108 022 075 074 113
0017 246 080 290 108 020 078 075 115
0018 246 081 297 111 019 079 071 114
0019 249 085 296 111 023 079 070 118
0020 247 090 293 118 021 085 069 124
0021 019 102 066 144 236 101 282 132
0022 030 135 065 174 233 130 270 164
0023 215 161 243 198 045 161 069 196
0024 202 176 224 207 054 170 079 208
0025 173 184 194 219 068 177 088 216
0026 077 182 097 216 159 183 181 213
0027 085 180 107 213 000 000 000 000
0028 086 178 107 211 149 182 170 211
0029 086 179 107 212 000 000 000 000
0030 146 178 169 211 086 179 107 211
0031 145 177 168 209 085 178 107 212
0032 084 178 105 211 144 178 167 213
0033 082 179 104 212 144 179 166 213
0034 081 178 104 212 143 177 166 209
0035 080 178 103 215 144 178 167 213
0036 074 182 096 213 144 177 166 210
0037 072 172 094 206 143 179 167 211
0038 070 157 095 186 146 176 168 206
0039 067 143 093 170 144 178 165 209
0040 068 133 093 158 145 177 166 211
0041 063 118 095 144 148 176 167 207
0042 065 115 094 143 146 174 168 210
0043 066 118 093 146 147 174 168 210
0044 067 120 092 146 146 170 169 211
0045 065 126 092 155 147 175 169 211
0046 064 136 092 165 147 174 169 210
0047 062 147 090 175 146 175 169 210
0048 061 147 090 176 148 175 171 214
0049 067 147 096 174 145 176 169 213
0050 064 143 098 171 146 177 170 215
0051 068 137 093 167 146 175 169 210
0052 070 136 098 165 145 177 169 213
0053 073 136 098 168 147 174 169 215
0054 068 133 095 166 148 174 169 207
0055 070 133 095 165 146 175 167 210
0056 071 129 098 168 148 173 169 206
0057 067 135 095 171 146 176 167 212
0058 065 132 094 170 147 176 167 212
0059 065 134 094 171 000 000 000 000
0060 067 136 096 172 148 175 169 208
0061 068 138 095 171 000 000 000 000
0062 069 138 094 170 148 176 168 207
0063 067 140 091 167 148 176 169 207
0064 066 137 093 170 148 174 169 207
0065 064 137 093 171 149 175 170 212
0066 066 137 094 171 148 175 168 207
0067 066 137 094 171 148 174 168 207
0068 066 137 094 171 148 173 168 207
0069 066 137 094 172 148 175 168 208
0070 065 136 093 172 148 173 169 207
0071 066 137 094 173 148 174 169 206
0072 064 137 093 173 149 178 171 214
0073 067 141 092 171 148 176 168 207
0074 065 140 094 171 148 176 168 207
0075 068 141 095 171 000 000 000 000
0076 068 141 095 171 000 000 000 000
0077 068 141 094 172 000 000 000 000
0078 069 144 095 172 148 178 170 213
0079 068 142 095 172 146 176 168 211
0080 064 144 093 172 146 175 167 210
0081 068 142 094 174 148 176 169 208
0082 066 144 096 172 148 178 169 208
