0000 107 208 127 237 179 194 201 229
0001 105 211 130 239 179 194 200 229
0002 105 210 129 238 181 195 201 227
0003 098 207 123 235 191 189 209 215
0004 090 194 112 226 207 165 231 191
0005 080 148 108 175 219 116 248 145
0006 216 090 243 125 078 109 107 146
0007 224 108 261 141 067 131 105 163
0008 065 144 101 169 226 126 265 146
0009 220 097 260 129 067 120 103 156
0010 065 123 104 157 226 095 258 128
0011 066 143 106 170 229 126 269 147
0012 228 100 263 132 065 122 102 156
0013 226 093 260 133 064 115 102 152
0014 065 137 107 167 230 126 271 151
0015 228 104 266 136 074 124 110 156
0016 225 093 258 130 072 111 106 145
0017 231 112 264 141 078 131 106 160
0018 225 125 265 154 080 144 108 171
0019 211 158 240 179 092 172 113 198
0020 197 183 219 214 102 192 126 226
0021 108 207 131 237 187 193 206 226
0022 106 207 133 237 179 194 199 227
0023 102 211 129 239 183 196 204 229
