0000 104 187 127 222 188 190 211 223
0001 104 187 127 222 186 189 209 223
0002 104 187 128 222 187 191 210 224
0003 108 189 129 220 186 191 210 224
0004 186 191 210 224 105 185 131 221
0005 105 185 133 221 186 191 210 224
0006 106 183 132 214 185 190 209 223
0007 107 174 134 205 185 187 210 219
0008 183 171 209 204 105 127 128 178
0009 177 144 213 178 105 110 132 157
0010 170 097 209 127 096 081 133 133
0011 111 060 142 088 166 068 198 094
0012 117 047 144 077 158 055 199 084
0013 123 039 150 066 157 043 193 068
0014 148 035 187 060 124 041 151 064
0015 126 037 152 060 148 028 177 051
0016 130 036 157 057 148 029 179 050
0017 128 037 153 060 144 030 179 051
0018 140 029 174 055 103 041 149 078
0019 143 031 176 052 105 042 151 079
0020 141 027 173 055 104 043 149 079
0021 104 044 149 079 142 028 175 054
0022 104 043 148 080 137 030 174 054
0023 143 029 175 051 103 042 149 080
0024 130 038 158 060 141 029 174 053
0025 130 038 156 060 141 027 174 052
0026 131 040 154 061 145 029 172 053
0027 131 041 154 061 144 029 171 053
0028 128 037 151 061 145 029 171 053
0029 100 040 146 083 137 029 173 053
0030 101 041 147 083 140 029 175 051
0031 101 041 147 082 138 028 173 057
0032 105 045 144 081 135 029 172 052
0033 127 037 152 060 135 029 172 053
0034 136 029 172 052 128 037 154 061
0035 137 028 173 052 127 037 153 061
0036 129 041 155 061 138 028 175 051
0037 128 040 153 061 145 028 173 054
0038 130 035 155 061 143 028 177 051
0039 124 046 156 073 159 037 186 063
0040 118 066 147 094 159 053 196 085
0041 176 087 224 124 093 098 136 133
0042 095 110 133 154 093 144 120 172
0043 095 167 114 194 202 158 220 192
0044 095 181 116 204 202 176 219 209
0045 099 187 121 220 200 194 217 223
0046 101 194 124 222 199 195 216 227
0047 195 193 212 223 104 189 122 218
0048 191 193 209 223 106 188 126 222
0049 190 194 209 226 106 187 126 222
0050 190 193 209 224 106 187 125 218
0051 188 192 209 225 105 189 125 221
0052 188 193 209 225 106 186 126 222
