0000 169 181 193 218 082 186 103 218
0001 080 186 105 221 175 179 199 215
0002 079 180 100 209 188 175 210 211
0003 076 169 099 193 190 166 211 201
0004 069 103 122 137 167 124 196 155
0005 132 073 177 104 097 061 130 091
0006 098 040 131 068 126 032 165 067
0007 117 027 159 060 102 029 134 061
0008 118 027 158 058 102 031 134 063
0009 116 025 157 055 099 029 133 058
0010 122 025 157 055 101 028 129 056
0011 102 025 133 053 123 023 158 052
0012 102 026 132 056 121 021 156 053
0013 103 028 132 058 127 023 157 049
0014 126 024 165 049 107 028 137 057
0015 128 023 165 054 105 028 139 057
0016 111 025 139 053 130 022 164 053
0017 112 026 144 054 133 021 166 053
0018 110 028 141 055 135 022 167 054
0019 110 029 141 055 134 022 168 051
0020 111 028 142 056 135 022 163 051
0021 112 025 142 050 130 022 163 051
0022 111 027 140 052 133 023 162 050
0023 108 027 141 053 128 024 157 045
0024 109 028 139 054 132 023 158 048
0025 108 028 138 055 131 023 161 046
0026 107 028 137 056 130 023 157 049
0027 127 021 162 053 108 029 137 056
0028 120 025 157 053 104 028 131 057
0029 100 027 128 056 122 028 160 053
0030 094 038 136 069 120 035 162 062
0031 093 076 123 103 163 081 211 108
0032 145 124 184 161 085 115 125 148
0033 167 176 188 212 093 171 116 199
0034 087 185 113 218 172 182 195 215
