0006 164 216 204 239 093 213 112 235
0007 152 182 189 221 084 187 107 214
0008 092 125 120 159 140 124 184 153
0009 109 094 133 125 139 101 168 128
0010 121 073 155 108 136 086 173 119
0011 122 072 155 104 139 072 182 107
0012 133 063 173 101 150 091 178 125
0013 133 058 161 092 148 061 177 094
0014 141 060 177 094 000 000 000 000
0015 141 060 177 093 000 000 000 000
0016 140 060 176 093 000 000 000 000
0017 142 060 171 093 000 000 000 000
0018 138 061 162 089 148 059 181 095
0019 138 061 162 088 151 062 181 094
0020 142 060 174 093 000 000 000 000
0021 139 062 176 095 000 000 000 000
0022 133 064 171 095 151 071 183 104
0023 124 072 150 102 143 080 180 110
0024 117 092 145 127 156 095 190 129
0025 157 134 197 173 103 139 129 168
0026 166 190 197 229 098 178 118 209
0027 174 213 208 239 098 203 118 228
0028 095 215 122 239 000 000 000 000
