0004 149 224 182 239 000 000 000 000
0005 140 210 189 239 000 000 000 000
0006 139 192 200 239 000 000 000 000
0007 140 168 208 233 000 000 000 000
0008 150 130 215 184 000 000 000 000
0009 154 114 221 165 000 000 000 000
0010 158 093 221 141 000 000 000 000
0011 157 079 224 121 000 000 000 000
0012 156 066 224 107 000 000 000 000
0013 159 062 221 100 000 000 000 000
0014 157 055 221 093 000 000 000 000
0015 158 050 222 089 000 000 000 000
0016 157 049 221 089 000 000 000 000
0017 158 050 220 089 000 000 000 000
0018 158 050 220 091 000 000 000 000
0019 159 052 220 091 000 000 000 000
0020 156 053 222 094 000 000 000 000
0021 155 054 223 093 000 000 000 000
0022 156 054 222 094 000 000 000 000
0023 157 054 221 094 000 000 000 000
0024 156 054 225 092 000 000 000 000
0025 158 056 221 096 000 000 000 000
0026 160 063 222 106 000 000 000 000
0027 161 077 222 121 000 000 000 000
0028 161 089 221 134 000 000 000 000
0029 161 096 219 143 000 000 000 000
0030 160 108 214 156 000 000 000 000
0031 154 120 207 165 000 000 000 000
0032 143 144 202 190 000 000 000 000
0033 141 158 193 210 000 000 000 000
0034 130 191 185 239 000 000 000 000
0035 121 213 181 239 000 000 000 000
