0001 142 202 203 239 000 000 000 000
0002 149 189 205 239 000 000 000 000
0003 160 154 222 208 000 000 000 000
0004 170 107 230 154 000 000 000 000
0005 172 080 236 120 000 000 000 000
0006 172 065 230 101 000 000 000 000
0007 173 055 229 091 000 000 000 000
0008 168 047 227 087 000 000 000 000
0009 167 039 224 076 000 000 000 000
0010 164 036 227 077 000 000 000 000
0011 161 036 226 074 000 000 000 000
0012 160 039 225 077 000 000 000 000
0013 156 039 222 077 000 000 000 000
0014 157 035 223 074 000 000 000 000
0015 157 037 224 076 000 000 000 000
0016 157 036 223 073 000 000 000 000
0017 158 036 222 075 000 000 000 000
0018 158 036 220 073 000 000 000 000
0019 159 037 221 076 000 000 000 000
0020 158 036 221 076 000 000 000 000
0021 158 035 220 074 000 000 000 000
0022 160 037 220 071 000 000 000 000
0023 161 034 219 076 000 000 000 000
0024 162 040 220 086 000 000 000 000
0025 167 064 218 117 000 000 000 000
0026 163 069 214 120 000 000 000 000
0027 162 111 202 167 000 000 000 000
0028 151 151 196 209 000 000 000 000
0029 136 195 182 239 000 000 000 000
