0008 171 207 207 233 000 000 000 000
0009 184 179 236 229 000 000 000 000
0010 189 151 245 194 000 000 000 000
0011 197 123 253 169 000 000 000 000
0012 202 110 257 162 000 000 000 000
0013 205 099 266 152 000 000 000 000
0014 206 091 262 140 000 000 000 000
0015 205 087 263 142 000 000 000 000
0016 206 087 263 135 000 000 000 000
0017 205 084 264 137 000 000 000 000
0018 206 083 263 136 000 000 000 000
0019 205 083 263 133 000 000 000 000
0020 205 083 264 132 000 000 000 000
0021 205 082 263 137 000 000 000 000
0022 205 083 264 132 000 000 000 000
0023 205 083 264 132 000 000 000 000
0024 205 086 265 133 000 000 000 000
0025 202 091 255 138 000 000 000 000
0026 203 096 252 144 000 000 000 000
0027 197 112 240 154 000 000 000 000
0028 188 134 232 188 000 000 000 000
0029 183 172 223 224 000 000 000 000
0030 175 200 212 237 000 000 000 000
