0000 077 202 106 232 131 212 161 236
0001 077 202 106 233 131 212 161 236
0002 077 202 106 232 131 212 161 236
0003 077 202 107 232 131 211 161 235
0004 134 210 165 239 076 202 106 232
0005 136 201 169 236 077 202 106 232
0006 146 177 180 215 078 203 106 232
0007 158 148 190 180 078 202 106 231
0008 076 202 104 234 164 116 198 149
0009 163 094 198 127 078 203 109 233
0010 162 073 201 107 076 203 104 234
0011 076 203 103 234 169 060 200 086
0012 170 052 204 080 077 202 106 233
0013 169 047 203 073 077 202 106 233
0014 168 038 202 067 077 202 106 233
0015 165 034 202 064 077 203 106 234
0016 164 032 203 062 076 204 108 234
0017 163 031 203 062 076 202 108 233
0018 165 035 202 058 077 203 107 233
0019 166 035 200 058 076 202 107 233
0020 161 031 200 059 074 202 104 234
0021 160 031 198 059 077 202 106 232
0022 163 034 201 063 076 202 108 233
0023 162 033 201 063 077 202 106 232
0024 162 033 199 060 074 202 104 234
0025 163 034 199 060 077 202 106 232
0026 165 035 201 062 077 202 106 232
0027 163 036 201 062 074 202 104 234
0028 074 202 104 233 165 035 201 063
0029 164 037 201 064 076 203 107 234
0030 164 042 203 073 074 202 104 234
0031 166 053 199 082 076 204 107 234
0032 074 203 104 234 168 070 197 100
0033 076 203 106 232 161 085 190 115
0034 077 204 107 235 150 108 177 143
0035 139 159 172 191 076 204 107 235
0036 135 189 168 221 075 203 106 233
0037 130 203 163 232 075 203 106 233
0038 129 210 162 239 076 204 107 235
0039 129 212 162 238 076 204 108 235
0040 130 214 161 239 076 204 106 234
0041 130 214 161 239 075 203 104 235
