0005 190 222 220 238 000 000 000 000
0006 174 207 217 239 000 000 000 000
0007 169 194 218 239 000 000 000 000
0008 168 174 210 229 000 000 000 000
0009 159 161 209 215 000 000 000 000
0010 156 148 211 200 000 000 000 000
0011 151 138 208 190 000 000 000 000
0012 148 132 207 184 000 000 000 000
0013 144 130 206 180 000 000 000 000
0014 143 124 201 176 000 000 000 000
0015 142 121 203 171 000 000 000 000
0016 141 117 201 165 000 000 000 000
0017 140 112 199 164 000 000 000 000
0018 141 111 198 162 000 000 000 000
0019 139 108 198 156 000 000 000 000
0020 139 109 197 156 000 000 000 000
0021 138 110 198 157 000 000 000 000
0022 138 110 198 158 000 000 000 000
0023 138 110 197 158 000 000 000 000
0024 138 109 198 157 000 000 000 000
0025 137 112 197 159 000 000 000 000
0026 136 112 197 159 000 000 000 000
0027 135 108 193 160 000 000 000 000
0028 136 112 197 160 000 000 000 000
0029 137 113 196 161 000 000 000 000
0030 136 112 191 162 000 000 000 000
0031 136 112 191 162 000 000 000 000
0032 138 112 197 160 000 000 000 000
0033 138 112 197 160 000 000 000 000
0034 137 113 196 162 000 000 000 000
0035 138 114 195 163 000 000 000 000
0036 136 113 197 163 000 000 000 000
0037 137 114 194 164 000 000 000 000
0038 136 115 194 164 000 000 000 000
0039 136 116 194 165 000 000 000 000
0040 135 116 197 166 000 000 000 000
0041 136 116 194 168 000 000 000 000
0042 137 120 192 168 000 000 000 000
0043 136 117 197 164 000 000 000 000
0044 136 117 197 164 000 000 000 000
0045 137 117 195 164 000 000 000 000
0046 137 117 197 164 000 000 000 000
0047 135 117 195 170 000 000 000 000
0048 136 117 194 170 000 000 000 000
0049 141 113 192 167 000 000 000 000
0050 137 117 194 165 000 000 000 000
0051 137 117 194 165 000 000 000 000
0052 137 116 197 165 000 000 000 000
0053 138 116 196 170 000 000 000 000
0054 138 117 195 170 000 000 000 000
0055 138 118 195 170 000 000 000 000
0056 136 119 196 171 000 000 000 000
0057 136 118 196 171 000 000 000 000
0058 137 118 196 172 000 000 000 000
0059 137 119 195 172 000 000 000 000
0060 137 119 195 172 000 000 000 000
0061 139 120 194 173 000 000 000 000
0062 137 118 194 173 000 000 000 000
0063 137 118 195 173 000 000 000 000
0064 136 118 195 170 000 000 000 000
0065 136 122 195 176 000 000 000 000
0066 137 118 195 171 000 000 000 000
0067 137 119 196 171 000 000 000 000
0068 137 119 196 171 000 000 000 000
0069 137 118 196 171 000 000 000 000
0070 138 122 197 172 000 000 000 000
0071 136 128 199 181 000 000 000 000
0072 144 151 200 212 000 000 000 000
0073 153 185 208 239 000 000 000 000
0074 179 201 224 238 000 000 000 000
