0002 130 221 173 239 000 000 000 000
0003 113 182 174 236 000 000 000 000
0004 119 138 181 191 000 000 000 000
0005 122 108 190 161 000 000 000 000
0006 126 075 194 123 000 000 000 000
0007 122 055 195 094 000 000 000 000
0008 120 041 195 079 000 000 000 000
0009 120 030 190 069 000 000 000 000
0010 119 030 189 067 000 000 000 000
0011 116 024 189 063 000 000 000 000
0012 114 023 188 063 000 000 000 000
0013 116 024 188 067 000 000 000 000
0014 119 029 191 066 000 000 000 000
0015 114 025 189 063 000 000 000 000
0016 116 029 184 066 000 000 000 000
0017 116 029 183 066 000 000 000 000
0018 116 029 183 066 000 000 000 000
0019 116 026 185 067 000 000 000 000
0020 122 027 178 069 000 000 000 000
0021 131 030 178 080 000 000 000 000
0022 131 049 175 102 000 000 000 000
0023 127 076 170 128 000 000 000 000
0024 121 105 166 160 000 000 000 000
0025 124 151 165 215 000 000 000 000
0026 123 177 160 232 000 000 000 000
0027 107 218 159 239 000 000 000 000
