0008 190 207 228 239 000 000 000 000
0009 207 171 246 209 000 000 000 000
0010 206 129 243 168 000 000 000 000
0011 197 096 238 131 000 000 000 000
0012 187 076 224 105 000 000 000 000
0013 173 064 219 094 000 000 000 000
0014 168 063 216 093 000 000 000 000
0015 166 059 214 087 000 000 000 000
0016 166 059 214 088 000 000 000 000
0017 171 059 217 087 000 000 000 000
0018 166 061 216 091 000 000 000 000
0019 166 058 212 087 000 000 000 000
0020 166 057 218 087 000 000 000 000
0021 170 060 215 091 000 000 000 000
0022 170 059 216 092 000 000 000 000
0023 169 059 217 093 000 000 000 000
0024 169 060 219 095 000 000 000 000
0025 174 069 219 102 000 000 000 000
0026 180 084 218 117 000 000 000 000
0027 188 113 226 157 000 000 000 000
0028 192 156 222 198 000 000 000 000
0029 184 208 216 239 000 000 000 000
