0000 079 202 122 238 150 213 192 239
0001 079 202 122 237 151 216 192 239
0002 080 202 122 237 151 216 192 239
0003 079 202 122 238 152 213 192 239
0004 084 201 119 239 152 213 191 239
0005 079 202 122 238 151 213 191 239
0006 079 203 122 238 152 216 192 239
0007 080 203 121 238 151 215 191 239
0008 080 203 121 237 151 214 191 239
0009 080 203 121 238 150 213 191 239
0010 080 202 121 238 150 211 191 236
0011 080 203 121 237 147 207 194 236
0012 079 202 122 237 149 201 197 238
0013 146 193 195 239 078 202 122 237
0014 144 179 195 235 079 203 121 237
0015 140 154 197 208 079 202 122 237
0016 135 124 196 170 078 201 122 237
0017 078 201 122 237 131 102 196 143
0018 126 092 195 132 078 201 122 237
0019 123 081 193 118 078 201 122 237
0020 078 201 122 238 124 076 197 115
0021 121 070 191 109 078 201 122 238
0022 122 070 189 110 078 200 123 238
0023 077 200 122 238 125 070 191 114
0024 121 073 190 116 079 202 121 237
0025 122 073 188 116 079 201 122 238
0026 122 073 189 116 079 201 121 237
0027 121 073 189 116 079 202 121 237
0028 124 071 189 117 078 201 122 238
0029 120 072 188 116 079 202 122 237
0030 121 073 188 117 079 202 121 237
0031 122 073 184 116 079 202 121 237
0032 123 073 184 116 079 202 121 237
0033 121 074 189 116 079 202 121 237
0034 120 073 188 116 079 202 122 237
0035 120 073 188 117 079 201 122 237
0036 121 074 188 118 079 203 121 237
0037 125 073 188 118 078 201 122 238
0038 078 202 121 237 121 076 186 118
0039 079 202 121 238 122 081 187 124
0040 122 101 185 142 079 202 121 237
0041 124 135 186 180 078 201 121 238
0042 130 156 184 205 080 203 120 237
0043 079 203 120 237 132 186 180 239
0044 079 202 121 238 142 208 188 238
0045 079 203 122 238 149 211 191 238
0046 079 201 123 238 148 211 190 238
0047 079 202 122 238 148 213 189 237
0048 079 201 123 238 146 212 188 239
0049 079 201 122 237 146 211 190 239
0050 079 201 123 238 148 213 189 238
0051 079 200 122 238 148 212 189 238
