0000 076 207 113 238 144 208 187 238
0001 144 208 187 238 075 207 113 237
0002 144 206 188 238 076 207 114 238
0003 138 198 189 238 075 207 114 237
0004 134 178 184 228 074 207 112 236
0005 133 159 187 202 076 208 111 237
0006 131 139 186 181 075 207 113 237
0007 078 207 111 235 132 122 185 169
0008 133 108 183 157 074 206 113 237
0009 140 096 178 143 078 208 111 235
0010 141 086 178 138 077 207 113 239
0011 137 079 181 134 077 207 112 239
0012 131 083 179 132 075 205 113 237
0013 127 087 175 138 074 205 113 238
0014 128 090 174 141 078 205 111 235
0015 132 087 177 139 075 205 113 238
0016 078 208 111 235 129 085 174 134
0017 131 083 178 133 078 208 111 235
0018 130 084 178 134 078 208 111 234
0019 133 082 176 138 076 207 112 238
0020 126 083 177 134 076 207 113 237
0021 126 083 177 134 076 208 113 237
0022 132 082 177 136 079 208 112 235
0023 127 081 174 135 079 208 112 235
0024 130 083 174 136 076 207 113 237
0025 128 085 175 139 076 207 113 237
0026 133 087 174 139 076 207 113 237
0027 129 091 173 141 076 207 113 237
0028 132 088 173 138 076 205 112 236
0029 132 087 173 139 076 206 112 236
0030 126 092 175 139 075 206 112 236
0031 125 093 175 140 075 205 112 236
0032 124 093 176 145 075 206 112 236
0033 123 093 175 143 075 206 112 236
0034 122 093 174 144 075 206 112 236
0035 126 095 173 145 075 206 112 236
0036 126 095 172 146 075 206 113 236
0037 123 096 174 146 075 206 112 236
0038 123 096 173 147 075 206 112 236
0039 124 097 173 147 075 206 112 236
0040 122 099 171 146 076 205 113 237
0041 127 097 171 152 076 206 112 236
0042 121 100 171 152 076 206 111 236
0043 121 103 170 150 075 206 112 236
0044 122 119 171 167 076 206 112 236
0045 076 206 112 236 126 147 175 191
0046 126 179 173 230 073 207 112 236
0047 132 200 182 237 074 206 112 236
0048 075 206 112 236 143 210 183 237
0049 075 207 112 236 149 205 187 238
0050 075 207 112 236 145 209 187 239
0051 076 208 112 236 146 209 188 239
0052 075 207 113 236 144 210 185 239
0053 076 207 113 237 143 213 182 237
0054 075 207 113 237 143 214 182 237
0055 076 208 113 236 145 210 187 239
0056 075 208 112 236 143 213 182 237
