0007 167 222 210 239 000 000 000 000
0008 148 208 204 239 000 000 000 000
0009 145 188 206 239 000 000 000 000
0010 144 174 201 230 000 000 000 000
0011 138 156 200 209 000 000 000 000
0012 133 141 196 190 000 000 000 000
0013 132 131 194 177 000 000 000 000
0014 131 122 195 172 000 000 000 000
0015 131 120 195 168 000 000 000 000
0016 132 119 192 169 000 000 000 000
0017 133 120 194 168 000 000 000 000
0018 133 119 194 168 000 000 000 000
0019 135 120 196 169 000 000 000 000
0020 135 120 195 169 000 000 000 000
0021 132 119 192 165 000 000 000 000
0022 133 119 192 168 000 000 000 000
0023 131 120 191 168 000 000 000 000
0024 130 120 191 169 000 000 000 000
0025 133 120 191 169 000 000 000 000
0026 130 120 190 169 000 000 000 000
0027 133 120 190 169 000 000 000 000
0028 133 124 193 173 000 000 000 000
0029 134 127 193 178 000 000 000 000
0030 137 145 195 196 000 000 000 000
0031 142 167 202 225 000 000 000 000
0032 149 196 205 239 000 000 000 000
0033 166 222 206 239 000 000 000 000
