0006 189 203 226 238 000 000 000 000
0007 195 169 230 192 000 000 000 000
0008 185 129 232 163 215 154 235 192
0009 180 105 233 138 215 128 236 182
0010 174 097 227 130 207 109 236 166
0011 171 091 228 125 209 112 238 164
0012 164 090 220 122 210 109 238 160
0013 163 090 219 121 210 111 237 160
0014 165 094 220 125 208 104 238 161
0015 165 090 219 123 210 109 238 162
0016 165 094 219 124 209 109 234 160
0017 169 094 226 124 208 105 239 163
0018 168 097 226 128 210 116 235 167
0019 170 110 222 142 201 127 231 172
0020 174 138 223 177 000 000 000 000
0021 174 172 221 216 000 000 000 000
