0000 112 165 129 188 162 170 178 188
0001 112 166 128 188 163 167 179 190
0002 110 168 127 186 161 168 178 191
0003 112 166 128 188 164 163 180 184
0004 112 165 128 187 168 154 187 176
0005 112 163 128 186 189 123 205 144
0006 110 163 127 186 197 108 219 130
0007 220 084 245 106 109 166 125 185
0008 228 088 260 109 107 161 123 185
0009 228 086 261 108 091 163 114 183
0010 229 090 263 111 067 146 090 168
0011 230 091 261 111 046 117 073 141
0012 046 066 072 095 230 090 262 112
0013 228 091 261 112 076 035 097 057
0014 227 090 260 112 095 024 120 050
0015 226 088 258 112 111 033 138 054
0016 228 089 258 112 100 042 129 061
0017 228 090 258 113 084 052 110 075
0018 230 093 261 116 063 065 087 088
0019 230 092 263 114 048 070 075 094
0020 046 060 072 088 232 093 264 115
0021 231 093 263 114 054 042 077 070
0022 230 090 261 113 076 021 101 045
0023 226 086 257 108 113 023 139 047
0024 226 087 255 110 118 031 145 050
0025 226 086 257 109 115 035 138 053
0026 099 037 123 059 226 088 255 113
0027 228 091 256 114 083 042 106 069
0028 228 091 257 113 067 052 089 080
0029 229 093 257 114 057 060 079 091
0030 227 095 258 117 048 082 073 106
0031 049 110 072 130 226 103 254 123
0032 216 129 243 149 069 143 091 164
0033 089 157 108 178 191 145 208 171
0034 105 160 121 183 170 159 187 178
0035 163 166 179 192 112 162 128 185
0036 161 165 177 188 109 163 130 187
