0000 117 199 137 231 182 198 200 231
0001 119 198 139 230 182 199 202 234
0002 117 197 136 227 184 200 201 229
0003 196 199 213 230 116 196 135 227
0004 208 195 225 228 118 196 138 227
0005 114 194 137 229 221 175 251 208
0006 234 156 272 186 111 194 134 226
0007 109 190 132 225 252 127 294 157
0008 108 191 130 223 261 119 293 147
0009 105 195 128 225 257 117 292 139
0010 106 191 128 223 230 116 295 143
0011 100 194 135 234 258 120 307 155
0012 104 191 127 223 000 000 000 000
0013 103 190 125 219 254 123 300 150
0014 099 188 123 219 234 122 299 146
0015 094 188 116 210 231 123 296 147
0016 085 179 108 202 234 123 295 148
0017 073 168 099 188 236 121 300 147
0018 053 145 093 169 242 124 298 148
0019 053 122 082 147 234 121 299 146
0020 053 103 082 132 235 121 301 147
0021 061 086 087 119 234 122 301 146
0022 064 074 086 104 234 122 301 147
0023 063 068 089 103 261 123 296 147
0024 063 069 089 102 237 120 299 148
0025 062 071 085 101 239 118 302 146
0026 063 068 088 101 265 122 298 145
0027 065 062 088 094 265 121 299 144
0028 068 059 092 093 258 125 303 149
0029 074 049 099 085 263 120 294 143
0030 080 042 106 077 260 119 306 145
0031 093 037 118 074 262 119 295 144
0032 103 032 124 069 264 120 295 144
0033 110 032 132 068 255 118 299 143
0034 115 032 140 069 260 118 303 145
0035 120 036 145 069 261 124 295 148
0036 125 035 147 070 255 118 294 146
0037 124 035 147 071 259 119 299 145
0038 125 035 147 068 260 120 301 148
0039 123 035 146 069 267 119 300 146
0040 123 034 145 067 260 119 301 148
0041 122 036 146 068 262 119 302 148
0042 121 038 141 069 259 119 299 143
0043 119 035 140 070 265 119 297 144
0044 116 048 138 080 266 123 298 149
0045 112 067 132 102 256 123 304 155
0046 106 094 130 133 257 121 296 162
0047 107 143 126 174 250 161 278 186
0048 105 171 124 200 236 168 263 208
0049 107 192 126 217 226 185 248 222
0050 214 200 231 230 111 199 133 228
0051 115 196 135 228 196 200 213 233
0052 119 197 141 229 186 201 202 234
0053 119 198 138 228 000 000 000 000
0054 119 196 141 224 185 197 203 232
0055 119 199 139 229 185 196 204 232
0056 122 202 141 229 185 195 203 231
0057 119 200 141 229 000 000 000 000
0058 122 200 143 224 000 000 000 000
0059 122 199 143 224 000 000 000 000
0060 118 201 139 229 000 000 000 000
