0000 099 195 119 226 178 194 198 230
0001 098 195 118 226 179 194 199 231
0002 180 196 199 230 099 196 117 226
0003 100 200 121 224 173 193 194 231
0004 103 193 123 224 169 191 190 228
0005 102 192 122 218 169 186 189 221
0006 167 174 191 209 099 188 121 218
0007 086 178 108 209 176 161 202 185
0008 065 163 090 192 189 130 216 157
0009 040 138 067 164 213 107 242 141
0010 237 093 267 124 023 122 049 147
0011 268 082 309 110 003 109 033 133
0012 274 090 313 118 004 113 027 134
0013 002 112 029 138 272 094 312 121
0014 004 112 027 135 270 097 309 123
0015 274 099 313 126 004 093 027 119
0016 272 098 312 126 008 069 037 097
0017 272 092 312 118 032 050 058 077
0018 270 091 310 118 041 043 068 071
0019 269 091 310 118 041 047 067 076
0020 271 090 312 118 021 056 051 082
0021 270 092 312 118 008 074 032 098
0022 270 093 311 119 003 084 028 106
0023 270 090 311 117 004 090 027 111
0024 263 092 306 120 005 099 031 122
0025 251 108 279 141 016 124 042 151
0026 031 145 056 174 227 131 250 169
0027 186 169 210 211 067 182 093 210
0028 183 194 210 232 089 194 112 223
0029 178 196 207 233 102 198 120 227
0030 180 197 200 231 102 200 121 228
0031 097 202 118 230 182 194 205 230
