0000 204 145 246 194 000 000 000 000
0001 206 146 245 191 000 000 000 000
0002 204 145 242 190 000 000 000 000
0003 206 145 245 191 000 000 000 000
0004 205 144 245 190 000 000 000 000
0005 208 146 241 186 000 000 000 000
0006 207 146 241 187 127 223 160 239
0007 125 194 176 235 211 149 242 192
0008 114 156 168 192 207 146 240 188
0009 113 098 169 149 206 144 246 191
0010 111 069 167 125 209 145 242 191
0011 109 057 169 107 209 146 243 192
0012 109 057 175 102 209 146 243 194
0013 108 061 174 101 209 145 243 193
0014 108 064 172 100 210 145 242 192
0015 107 064 170 102 208 146 241 189
0016 107 059 174 098 213 145 241 184
0017 105 061 172 103 211 146 241 191
0018 104 059 175 102 210 146 242 191
0019 104 059 176 102 209 146 241 191
0020 106 059 170 102 209 147 241 191
0021 105 065 166 106 209 145 241 191
0022 208 146 237 188 098 109 160 151
0023 206 146 243 195 122 175 175 219
0024 205 149 238 195 122 207 165 239
0025 206 151 243 197 000 000 000 000
