0001 153 219 185 238 000 000 000 000
0002 154 217 183 237 000 000 000 000
0003 152 221 184 239 000 000 000 000
0004 154 219 183 237 000 000 000 000
0005 156 222 186 239 000 000 000 000
0006 162 215 202 239 000 000 000 000
0007 173 206 213 238 000 000 000 000
0008 194 187 232 228 000 000 000 000
0009 195 164 245 206 000 000 000 000
0010 201 145 253 185 000 000 000 000
0011 199 126 254 165 000 000 000 000
0012 197 121 252 161 000 000 000 000
0013 198 113 252 152 000 000 000 000
0014 197 114 249 152 000 000 000 000
0015 193 115 251 152 000 000 000 000
0016 196 114 247 154 000 000 000 000
0017 195 114 247 153 000 000 000 000
0018 195 115 248 157 000 000 000 000
0019 194 113 246 154 000 000 000 000
0020 195 113 247 153 000 000 000 000
0021 194 112 247 152 000 000 000 000
0022 194 113 246 152 000 000 000 000
0023 187 115 245 153 000 000 000 000
0024 193 119 246 159 000 000 000 000
0025 191 126 247 169 000 000 000 000
0026 189 136 243 178 000 000 000 000
0027 184 149 234 191 000 000 000 000
0028 176 162 226 207 000 000 000 000
0029 164 183 207 233 000 000 000 000
0030 155 206 195 239 000 000 000 000
0031 146 220 185 237 000 000 000 000
0032 149 221 180 238 000 000 000 000
0033 149 222 182 239 000 000 000 000
