0000 192 146 225 187 000 000 000 000
0001 191 146 226 186 000 000 000 000
0002 194 148 227 183 000 000 000 000
0003 192 144 231 184 000 000 000 000
0004 195 147 233 187 119 217 176 239
0005 113 176 162 213 194 146 233 189
0006 112 139 173 179 202 147 238 193
0007 117 099 172 149 199 153 234 193
0008 115 088 180 138 202 148 234 191
0009 116 081 181 129 201 147 237 192
0010 119 085 182 128 202 149 234 190
0011 115 083 179 131 200 148 233 187
0012 111 084 178 133 199 147 234 190
0013 112 083 178 129 200 147 232 189
0014 111 082 177 128 200 149 232 190
0015 110 082 178 129 199 146 233 188
0016 110 083 183 129 199 146 232 188
0017 111 082 177 127 199 146 233 188
0018 111 083 182 129 199 145 232 188
0019 117 085 185 133 199 146 234 188
0020 123 097 187 150 200 148 233 187
0021 123 159 185 203 198 147 232 188
0022 135 200 177 238 200 149 232 186
0023 198 147 231 185 130 218 162 239
0024 195 146 232 189 130 223 162 239
0025 192 144 231 185 000 000 000 000
0026 190 149 230 188 000 000 000 000
0027 196 149 229 187 000 000 000 000
0028 194 145 233 187 000 000 000 000
0029 192 144 231 184 000 000 000 000
0030 197 145 230 187 000 000 000 000
0031 197 145 230 183 000 000 000 000
0032 198 145 231 185 000 000 000 000
0033 200 146 233 186 000 000 000 000
0034 200 144 234 184 000 000 000 000
0035 200 143 238 188 128 221 162 239
0036 203 144 237 188 120 178 172 218
0037 122 146 180 184 202 142 240 187
0038 127 116 189 156 201 142 240 187
0039 135 086 200 140 203 144 237 190
0040 133 081 197 136 202 142 240 187
0041 139 084 203 138 202 142 241 189
0042 134 086 199 139 202 143 241 189
0043 140 086 197 140 203 144 242 189
0044 137 081 198 137 205 145 238 188
0045 141 078 199 134 199 142 240 188
0046 140 079 200 134 205 143 240 189
0047 141 079 202 133 205 144 239 188
0048 140 079 198 135 205 147 238 189
0049 143 084 203 132 205 147 238 189
0050 137 090 199 139 205 149 237 190
0051 140 087 200 135 202 146 239 189
0052 138 087 202 136 205 146 238 191
0053 141 089 198 137 204 145 239 191
0054 141 089 196 137 204 146 238 191
0055 140 088 199 136 204 145 239 191
0056 141 089 197 136 205 145 238 190
0057 142 091 199 136 205 145 238 190
0058 139 090 201 136 205 144 239 190
0059 142 092 201 137 205 145 239 190
0060 140 091 197 131 204 146 237 189
0061 142 091 198 138 204 146 237 189
0062 137 093 201 142 204 145 238 190
0063 141 091 198 137 204 146 237 189
0064 142 092 199 135 204 145 238 189
0065 142 095 195 139 204 145 237 188
0066 143 094 194 136 204 146 238 188
0067 140 092 192 135 204 146 237 188
0068 138 096 194 138 204 146 237 188
0069 133 114 197 155 204 145 239 189
0070 205 148 239 191 000 000 000 000
0071 203 150 237 193 141 178 176 233
0072 137 207 173 237 197 154 240 195
0073 203 152 237 195 000 000 000 000
0074 197 150 236 195 000 000 000 000
0075 203 154 234 195 000 000 000 000
0076 196 154 231 191 000 000 000 000
0077 196 151 231 191 000 000 000 000
0078 197 146 231 187 000 000 000 000
0079 197 149 230 190 000 000 000 000
0080 196 146 230 195 000 000 000 000
0081 198 151 229 199 000 000 000 000
0082 194 152 234 198 000 000 000 000
0083 192 151 235 199 000 000 000 000
0084 197 159 231 200 000 000 000 000
0085 197 158 230 200 000 000 000 000
0086 192 153 232 200 000 000 000 000
0087 196 157 229 201 000 000 000 000
0088 192 154 232 200 000 000 000 000
0089 192 155 232 200 000 000 000 000
0090 197 159 229 199 000 000 000 000
0091 196 155 229 199 000 000 000 000
0092 196 154 228 199 000 000 000 000
0093 198 158 231 200 000 000 000 000
0094 195 152 229 197 000 000 000 000
0095 192 156 233 198 000 000 000 000
0096 192 156 231 196 000 000 000 000
0097 192 155 232 196 000 000 000 000
0098 192 156 231 197 000 000 000 000
0099 189 156 228 198 000 000 000 000
0100 191 156 231 198 000 000 000 000
0101 192 155 232 198 000 000 000 000
0102 191 155 233 198 000 000 000 000
0103 191 155 233 199 000 000 000 000
0104 192 155 232 198 000 000 000 000
0105 191 156 233 197 000 000 000 000
0106 192 155 232 198 000 000 000 000
0107 192 155 232 198 000 000 000 000
0108 193 156 233 197 000 000 000 000
0109 193 156 233 198 000 000 000 000
0110 194 157 233 199 000 000 000 000
0111 200 166 231 205 000 000 000 000
0112 200 169 237 210 000 000 000 000
0113 201 163 233 214 000 000 000 000
0114 203 163 236 215 000 000 000 000
0115 203 165 237 213 000 000 000 000
0116 203 172 239 215 000 000 000 000
0117 204 171 238 215 000 000 000 000
0118 205 175 238 212 000 000 000 000
0119 205 168 236 211 000 000 000 000
0120 202 167 239 210 000 000 000 000
0121 200 168 238 210 000 000 000 000
0122 201 168 239 211 000 000 000 000
0123 203 172 239 209 000 000 000 000
0124 205 169 239 213 000 000 000 000
0125 204 166 239 213 000 000 000 000
0126 203 168 238 213 000 000 000 000
0127 202 168 237 214 000 000 000 000
0128 200 169 239 214 000 000 000 000
0129 202 170 238 211 000 000 000 000
0130 205 175 236 211 000 000 000 000
0131 202 172 238 211 000 000 000 000
0132 203 173 238 210 000 000 000 000
0133 202 172 237 211 000 000 000 000
0134 203 173 237 211 000 000 000 000
0135 204 171 236 213 000 000 000 000
0136 199 168 240 213 000 000 000 000
0137 200 170 239 210 000 000 000 000
0138 200 175 237 213 000 000 000 000
0139 198 173 236 213 000 000 000 000
