0006 147 190 193 233 000 000 000 000
0007 150 177 202 223 188 210 233 239
0008 205 177 268 232 000 000 000 000
0009 210 159 271 214 000 000 000 000
0010 211 141 276 192 000 000 000 000
0011 218 129 279 179 000 000 000 000
0012 221 123 281 165 000 000 000 000
0013 220 122 280 162 000 000 000 000
0014 222 122 282 162 000 000 000 000
0015 220 124 283 166 000 000 000 000
0016 220 122 283 164 000 000 000 000
0017 222 123 282 166 000 000 000 000
0018 221 121 282 166 000 000 000 000
0019 221 120 285 164 000 000 000 000
0020 220 122 288 165 000 000 000 000
0021 223 122 285 166 000 000 000 000
0022 221 123 285 166 000 000 000 000
0023 221 121 283 165 000 000 000 000
0024 215 126 275 164 000 000 000 000
0025 210 133 263 170 000 000 000 000
0026 196 157 239 195 000 000 000 000
0027 184 192 217 234 000 000 000 000
0028 167 224 198 239 000 000 000 000
