0024 212 215 272 236 000 000 000 000
0025 219 198 278 238 000 000 000 000
0026 226 182 282 225 000 000 000 000
0027 230 170 285 210 000 000 000 000
0028 230 161 283 201 000 000 000 000
0029 225 151 285 196 000 000 000 000
0030 222 145 282 189 000 000 000 000
0031 224 140 281 184 000 000 000 000
0032 219 137 279 179 000 000 000 000
0033 214 132 275 175 000 000 000 000
0034 215 128 273 171 000 000 000 000
0035 212 126 273 168 000 000 000 000
0036 213 126 270 171 000 000 000 000
0037 212 125 269 171 000 000 000 000
0038 209 124 269 161 000 000 000 000
0039 205 121 267 165 000 000 000 000
0040 202 120 270 167 000 000 000 000
0041 204 118 266 162 000 000 000 000
0042 202 116 266 163 000 000 000 000
0043 203 115 264 161 000 000 000 000
0044 203 115 263 161 000 000 000 000
0045 200 114 265 160 000 000 000 000
0046 203 116 262 161 000 000 000 000
0047 201 117 263 159 000 000 000 000
0048 201 117 261 159 000 000 000 000
0049 203 116 256 162 000 000 000 000
0050 202 118 256 163 000 000 000 000
0051 203 118 257 162 000 000 000 000
0052 202 117 257 163 000 000 000 000
0053 196 119 251 163 000 000 000 000
0054 181 134 223 171 000 000 000 000
0055 158 167 195 206 000 000 000 000
0056 129 203 171 237 000 000 000 000
0057 125 224 154 239 000 000 000 000
