0000 136 214 172 239 000 000 000 000
0001 136 212 177 239 000 000 000 000
0002 145 208 182 238 000 000 000 000
0003 153 198 195 239 000 000 000 000
0004 165 180 208 234 000 000 000 000
0005 174 160 216 208 000 000 000 000
0006 178 144 227 188 000 000 000 000
0007 179 133 236 176 000 000 000 000
0008 184 131 234 171 000 000 000 000
0009 180 127 237 166 000 000 000 000
0010 181 128 236 165 000 000 000 000
0011 182 130 236 170 000 000 000 000
0012 184 131 235 169 000 000 000 000
0013 183 130 235 169 000 000 000 000
0014 184 130 235 169 000 000 000 000
0015 183 129 234 170 000 000 000 000
0016 179 129 234 167 000 000 000 000
0017 180 129 233 166 000 000 000 000
0018 180 131 228 170 000 000 000 000
0019 180 138 226 178 000 000 000 000
0020 173 150 216 197 000 000 000 000
0021 166 164 206 215 000 000 000 000
0022 152 178 195 234 000 000 000 000
0023 142 196 182 237 000 000 000 000
0024 142 207 178 238 000 000 000 000
0025 141 221 177 239 000 000 000 000
0026 143 223 175 239 000 000 000 000
0027 144 223 177 239 000 000 000 000
0028 144 222 177 239 000 000 000 000
0029 142 222 176 239 000 000 000 000
0030 142 222 176 239 000 000 000 000
