0000 115 181 137 217 193 176 213 212
0001 115 183 136 217 193 175 213 212
0002 114 181 136 217 193 176 214 214
0003 114 181 137 217 193 176 214 213
0004 114 181 136 218 193 176 214 213
0005 115 181 136 216 194 177 214 213
0006 115 181 136 218 192 174 211 209
0007 180 159 208 193 114 181 136 217
0008 114 182 136 217 166 130 200 154
0009 115 180 137 217 154 099 187 130
0010 141 093 181 118 115 180 137 217
0011 115 181 136 217 130 099 170 120
0012 115 182 137 217 124 102 158 121
0013 114 180 137 216 117 112 158 131
0014 113 181 137 217 159 114 187 135
0015 113 181 136 216 112 123 153 141
0016 113 180 136 216 115 124 156 143
0017 113 181 136 216 112 122 154 142
0018 113 180 136 216 112 122 154 142
0019 113 180 136 217 112 121 154 141
0020 113 180 136 217 110 122 153 142
0021 113 180 136 216 109 119 153 141
0022 113 183 136 216 117 118 158 138
0023 112 180 136 215 123 112 164 132
0024 113 182 135 218 132 110 171 131
0025 112 180 135 219 147 114 186 135
0026 112 180 134 218 167 122 197 144
0027 113 180 135 218 173 136 209 161
0028 114 182 136 218 187 150 213 177
0029 115 183 137 219 192 163 213 189
0030 115 182 137 217 194 170 212 197
0031 193 174 214 205 117 182 138 219
0032 192 176 213 211 118 181 139 217
0033 191 176 212 212 119 179 140 217
0034 118 180 139 216 191 177 212 213
0035 193 175 212 211 118 180 138 216
0036 193 176 213 211 118 183 137 216
0037 194 176 213 210 117 180 137 216
