0000 025 224 062 239 000 000 000 000
0001 022 217 066 238 000 000 000 000
0002 024 217 065 239 000 000 000 000
0003 025 209 068 239 000 000 000 000
0004 094 210 141 239 043 184 083 236
0005 107 171 148 215 055 176 104 217
0006 074 165 136 199 108 121 162 163
0007 113 102 159 145 091 161 146 186
0008 124 090 164 141 095 154 161 182
0009 133 084 169 143 097 155 161 182
0010 119 085 163 141 098 156 162 184
0011 122 080 159 137 099 156 161 183
0012 099 154 162 182 122 079 159 146
0013 111 082 153 139 099 154 162 183
0014 102 155 161 182 123 078 158 141
0015 099 155 162 183 113 075 153 144
0016 122 076 158 139 100 155 162 184
0017 110 077 151 140 102 157 161 183
0018 121 077 156 137 102 157 162 185
0019 119 078 155 141 102 157 162 184
0020 113 078 154 138 102 155 166 182
0021 123 078 155 144 101 157 163 185
0022 092 162 151 194 112 093 160 150
0023 080 171 134 214 115 111 168 173
0024 047 196 092 239 118 158 166 215
0025 113 194 162 239 029 204 063 237
0026 017 213 055 238 113 220 148 239
0027 017 214 055 238 000 000 000 000
0028 021 217 055 239 000 000 000 000
0029 022 218 055 239 000 000 000 000
0030 022 221 053 238 000 000 000 000
0031 024 220 057 239 000 000 000 000
0032 022 222 057 237 000 000 000 000
0033 025 222 058 238 000 000 000 000
