0000 094 204 144 238 149 206 199 239
0001 144 207 199 239 093 205 142 238
0002 145 206 197 236 095 207 142 238
0003 146 206 197 239 095 206 143 238
0004 143 195 199 238 096 206 142 238
0005 141 182 208 227 095 207 141 238
0006 144 162 217 203 095 206 141 238
0007 095 206 143 238 147 134 214 174
0008 144 113 218 156 094 206 144 238
0009 155 094 218 134 094 207 145 239
0010 094 207 145 239 148 079 221 118
0011 149 063 219 101 095 206 144 239
0012 159 050 226 088 094 206 143 238
0013 161 043 228 080 094 206 143 238
0014 094 206 143 238 171 032 236 073
0015 185 025 247 071 094 206 143 238
0016 193 018 254 067 095 207 143 238
0017 207 011 267 059 094 206 144 238
0018 216 010 272 063 095 206 143 238
0019 216 008 270 064 094 206 143 238
0020 216 010 270 067 094 206 143 238
0021 215 009 270 065 095 206 143 238
0022 215 010 268 064 094 206 145 238
0023 214 010 270 066 094 207 145 238
0024 215 015 269 067 094 206 144 238
0025 210 016 269 074 094 207 143 238
0026 094 207 142 238 204 028 268 085
0027 092 206 139 238 198 053 261 104
0028 191 079 252 125 090 208 134 237
0029 084 207 127 237 189 105 244 151
0030 176 148 234 192 079 206 122 235
0031 161 184 230 235 080 212 120 238
0032 159 207 219 239 078 215 120 238
0033 078 216 119 235 000 000 000 000
0034 075 219 121 239 000 000 000 000
0035 075 216 117 238 000 000 000 000
0036 076 221 112 239 000 000 000 000
