0000 128 143 161 164 183 221 207 239
0001 126 144 156 165 189 223 209 239
0002 127 145 157 165 189 223 211 239
0003 123 143 158 169 184 218 212 234
0004 124 144 155 165 186 222 211 239
0005 123 144 158 170 185 223 209 239
0006 125 145 156 167 178 216 207 239
0007 152 208 190 236 126 141 166 168
0008 149 129 189 156 115 174 152 213
0009 100 130 136 159 167 110 198 134
0010 167 101 205 127 111 129 138 152
0011 170 095 205 120 116 102 145 129
0012 170 096 206 121 119 101 146 128
0013 170 107 207 130 117 112 141 146
0014 118 139 140 166 173 121 205 145
0015 170 122 206 150 117 138 140 167
0016 171 114 204 137 113 128 148 157
0017 172 104 204 128 115 104 150 136
0018 171 103 204 130 114 104 150 139
0019 169 112 204 137 000 000 000 000
0020 168 127 202 152 118 143 142 170
0021 158 138 196 164 122 176 154 214
0022 152 200 179 237 144 150 182 176
0023 131 155 161 183 176 209 203 234
0024 121 156 155 184 193 217 219 239
0025 119 157 146 184 199 215 225 239
0026 117 156 144 183 200 220 221 239
0027 117 156 142 183 198 220 219 239
0028 115 154 140 182 198 217 218 236
0029 193 216 218 239 115 155 140 184
0030 116 157 141 183 193 217 214 236
0031 116 155 142 183 193 217 217 239
0032 116 156 140 183 194 218 217 239
0033 116 157 140 183 194 218 217 239
0034 117 156 143 185 194 218 217 239
