0000 117 162 142 191 188 222 211 239
0001 114 162 139 191 188 221 211 239
0002 112 163 138 193 188 221 211 239
0003 113 162 140 192 188 220 209 239
0004 124 148 153 175 160 207 198 235
0005 141 131 185 158 121 183 163 225
0006 098 138 137 172 159 115 198 138
0007 164 104 205 133 107 126 144 157
0008 166 095 202 120 114 104 154 136
0009 167 092 201 121 118 100 157 127
0010 165 102 205 127 144 110 198 148
0011 166 115 207 143 114 138 139 165
0012 167 126 205 151 114 138 139 166
0013 163 104 204 133 000 000 000 000
0014 165 102 202 129 116 104 147 132
0015 169 103 201 130 118 107 145 137
0016 164 105 205 133 115 131 137 160
0017 116 155 146 190 159 124 199 153
0018 147 134 188 158 132 194 169 235
