0000 083 209 107 237 140 223 163 239
0001 087 214 104 236 140 222 164 239
0002 087 214 103 235 141 223 164 239
0003 142 223 164 239 087 218 105 239
0004 140 223 164 239 086 215 104 236
0005 082 215 104 238 138 219 158 238
0006 124 206 151 235 081 214 101 238
0007 079 211 100 239 106 182 132 209
0008 085 200 104 223 082 157 106 181
0009 091 184 115 209 079 152 105 177
0010 103 168 136 197 081 143 104 166
0011 122 148 151 177 000 000 000 000
0012 128 136 156 159 092 130 116 149
0013 133 130 158 152 094 123 118 145
0014 130 130 159 153 092 129 116 146
0015 123 138 149 163 000 000 000 000
0016 126 156 152 182 084 145 104 169
0017 125 162 151 189 087 150 107 173
0018 126 156 152 185 000 000 000 000
0019 132 133 159 157 095 127 118 147
0020 099 119 120 138 136 119 163 148
0021 097 119 119 138 134 119 162 148
0022 132 131 155 158 000 000 000 000
0023 128 152 152 179 000 000 000 000
0024 124 168 147 192 086 144 106 169
0025 126 156 152 184 084 138 107 162
0026 130 141 156 167 089 132 111 155
0027 136 117 165 148 095 116 116 137
0028 137 114 164 142 097 114 119 137
0029 139 125 164 151 098 124 117 145
0030 129 147 154 174 000 000 000 000
0031 126 172 152 197 000 000 000 000
0032 124 169 152 192 087 141 106 165
0033 131 156 155 183 090 132 109 157
0034 129 138 151 159 093 127 114 151
0035 123 130 152 155 000 000 000 000
0036 121 142 148 168 099 137 117 159
0037 098 157 126 180 108 173 133 201
0038 111 176 141 206 094 201 111 223
0039 123 195 146 222 082 218 103 237
0040 139 213 164 238 078 220 096 239
0041 078 211 097 239 158 223 176 239
0042 079 213 097 239 156 223 175 239
0043 082 214 099 235 152 221 173 239
0044 085 213 106 238 149 221 170 239
0045 088 214 106 235 151 222 170 239
0046 087 216 105 239 150 223 170 239
0047 081 213 104 238 151 223 169 239
