0000 110 213 133 238 185 193 206 228
0001 110 213 133 239 189 177 209 212
0002 109 213 132 239 189 131 210 160
0003 186 089 206 123 107 208 132 237
0004 109 212 133 239 189 081 211 112
0005 109 209 130 236 201 082 226 119
0006 211 116 244 147 110 213 132 238
0007 214 128 249 158 110 212 133 239
0008 213 133 249 161 110 212 133 239
0009 214 130 249 162 110 212 132 239
0010 215 131 248 160 109 208 130 236
0011 214 128 250 160 108 208 130 237
0012 213 127 250 158 109 212 133 239
0013 206 120 235 148 109 212 133 239
0014 187 119 213 150 109 212 132 239
0015 108 211 132 239 177 143 205 170
0016 108 212 132 239 182 168 203 195
0017 110 213 131 238 180 189 203 225
0018 110 214 132 238 185 193 206 228
0019 106 208 132 237 187 192 210 229
0020 107 210 131 237 184 194 206 229
