0000 091 209 117 239 166 215 191 239
0001 091 211 116 239 172 215 195 239
0002 170 200 196 238 087 211 113 239
0003 173 151 198 192 088 211 113 239
0004 165 100 190 137 088 211 113 239
0005 159 068 183 110 092 210 117 239
0006 156 061 181 102 091 208 115 239
0007 157 061 179 101 091 208 115 239
0008 155 062 178 104 091 210 115 239
0009 155 061 178 101 091 210 114 239
0010 156 065 178 107 091 210 114 239
0011 091 208 114 239 159 061 182 107
0012 160 062 184 112 091 209 115 239
0013 168 103 197 150 091 209 116 239
0014 169 125 197 164 091 209 116 239
0015 169 129 196 167 091 207 116 239
0016 167 125 194 160 091 208 115 239
0017 167 126 194 160 091 207 115 239
0018 167 127 194 161 088 206 111 236
0019 168 127 194 160 092 208 115 239
0020 169 129 196 161 087 209 111 235
0021 166 135 195 169 090 208 114 234
0022 167 155 194 196 090 207 114 239
0023 170 169 200 222 087 208 110 237
0024 171 199 196 236 084 208 116 239
0025 171 212 194 239 089 211 114 239
0026 165 214 192 239 089 212 114 239
