0000 166 215 192 239 090 208 119 237
0001 165 214 192 239 090 208 120 237
0002 165 206 194 238 090 208 120 236
0003 163 188 188 232 090 209 120 236
0004 161 143 189 180 091 209 122 238
0005 157 092 183 134 091 208 121 237
0006 157 066 180 109 091 207 121 238
0007 156 055 177 094 091 209 119 238
0008 156 056 177 095 091 207 120 237
0009 155 060 173 093 091 209 119 238
0010 156 053 178 097 090 209 118 234
0011 155 059 174 096 091 208 118 237
0012 158 055 178 097 089 209 118 235
0013 163 067 187 117 092 208 119 237
0014 162 120 191 164 092 210 119 238
0015 164 134 191 179 091 206 120 237
0016 164 138 191 181 091 207 119 237
0017 164 135 191 179 092 208 120 238
0018 164 133 192 178 092 208 120 238
0019 164 133 191 177 092 208 120 239
0020 164 132 191 176 092 208 120 238
0021 163 138 191 177 092 207 120 237
0022 163 152 194 200 092 208 120 238
0023 163 173 193 222 091 209 118 237
0024 170 200 197 238 091 210 120 238
0025 169 208 194 239 089 210 117 235
0026 164 211 193 239 090 210 119 237
0027 090 208 120 237 165 213 190 239
0028 168 210 190 239 090 207 120 237
0029 168 212 189 239 090 208 121 238
0030 168 211 189 239 090 209 120 238
0031 170 214 193 239 090 210 120 238
