0000 086 203 111 238 178 206 200 235
0001 088 204 111 237 176 207 199 239
0002 089 208 111 236 173 203 201 236
0003 089 208 111 237 176 207 199 239
0004 089 208 111 237 176 208 199 239
0005 089 205 115 236 174 204 200 236
0006 091 205 115 239 173 203 200 236
0007 088 205 114 236 173 203 200 236
0008 173 206 197 238 087 204 110 237
0009 170 204 192 234 086 205 113 236
0010 174 193 196 235 086 208 112 239
0011 171 167 194 217 087 205 111 239
0012 087 207 111 237 163 147 190 203
0013 164 139 190 191 087 206 112 237
0014 086 205 111 237 161 130 190 185
0015 086 206 111 236 162 133 188 180
0016 086 207 112 237 161 134 186 176
0017 087 208 111 237 163 139 184 173
0018 087 206 111 237 163 138 184 174
0019 086 205 111 237 162 135 185 173
0020 086 206 111 237 162 137 187 178
0021 162 135 189 179 086 204 112 237
0022 162 136 188 177 085 205 110 237
0023 087 203 110 235 162 137 187 178
0024 084 206 108 235 164 134 185 174
0025 083 206 108 235 162 133 188 176
0026 087 206 109 235 163 133 186 174
0027 086 206 109 235 162 131 189 178
0028 086 206 109 234 162 128 189 178
0029 086 207 111 235 163 134 189 176
0030 087 207 110 236 163 134 191 177
0031 084 206 110 236 164 134 190 182
0032 087 207 110 236 169 138 192 183
0033 086 206 110 236 168 139 192 189
0034 086 207 110 237 168 142 192 192
0035 086 207 110 236 168 139 193 191
0036 086 206 110 237 168 138 191 193
0037 086 207 110 237 165 140 189 199
0038 086 206 110 237 165 139 189 199
0039 086 206 109 236 166 140 191 203
0040 085 206 109 236 166 142 190 201
0041 085 205 110 237 000 000 000 000
0042 085 206 109 237 000 000 000 000
0043 086 207 110 237 170 138 196 180
0044 159 184 189 227 085 207 111 237
0045 163 196 190 234 086 208 111 237
0046 163 204 190 237 086 205 111 237
0047 168 205 195 239 085 207 110 237
0048 169 206 194 237 087 204 112 239
0049 170 205 200 237 086 208 112 238
0050 086 208 113 238 170 207 196 239
0051 085 207 112 237 170 207 195 239
