0000 140 167 169 196 197 193 220 227
0001 140 167 170 196 198 195 220 228
0002 137 173 165 203 200 194 222 226
0003 130 183 158 216 201 198 225 228
0004 201 195 223 228 128 193 150 225
0005 201 193 224 228 120 194 142 227
0006 200 194 224 228 120 195 139 226
0007 200 195 224 229 118 191 138 223
0008 204 194 222 224 118 193 138 224
0009 119 193 139 224 200 195 223 228
0010 202 194 224 229 121 191 143 223
0011 201 193 223 226 123 190 147 224
0012 199 194 222 226 124 192 147 224
0013 195 190 221 222 128 191 149 222
0014 188 183 215 215 129 191 152 223
0015 129 187 156 218 182 180 211 210
0016 166 162 207 187 135 182 161 212
0017 141 162 173 193 124 112 148 160
0018 168 126 204 158 152 132 182 161
0019 162 147 198 173 156 115 194 139
0020 150 117 194 151 000 000 000 000
0021 152 131 188 153 163 102 198 126
0022 155 123 193 146 168 092 201 120
0023 164 114 199 140 130 113 163 151
0024 163 106 194 127 163 126 191 152
0025 154 125 189 148 166 095 192 117
0026 163 100 195 123 157 122 193 144
0027 157 105 197 126 161 128 191 152
0028 155 113 189 136 000 000 000 000
0029 153 128 191 152 159 096 192 119
0030 159 111 196 139 000 000 000 000
0031 165 133 198 159 000 000 000 000
0032 153 121 194 148 161 143 191 164
0033 157 130 190 153 153 151 185 173
0034 148 158 182 184 165 131 200 159
0035 148 161 181 186 170 149 203 178
0036 146 159 178 187 179 164 209 192
0037 182 176 210 203 145 159 179 186
0038 185 180 215 209 138 167 175 197
0039 187 183 216 215 138 173 169 205
0040 197 191 221 222 132 182 159 213
0041 209 191 230 223 125 187 150 222
0042 210 194 228 223 120 192 141 224
0043 213 192 233 222 119 193 139 224
0044 118 194 138 224 210 192 229 224
0045 208 195 228 226 118 192 139 224
0046 118 190 140 222 209 194 228 224
0047 208 192 228 223 119 193 139 223
0048 119 191 139 223 208 193 230 225
0049 208 193 229 224 120 191 139 224
0050 119 191 141 224 206 195 228 226
0051 120 192 141 225 207 195 228 227
0052 208 194 229 225 121 190 142 224
0053 208 194 229 225 121 190 142 224
0054 208 195 229 225 121 190 142 224
0055 208 194 230 226 120 189 142 224
