0007 084 184 152 234 000 000 000 000
0008 105 140 168 185 106 195 173 239
0009 116 151 188 190 093 144 149 170
0010 097 104 158 152 130 159 179 196
0011 118 120 177 168 000 000 000 000
0012 126 100 170 141 114 153 177 201
0013 138 113 189 160 100 163 153 189
0014 100 107 162 146 132 150 183 188
0015 119 105 181 143 126 140 163 177
0016 121 142 184 189 122 106 160 146
0017 131 108 183 150 104 156 158 186
0018 133 139 185 180 092 116 153 149
0019 124 159 172 196 106 093 165 136
0020 124 108 186 149 118 140 157 174
0021 117 107 161 145 117 157 186 203
0022 125 105 173 150 100 154 166 192
0023 124 158 181 201 098 103 156 143
0024 119 162 168 202 104 095 172 139
0025 118 126 186 174 000 000 000 000
0026 118 196 185 238 110 129 154 172
0027 107 150 154 198 132 214 184 239
0028 105 189 157 235 000 000 000 000
