0003 189 190 231 231 000 000 000 000
0004 140 207 188 238 170 143 209 178
0005 152 170 205 202 164 106 205 140
0006 164 099 209 135 160 148 211 178
0007 162 125 206 160 000 000 000 000
0008 151 115 206 148 156 162 200 196
0009 152 128 198 162 168 138 239 171
0010 155 153 209 183 152 110 196 142
0011 157 147 205 173 159 102 200 138
0012 167 146 211 177 150 126 201 153
0013 147 115 203 148 157 155 196 188
0014 147 134 198 168 000 000 000 000
0015 157 107 196 137 148 157 207 187
0016 154 129 201 162 000 000 000 000
0017 148 119 199 151 157 156 203 190
0018 145 126 197 162 000 000 000 000
0019 154 111 196 144 145 160 200 188
0020 156 119 202 159 142 161 197 190
0021 180 190 219 234 136 165 193 199
0022 123 179 174 216 000 000 000 000
0023 127 190 166 222 000 000 000 000
0024 126 196 165 234 000 000 000 000
0025 127 206 160 239 000 000 000 000
0026 127 205 162 235 000 000 000 000
0027 128 208 163 237 000 000 000 000
