0010 131 187 189 234 000 000 000 000
0011 113 167 176 212 000 000 000 000
0012 108 165 173 214 140 208 178 237
0013 116 179 174 231 000 000 000 000
0014 112 197 169 236 139 144 180 184
0015 109 187 165 230 140 144 187 185
0016 141 160 195 205 097 145 138 178
0017 103 127 162 165 143 168 191 210
0018 104 123 170 163 140 167 184 201
0019 115 135 179 183 000 000 000 000
0020 116 159 184 201 128 121 173 156
0021 132 114 183 154 108 163 171 203
0022 139 134 189 178 000 000 000 000
0023 139 155 189 197 102 122 165 157
0024 110 117 173 162 129 160 173 197
0025 122 130 185 177 000 000 000 000
0026 127 152 190 196 124 130 167 161
0027 117 164 180 206 124 118 172 154
0028 131 128 182 175 113 162 172 195
0029 128 147 187 192 095 136 144 164
0030 107 125 174 164 133 162 184 195
0031 114 125 179 168 132 161 178 194
0032 122 136 183 182 000 000 000 000
0033 129 144 190 191 122 166 167 210
0034 119 183 168 225 137 150 197 197
0035 150 171 203 220 117 211 168 239
0036 169 199 209 238 000 000 000 000
