0000 188 192 206 224 100 198 118 230
0001 188 193 207 225 101 199 121 230
0002 188 193 206 225 101 200 123 230
0003 285 162 309 224 099 197 120 229
0004 102 199 124 232 284 161 314 223
0005 102 200 124 233 286 163 308 222
0006 102 199 125 231 186 191 204 224
0007 102 198 125 231 284 162 313 221
0008 105 196 126 225 171 183 195 219
0009 106 196 130 225 163 183 191 209
0010 107 187 135 222 150 166 179 194
0011 113 179 146 212 139 141 173 168
0012 123 166 156 199 139 117 168 142
0013 136 140 168 164 281 163 318 207
0014 137 147 168 174 142 119 175 141
0015 136 145 162 169 159 134 211 163
0016 135 125 175 159 286 163 309 214
0017 136 141 168 167 138 108 167 132
0018 141 129 173 151 145 104 170 132
0019 143 134 175 159 148 110 180 132
0020 139 106 177 132 138 138 165 160
0021 134 123 170 153 287 163 309 215
0022 144 102 171 126 140 131 171 153
0023 146 114 178 137 141 135 169 160
0024 284 159 311 221 144 107 180 132
0025 135 119 176 147 286 165 309 224
0026 139 132 172 157 098 130 142 158
0027 142 117 181 147 284 165 315 220
0028 140 138 166 161 144 108 179 132
0029 136 134 168 158 139 116 168 137
0030 141 132 171 158 100 134 145 161
0031 145 116 181 135 142 137 171 157
0032 142 110 178 136 139 142 167 163
0033 142 123 175 151 281 163 306 221
0034 134 141 169 170 139 105 168 132
0035 140 138 171 159 140 112 167 136
0036 136 149 168 175 143 121 178 146
0037 142 126 173 157 139 160 167 181
0038 131 159 167 194 283 159 313 225
0039 119 182 153 213 153 176 181 202
0040 105 193 144 229 170 189 196 220
0041 104 200 127 234 183 197 202 228
0042 099 200 116 229 193 198 211 230
0043 099 195 115 224 278 160 318 227
0044 191 189 214 223 098 193 115 221
0045 099 194 116 222 278 160 318 227
0046 101 195 119 226 187 196 206 227
0047 102 196 120 227 183 195 202 226
0048 105 201 125 230 181 193 202 225
