0003 147 200 180 235 000 000 000 000
0004 137 170 175 221 000 000 000 000
0005 134 163 167 210 000 000 000 000
0006 128 157 157 206 000 000 000 000
0007 129 143 162 195 000 000 000 000
0008 136 125 172 183 000 000 000 000
0009 147 105 182 168 000 000 000 000
0010 162 071 199 138 000 000 000 000
0011 172 055 212 117 000 000 000 000
0012 178 043 219 102 000 000 000 000
0013 184 038 218 094 000 000 000 000
0014 183 037 217 094 000 000 000 000
0015 180 035 218 096 000 000 000 000
0016 179 035 218 096 000 000 000 000
0017 182 038 218 101 000 000 000 000
0018 179 035 218 096 000 000 000 000
0019 181 041 216 103 000 000 000 000
0020 182 048 213 120 000 000 000 000
0021 176 111 212 162 000 000 000 000
0022 173 179 212 218 000 000 000 000
0023 183 217 213 239 000 000 000 000
