0006 154 215 195 239 000 000 000 000
0007 170 187 208 222 000 000 000 000
0008 177 139 220 178 000 000 000 000
0009 181 093 226 148 000 000 000 000
0010 188 065 233 121 000 000 000 000
0011 201 046 238 097 000 000 000 000
0012 199 029 245 086 000 000 000 000
0013 206 022 242 075 000 000 000 000
0014 206 010 244 069 000 000 000 000
0015 209 012 245 072 000 000 000 000
0016 209 013 245 071 000 000 000 000
0017 207 011 248 073 000 000 000 000
0018 206 012 251 069 000 000 000 000
0019 212 017 255 074 000 000 000 000
0020 211 015 249 077 000 000 000 000
0021 210 020 255 078 000 000 000 000
0022 211 021 256 078 000 000 000 000
0023 212 022 257 080 000 000 000 000
0024 212 023 257 080 089 174 122 215
0025 211 023 257 080 000 000 000 000
0026 211 023 258 079 086 176 121 219
0027 212 027 257 084 000 000 000 000
0028 206 044 246 081 000 000 000 000
0029 193 063 225 100 000 000 000 000
0030 184 079 219 116 000 000 000 000
0031 171 099 211 136 000 000 000 000
0032 170 127 206 162 000 000 000 000
0033 163 151 205 192 000 000 000 000
0034 165 183 202 221 000 000 000 000
0035 163 206 201 238 000 000 000 000
0036 159 225 190 239 000 000 000 000
0037 177 202 207 236 000 000 000 000
0038 172 200 208 239 000 000 000 000
0039 177 201 210 237 000 000 000 000
0040 178 199 208 237 000 000 000 000
