0002 005 216 043 238 000 000 000 000
0003 015 212 065 238 000 000 000 000
0004 034 210 082 239 000 000 000 000
0005 049 209 100 239 000 000 000 000
0006 069 213 112 239 119 217 171 238
0007 076 217 119 239 114 213 175 238
0008 118 207 172 239 000 000 000 000
0009 116 199 172 239 000 000 000 000
0010 117 197 172 239 000 000 000 000
0011 117 195 172 239 165 156 205 211
0012 117 195 174 239 165 154 205 202
0013 116 197 172 239 165 156 204 203
0014 116 193 172 238 161 154 200 196
0015 117 190 179 237 162 157 207 206
0016 115 179 172 226 164 150 207 204
0017 109 161 175 203 159 144 209 186
0018 110 139 176 181 000 000 000 000
0019 109 123 181 157 156 128 213 172
0020 118 099 183 141 000 000 000 000
0021 120 070 184 115 000 000 000 000
0022 117 041 192 095 157 082 209 131
0023 140 016 196 080 000 000 000 000
0024 135 000 204 047 000 000 000 000
0025 176 000 217 027 000 000 000 000
0038 246 001 301 030 000 000 000 000
0039 233 000 308 050 000 000 000 000
0040 217 026 286 086 071 217 113 238
0041 045 204 092 239 185 102 243 164
0042 022 197 068 237 163 156 224 209
0043 133 188 192 239 005 199 043 239
0044 119 209 172 239 003 201 030 239
0045 003 209 028 239 117 218 165 235
0046 123 222 167 236 000 000 000 000
0047 123 220 166 237 000 000 000 000
0048 122 216 172 238 007 216 032 239
0049 123 222 168 239 000 000 000 000
0050 123 220 169 237 000 000 000 000
0051 123 220 169 237 000 000 000 000
0052 124 222 168 239 000 000 000 000
