0006 142 221 172 239 000 000 000 000
0007 137 198 168 236 000 000 000 000
0008 131 169 162 203 000 000 000 000
0009 109 145 152 164 000 000 000 000
0010 090 139 134 165 000 000 000 000
0011 068 147 117 181 000 000 000 000
0012 061 145 115 177 000 000 000 000
0013 053 137 103 164 000 000 000 000
0014 056 114 100 141 000 000 000 000
0015 064 095 110 132 000 000 000 000
0016 074 086 115 127 000 000 000 000
0017 082 083 123 130 000 000 000 000
0018 085 104 126 144 000 000 000 000
0019 084 118 130 153 000 000 000 000
0020 082 141 137 168 000 000 000 000
0021 098 140 149 173 000 000 000 000
0022 104 131 156 166 000 000 000 000
0023 107 111 156 150 000 000 000 000
0024 115 092 156 133 119 120 150 145
0025 122 077 161 124 000 000 000 000
0026 139 064 172 114 000 000 000 000
0027 141 066 174 115 000 000 000 000
0028 149 077 177 123 000 000 000 000
0029 160 096 185 144 000 000 000 000
0030 159 117 190 160 000 000 000 000
0031 155 143 199 176 000 000 000 000
0032 159 144 203 175 000 000 000 000
0033 178 138 214 165 000 000 000 000
0034 185 120 218 151 000 000 000 000
0035 190 086 221 128 000 000 000 000
0036 188 074 221 126 000 000 000 000
0037 189 066 222 122 000 000 000 000
0038 192 076 225 128 000 000 000 000
0039 197 092 233 140 000 000 000 000
0040 196 109 236 151 000 000 000 000
0041 195 138 226 177 000 000 000 000
0042 188 170 216 206 000 000 000 000
0043 186 173 215 208 000 000 000 000
0044 184 170 211 203 000 000 000 000
0045 181 167 209 201 000 000 000 000
0046 173 181 205 214 000 000 000 000
0047 158 201 197 238 000 000 000 000
0048 152 219 183 239 000 000 000 000
0054 183 167 211 207 000 000 000 000
0055 195 098 222 138 000 000 000 000
0056 196 061 222 107 000 000 000 000
0057 173 032 213 080 000 000 000 000
0058 152 036 193 070 000 000 000 000
0059 125 085 161 126 000 000 000 000
0060 113 119 152 152 000 000 000 000
0061 107 129 151 169 000 000 000 000
0062 109 124 151 156 000 000 000 000
0063 111 116 163 148 000 000 000 000
0064 119 115 170 150 000 000 000 000
0065 129 126 168 166 000 000 000 000
0066 138 195 175 226 000 000 000 000
0067 135 217 171 239 000 000 000 000
