0000 029 208 068 238 207 203 250 239
0001 036 202 070 235 207 204 251 239
0002 046 197 079 235 201 203 253 238
0003 051 195 093 233 207 198 247 234
0004 073 193 113 233 207 198 247 234
0005 088 196 136 238 207 198 247 234
0006 093 205 149 238 206 194 250 234
0007 098 207 144 238 205 195 252 235
0008 205 193 252 237 097 208 146 237
0009 199 191 245 236 095 208 147 239
0010 189 176 235 228 094 208 143 239
0011 174 160 227 212 094 204 144 239
0012 164 147 217 194 097 207 145 238
0013 158 130 211 166 097 207 145 238
0014 150 118 194 153 097 206 145 238
0015 135 110 186 141 094 206 146 236
0016 131 104 180 133 095 207 152 239
0017 132 105 179 132 098 207 145 238
0018 128 102 176 132 098 207 145 238
0019 125 100 177 131 098 207 145 238
0020 124 101 173 132 098 207 145 238
0021 122 102 169 133 096 207 144 237
0022 123 101 172 135 096 207 145 237
0023 127 104 177 135 096 208 145 237
0024 096 206 144 238 127 102 178 135
0025 097 206 144 238 128 101 189 135
0026 097 205 143 238 140 100 195 135
0027 097 205 143 238 147 099 200 135
0028 152 101 210 132 097 205 143 238
0029 097 205 143 238 160 103 227 136
0030 173 101 229 136 097 205 144 238
0031 181 106 236 138 097 205 144 238
0032 185 108 245 142 097 205 144 238
0033 197 108 245 142 097 205 144 238
0034 097 205 144 238 190 110 245 143
0035 097 205 144 238 192 110 247 143
0036 093 202 144 239 202 108 244 143
0037 093 202 144 239 199 106 248 143
0038 093 202 144 239 195 104 250 141
0039 094 202 145 239 201 109 245 141
0040 094 204 144 239 206 104 248 144
0041 094 204 144 239 193 103 251 136
0042 094 203 144 239 193 100 249 135
0043 095 203 144 239 187 089 251 126
0044 098 205 146 239 192 085 250 130
0045 203 081 251 128 098 206 147 239
0046 197 073 248 127 092 201 147 236
0047 190 070 242 127 095 203 144 238
0048 199 067 239 126 095 204 145 238
0049 190 067 239 128 096 204 145 238
0050 193 067 235 137 096 205 145 238
0051 189 070 231 142 096 205 144 238
0052 185 074 233 140 096 205 144 238
0053 186 079 228 149 096 205 144 238
0054 183 083 224 154 096 206 144 238
0055 185 086 224 154 096 205 144 237
0056 180 092 227 159 096 206 144 237
0057 181 094 227 160 096 206 144 237
0058 182 100 224 167 095 206 144 238
0059 182 100 222 169 095 205 144 238
0060 096 204 144 239 182 101 223 169
0061 184 106 225 175 096 204 144 239
0062 097 204 144 238 186 111 228 174
0063 208 093 258 132 189 108 227 174
0064 189 109 228 174 097 204 144 238
0065 097 204 144 238 185 108 222 176
0066 189 109 226 176 097 204 144 238
0067 185 110 227 172 097 204 144 238
0068 185 109 228 172 095 204 144 238
0069 203 093 257 132 187 110 230 172
0070 189 111 230 171 099 208 146 239
0071 189 111 230 171 099 208 147 239
0072 188 109 231 172 095 203 146 238
0073 188 110 231 171 095 203 146 238
0074 096 205 146 238 187 112 230 174
0075 188 108 225 174 096 204 146 238
0076 189 116 230 186 097 205 145 238
0077 194 118 239 194 096 204 145 238
0078 095 203 147 238 203 125 254 209
0079 210 159 261 219 091 199 145 239
0080 211 169 267 229 092 200 142 238
0081 090 202 137 239 212 189 263 237
0082 095 207 138 237 212 197 256 236
0083 096 206 137 237 209 200 248 237
0084 094 202 137 236 208 197 253 238
0085 092 203 136 236 207 199 255 237
0086 090 203 134 239 208 203 252 238
0087 094 203 136 236 208 192 251 234
0088 092 205 135 237 208 202 251 238
0089 085 196 134 238 000 000 000 000
0090 075 188 117 239 000 000 000 000
0091 048 185 094 233 057 134 087 177
0092 032 183 074 231 049 128 082 177
0093 028 183 062 230 045 131 076 178
0094 032 192 067 236 208 206 252 238
0095 031 199 068 235 210 199 254 239
0096 032 198 065 235 000 000 000 000
0097 031 205 069 236 000 000 000 000
0098 034 205 068 237 000 000 000 000
0099 034 205 067 237 000 000 000 000
0100 032 203 068 237 000 000 000 000
0101 032 207 067 237 000 000 000 000
0102 032 209 066 239 000 000 000 000
0103 037 205 068 234 000 000 000 000
0104 033 208 068 237 000 000 000 000
0105 033 205 068 234 000 000 000 000
0106 034 208 069 234 000 000 000 000
