0007 163 207 209 239 000 000 000 000
0008 127 169 183 219 000 000 000 000
0009 099 148 157 198 000 000 000 000
0010 087 144 156 172 000 000 000 000
0011 117 109 158 145 091 131 126 158
0012 097 089 165 123 000 000 000 000
0013 115 054 166 112 000 000 000 000
0014 134 074 175 135 000 000 000 000
0015 127 104 184 149 000 000 000 000
0016 135 107 201 145 000 000 000 000
0017 145 090 206 131 000 000 000 000
0018 160 075 222 104 000 000 000 000
0019 171 051 223 106 000 000 000 000
0020 185 058 219 120 000 000 000 000
0021 181 084 214 137 000 000 000 000
0022 175 099 221 144 000 000 000 000
0023 178 102 229 138 000 000 000 000
0024 186 093 241 130 000 000 000 000
0025 192 076 246 117 000 000 000 000
0026 188 046 243 091 000 000 000 000
0027 177 028 234 074 000 000 000 000
0028 166 025 220 075 000 000 000 000
0029 155 042 211 096 000 000 000 000
0030 149 071 200 132 000 000 000 000
0031 152 093 200 154 000 000 000 000
0032 148 092 199 150 000 000 000 000
0033 148 091 197 151 000 000 000 000
0034 147 093 198 150 000 000 000 000
0035 147 092 195 154 000 000 000 000
0036 144 104 195 159 000 000 000 000
0037 148 127 203 178 000 000 000 000
0038 151 168 202 225 000 000 000 000
0039 152 208 203 239 000 000 000 000
