0000 002 208 037 238 190 180 234 236
0001 001 208 032 238 195 182 234 236
0002 002 205 035 238 195 180 234 236
0003 007 198 044 233 190 177 234 237
0004 023 195 061 235 191 181 234 237
0005 034 190 080 232 194 183 233 231
0006 045 194 092 235 190 180 234 237
0007 050 201 099 237 000 000 000 000
0008 053 205 099 238 194 181 233 232
0009 052 205 096 238 194 182 234 232
0010 052 207 098 238 191 179 235 237
0011 053 206 097 238 193 177 232 233
0012 049 206 097 238 192 177 232 233
0013 049 206 097 237 194 191 244 237
0014 183 164 228 214 049 206 097 237
0015 049 206 097 237 183 139 214 188
0016 169 105 206 162 049 206 097 237
0017 050 206 097 237 162 085 202 147
0018 163 074 199 139 049 206 097 237
0019 158 067 194 132 050 206 097 237
0020 151 059 191 125 049 206 097 237
0021 144 059 186 120 049 206 097 237
0022 049 206 097 237 143 054 184 110
0023 049 206 097 237 143 046 181 108
0024 048 205 097 238 142 043 176 103
0025 048 205 097 238 140 043 175 097
0026 048 206 097 238 139 047 169 097
0027 048 206 097 238 125 041 168 096
0028 048 206 097 238 130 048 169 098
0029 048 206 097 238 132 046 170 097
0030 049 206 097 238 135 050 169 096
0031 049 206 097 238 136 051 169 095
0032 048 206 097 238 135 050 169 096
0033 049 206 097 238 133 046 168 091
0034 049 206 097 238 133 044 171 095
0035 048 206 097 238 130 048 172 094
0036 049 206 097 238 134 047 170 095
0037 049 207 097 238 135 046 170 095
0038 049 207 097 238 136 048 172 096
0039 049 207 097 238 135 047 171 096
0040 049 207 097 238 133 045 171 098
0041 050 207 097 238 127 040 172 098
0042 049 207 097 238 133 048 178 103
0043 137 067 191 121 049 207 097 238
0044 163 111 209 162 049 207 097 238
0045 049 207 096 238 188 167 233 217
0046 049 207 097 238 207 208 237 235
0047 049 206 097 238 192 179 229 234
0048 049 206 097 238 184 185 230 239
0049 049 205 098 237 185 188 227 238
0050 047 198 092 237 189 190 230 235
0051 035 189 078 231 189 191 228 236
0052 017 187 056 229 183 182 230 239
0053 009 194 037 233 000 000 000 000
0054 001 198 035 236 185 189 230 238
0055 002 208 033 239 182 191 228 236
0056 002 207 037 235 184 193 228 237
0057 003 214 039 239 185 197 224 236
0058 184 192 228 237 002 215 034 237
0059 183 188 229 238 007 215 036 239
0060 184 181 229 234 006 214 037 239
0061 184 181 227 235 004 215 036 239
