0000 104 210 149 239 000 000 000 000
0001 101 176 142 225 000 000 000 000
0002 102 111 135 168 000 000 000 000
0003 101 075 137 126 000 000 000 000
0004 103 065 135 121 000 000 000 000
0005 101 067 133 121 000 000 000 000
0006 100 071 132 125 000 000 000 000
0007 098 071 131 128 000 000 000 000
0008 098 072 131 129 000 000 000 000
0009 099 073 130 127 000 000 000 000
0010 100 069 131 123 000 000 000 000
0011 100 081 128 134 000 000 000 000
0012 094 106 122 154 000 000 000 000
0013 090 142 127 192 000 000 000 000
0014 097 188 138 234 000 000 000 000
0015 101 212 141 239 000 000 000 000
0016 100 222 140 236 000 000 000 000
0017 100 222 142 239 000 000 000 000
