0000 004 213 041 239 193 176 227 234
0001 002 211 040 238 193 176 227 235
0002 019 199 059 235 193 178 227 235
0003 032 190 079 229 193 179 227 235
0004 047 187 095 228 194 176 227 234
0005 058 186 106 227 192 175 229 238
0006 063 198 110 237 190 176 229 238
0007 064 204 112 237 190 176 229 238
0008 063 203 113 237 193 177 227 234
0009 059 202 112 238 190 177 229 239
0010 059 203 112 238 190 175 229 238
0011 063 203 112 238 189 174 228 234
0012 060 202 111 238 180 201 222 235
0013 175 173 218 224 060 202 111 238
0014 168 138 203 190 059 202 111 238
0015 059 202 111 238 165 111 196 163
0016 059 202 111 238 162 092 199 148
0017 158 073 191 129 059 202 111 238
0018 059 202 111 238 154 060 184 112
0019 059 202 111 238 147 060 180 109
0020 059 202 111 238 144 051 174 103
0021 059 202 111 238 137 046 171 102
0022 059 202 110 238 133 054 173 107
0023 059 202 110 238 136 053 173 105
0024 060 203 110 238 137 051 175 107
0025 060 203 110 238 137 055 173 103
0026 060 203 110 238 138 050 175 103
0027 060 203 110 238 140 052 173 104
0028 060 203 110 238 141 053 175 104
0029 060 203 110 238 133 047 172 104
0030 060 203 110 238 138 046 177 105
0031 060 203 110 237 139 047 176 105
0032 060 203 110 238 138 045 176 104
0033 060 203 110 237 139 045 177 104
0034 060 203 110 238 140 052 176 104
0035 060 203 110 237 139 047 177 101
0036 060 203 110 238 139 047 176 101
0037 060 202 110 238 140 048 174 101
0038 060 202 110 237 137 046 175 102
0039 139 055 183 108 061 203 109 237
0040 141 061 186 119 060 203 109 237
0041 060 202 110 238 148 088 196 145
0042 176 166 223 220 059 201 108 238
0043 060 200 108 238 193 201 237 238
0044 061 201 107 238 192 176 232 235
0045 061 199 105 239 193 179 232 232
0046 054 205 107 238 190 176 227 231
0047 050 206 108 238 000 000 000 000
0048 052 205 105 238 192 178 226 234
0049 049 203 102 239 190 175 224 232
0050 042 195 084 237 190 182 228 236
0051 029 197 069 236 192 178 226 233
0052 018 199 055 237 000 000 000 000
0053 009 203 046 237 000 000 000 000
0054 005 208 043 239 000 000 000 000
0055 003 209 043 239 000 000 000 000
0056 004 211 045 239 000 000 000 000
0057 004 214 043 239 000 000 000 000
0058 009 215 042 236 000 000 000 000
0059 006 215 043 239 191 184 229 237
