0009 108 221 143 239 000 000 000 000
0010 086 203 138 239 000 000 000 000
0011 085 176 132 219 000 000 000 000
0012 082 153 133 199 000 000 000 000
0013 088 126 126 175 000 000 000 000
0014 085 096 126 161 000 000 000 000
0015 085 086 124 151 000 000 000 000
0016 085 082 119 144 000 000 000 000
0017 082 086 117 142 000 000 000 000
0018 082 080 117 140 000 000 000 000
0019 082 080 117 139 000 000 000 000
0020 082 079 116 139 000 000 000 000
0021 082 079 117 140 000 000 000 000
0022 083 080 117 141 000 000 000 000
0023 084 080 117 140 000 000 000 000
0024 084 080 117 140 000 000 000 000
0025 083 082 117 140 000 000 000 000
0026 084 080 117 141 000 000 000 000
0027 082 081 118 142 000 000 000 000
0028 083 082 118 144 000 000 000 000
0029 083 097 123 155 000 000 000 000
0030 078 133 122 182 000 000 000 000
0031 074 177 128 226 127 180 163 218
