0000 142 175 181 214 059 200 105 235
0001 061 202 104 237 136 166 176 207
0002 058 198 102 236 138 161 174 201
0003 057 197 099 236 139 152 176 193
0004 059 199 099 236 141 140 180 183
0005 142 128 183 172 058 199 100 236
0006 144 118 181 163 058 198 100 236
0007 143 107 180 155 059 198 100 236
0008 142 093 178 143 059 199 099 235
0009 139 077 174 133 058 198 099 235
0010 137 061 171 122 060 199 098 235
0011 132 056 168 116 058 197 099 235
0012 059 197 100 234 130 052 167 113
0013 131 049 164 109 059 197 100 234
0014 130 049 165 106 059 197 099 234
0015 058 197 100 235 128 045 163 105
0016 129 047 163 107 060 200 103 239
0017 129 044 161 106 059 197 100 234
0018 127 043 161 105 060 200 103 239
0019 127 042 161 103 059 197 100 235
0020 124 043 161 104 059 197 100 235
0021 059 197 100 235 124 044 160 103
0022 059 197 100 235 125 044 160 102
0023 059 196 100 235 124 045 160 103
0024 061 197 100 234 124 041 159 101
0025 060 197 100 235 124 044 154 103
0026 061 197 099 234 124 041 158 100
0027 060 197 100 235 123 040 158 101
0028 060 197 100 235 123 040 158 101
0029 061 197 100 234 122 041 158 101
0030 062 201 103 239 122 045 158 103
0031 061 197 100 234 123 045 157 103
0032 060 197 100 235 123 046 156 102
0033 061 198 099 234 122 045 156 103
0034 060 198 100 235 123 044 156 102
0035 060 198 100 235 124 042 157 102
0036 125 044 160 105 061 201 103 239
0037 061 201 103 239 129 066 167 121
0038 059 198 099 235 132 097 167 145
0039 133 140 177 186 061 198 099 235
0040 060 198 099 235 143 176 181 224
0041 148 196 188 236 060 199 098 235
0042 148 197 189 236 061 199 100 235
0043 148 199 188 237 060 199 099 236
0044 148 199 188 237 060 199 098 236
