0006 151 178 195 234 000 000 000 000
0007 138 116 178 177 000 000 000 000
0008 130 087 172 156 000 000 000 000
0009 125 073 165 146 000 000 000 000
0010 122 074 163 142 000 000 000 000
0011 124 070 161 146 000 000 000 000
0012 123 074 162 148 000 000 000 000
0013 120 079 158 147 000 000 000 000
0014 120 080 157 146 000 000 000 000
0015 120 078 158 146 000 000 000 000
0016 120 080 158 147 000 000 000 000
0017 117 080 162 141 000 000 000 000
0018 117 080 163 142 000 000 000 000
0019 119 079 160 146 000 000 000 000
0020 119 079 160 147 000 000 000 000
0021 118 079 157 147 000 000 000 000
0022 116 080 163 142 000 000 000 000
0023 118 080 160 145 000 000 000 000
0024 125 084 165 158 000 000 000 000
0025 137 112 178 186 000 000 000 000
0026 157 201 197 239 000 000 000 000
