0000 113 175 170 214 070 182 107 222
0001 066 188 102 227 124 122 165 171
0002 134 093 172 147 065 185 096 225
0003 126 087 168 144 063 188 096 225
0004 063 188 098 226 127 086 166 142
0005 128 086 161 143 063 188 098 227
0006 126 089 162 152 061 188 099 229
0007 126 094 162 156 061 188 099 229
0008 124 099 159 164 065 187 100 229
0009 065 186 104 226 128 097 161 165
0010 065 187 104 229 121 099 158 166
0011 066 187 105 229 123 103 158 166
0012 130 096 160 167 065 184 104 225
0013 064 184 106 225 127 098 156 166
0014 065 184 106 224 126 096 157 158
0015 065 184 105 223 126 093 159 158
0016 067 181 105 221 125 109 160 169
0017 066 184 102 221 110 154 161 194
0018 096 202 155 239 063 183 100 220
0019 065 182 100 219 126 222 164 239
0020 065 179 103 216 126 222 166 239
0021 067 178 106 218 131 223 167 239
0022 070 181 102 217 131 223 168 239
0023 069 179 103 220 130 223 167 239
