0000 103 196 127 235 198 204 219 236
0001 104 198 128 236 195 204 216 236
0002 105 196 129 236 197 204 217 235
0003 106 196 130 234 195 205 215 237
0004 106 196 130 237 197 206 214 235
0005 105 197 129 236 193 205 215 238
0006 106 195 130 234 193 204 215 238
0007 106 196 130 234 193 206 214 239
0008 106 197 130 237 193 205 214 239
0009 105 200 127 236 193 201 214 238
0010 101 195 123 231 201 202 223 237
0011 086 184 114 221 212 184 239 223
0012 084 138 113 168 212 142 246 173
0013 080 080 109 125 215 084 242 117
0014 208 056 235 103 086 051 113 100
0015 090 029 118 072 199 029 225 075
0016 099 026 125 066 188 018 214 066
0017 099 025 129 062 182 023 209 061
0018 106 025 131 060 176 023 205 058
0019 106 027 133 062 177 024 203 061
0020 105 028 133 062 175 025 202 062
0021 105 028 133 061 174 026 203 064
0022 105 029 133 061 174 026 203 063
0023 105 029 134 060 174 027 202 063
0024 107 027 135 061 176 024 203 062
0025 109 027 138 061 176 024 204 063
0026 109 027 138 061 176 024 204 063
0027 109 027 138 061 176 024 204 063
0028 109 028 138 061 175 025 204 064
0029 175 026 204 064 109 028 139 063
0030 109 028 139 062 176 026 204 064
0031 176 024 204 064 110 027 138 062
0032 175 022 204 064 110 028 138 063
0033 177 024 205 065 110 027 138 062
0034 177 024 205 064 110 027 138 062
0035 177 023 205 065 110 028 138 062
0036 175 025 204 064 110 029 140 065
0037 179 027 206 066 108 027 137 065
0038 105 031 133 076 181 032 209 075
0039 098 063 126 105 194 058 221 102
0040 092 119 118 151 206 111 238 151
0041 101 177 121 216 215 179 231 212
0042 112 195 131 232 198 196 219 228
0043 104 197 139 235 191 196 208 232
0044 183 196 199 230 000 000 000 000
0045 184 197 199 230 000 000 000 000
0046 183 198 198 231 000 000 000 000
0047 183 196 199 231 000 000 000 000
0048 184 197 200 231 000 000 000 000
0049 183 197 200 231 000 000 000 000
0050 183 198 200 231 000 000 000 000
