0000 184 183 208 225 092 189 117 223
0001 093 188 117 223 185 184 209 224
0002 091 190 115 220 186 184 210 224
0003 187 183 211 223 093 189 117 224
0004 186 183 210 224 092 191 116 225
0005 091 191 115 218 191 186 214 223
0006 086 188 112 216 198 178 220 217
0007 079 175 106 200 209 170 234 195
0008 217 138 246 160 078 154 104 176
0009 213 096 247 135 064 120 093 149
0010 214 070 242 114 063 096 090 127
0011 208 056 234 101 066 073 095 112
0012 203 048 229 091 067 061 103 101
0013 073 057 100 092 201 048 229 089
0014 198 043 230 086 078 054 101 090
0015 195 047 224 085 083 055 105 092
0016 196 047 224 088 084 056 107 094
0017 196 048 223 086 083 057 106 093
0018 196 047 223 087 084 059 106 093
0019 196 047 223 086 081 057 105 098
0020 195 047 221 086 080 056 105 095
0021 195 048 221 085 080 056 104 096
0022 195 047 222 086 079 057 103 094
0023 195 047 222 086 077 056 102 095
0024 195 047 222 087 078 056 100 090
0025 195 048 221 086 079 057 100 090
0026 195 048 221 087 077 056 100 090
0027 196 047 222 086 078 057 101 093
0028 195 048 222 084 079 057 102 096
0029 202 053 227 097 078 058 103 094
0030 077 065 107 106 207 075 236 124
0031 199 130 235 150 079 080 105 116
0032 080 115 118 147 194 165 221 204
0033 181 183 207 225 087 147 115 172
0034 179 186 203 223 094 168 121 196
0035 188 184 212 222 099 186 124 220
0036 190 184 213 223 099 188 124 224
