0000 093 212 119 239 165 212 189 239
0001 093 212 119 239 164 213 188 239
0002 093 212 119 239 164 212 188 239
0003 093 212 119 239 164 213 188 239
0004 092 213 119 238 165 213 188 239
0005 087 205 118 239 166 206 199 237
0006 190 182 228 222 069 188 100 227
0007 054 150 083 188 198 137 247 170
0008 207 084 247 126 046 102 075 141
0009 050 066 076 107 201 053 230 102
0010 189 045 217 081 061 048 086 083
0011 180 042 207 081 067 043 095 077
0012 177 044 203 080 074 042 100 075
0013 175 047 202 081 072 039 100 076
0014 175 046 202 082 074 044 102 074
0015 176 046 202 082 074 041 102 070
0016 175 045 202 081 075 042 102 076
0017 177 046 204 082 076 041 102 074
0018 177 045 204 082 074 040 101 076
0019 177 044 205 083 074 041 101 075
0020 177 047 203 077 074 041 101 077
0021 075 041 101 075 175 043 201 081
0022 075 042 101 075 176 043 202 080
0023 072 039 098 077 177 044 204 081
0024 186 046 215 085 067 046 093 085
0025 059 071 087 111 195 065 227 106
0026 206 106 243 143 055 118 083 160
0027 201 155 233 207 059 169 088 216
0028 194 183 222 230 071 195 098 236
0029 178 204 204 239 081 212 109 238
0030 087 210 119 239 168 212 191 239
0031 090 214 117 238 168 209 190 239
0032 169 209 193 239 088 211 115 239
