0000 110 206 132 238 190 194 212 229
0001 110 208 133 236 193 195 213 228
0002 097 188 122 217 212 169 232 192
0003 215 106 237 132 093 130 113 154
0004 208 065 234 096 092 078 119 108
0005 199 024 228 062 098 032 127 066
0006 096 015 122 050 209 004 235 042
0007 096 014 120 052 214 009 241 048
0008 217 009 242 050 093 019 117 055
0009 217 010 242 050 094 016 119 057
0010 216 009 243 051 094 018 119 056
0011 217 010 243 050 092 018 117 059
0012 217 009 243 051 093 017 117 056
0013 209 014 237 059 095 018 119 058
0014 100 032 125 068 191 028 223 074
0015 106 062 132 099 184 078 213 109
0016 107 089 132 123 186 091 215 125
0017 107 129 130 158 200 130 223 160
0018 102 177 126 199 201 175 225 204
0019 107 204 128 236 197 192 216 226
0020 109 207 130 237 191 193 212 229
0021 189 192 210 228 113 208 131 237
0022 191 194 212 229 107 202 133 236
