0000 112 207 133 236 193 193 213 230
0001 112 208 134 235 193 193 213 226
0002 193 194 213 231 110 207 134 236
0003 193 194 213 231 112 206 134 235
0004 112 205 134 237 196 187 217 230
0005 106 186 128 221 208 176 228 205
0006 212 118 237 146 100 127 123 153
0007 102 071 128 107 202 069 228 107
0008 188 053 216 087 109 050 135 083
0009 116 049 141 078 184 052 214 082
0010 200 030 229 071 109 042 137 076
0011 109 035 135 075 207 029 235 076
0012 208 033 235 076 108 036 132 074
0013 208 033 234 076 108 034 134 074
0014 208 033 235 076 107 036 133 074
0015 207 034 235 076 107 035 133 074
0016 207 034 235 077 107 036 133 073
0017 198 036 229 082 110 038 133 076
0018 112 071 138 100 179 080 208 109
0019 182 107 208 140 118 100 143 134
0020 119 142 144 174 187 151 209 177
0021 118 177 139 204 190 174 211 205
0022 118 202 140 231 191 189 211 223
0023 114 208 135 237 193 193 213 228
0024 114 207 136 237 192 194 212 228
0025 190 194 212 229 108 209 134 238
0026 190 193 211 227 109 204 135 234
0027 191 189 212 223 115 206 138 236
