0000 111 205 136 236 187 190 208 226
0001 109 196 133 225 193 184 212 217
0002 101 160 123 183 207 145 232 165
0003 209 084 235 120 100 104 122 127
0004 193 053 219 087 102 051 126 083
0005 109 041 132 072 177 051 208 081
0006 182 042 219 076 110 039 137 067
0007 209 024 235 067 106 028 130 062
0008 212 026 240 073 106 027 129 063
0009 106 027 129 063 212 025 240 072
0010 106 026 130 063 212 033 237 070
0011 106 026 130 063 208 026 238 071
0012 105 028 129 063 211 031 238 074
0013 105 028 129 063 207 029 235 073
0014 193 039 223 079 108 038 131 071
0015 175 066 207 102 109 060 132 089
0016 112 090 136 116 181 091 205 126
0017 113 113 138 151 188 131 213 160
0018 112 151 135 177 194 170 212 196
0019 191 188 212 222 110 188 134 212
0020 111 200 131 230 186 191 209 228
0021 108 206 130 235 187 190 207 223
0022 108 207 130 234 185 192 206 226
0023 109 207 132 236 184 191 206 226
0024 111 207 134 236 185 193 205 228
