0007 142 189 187 238 000 000 000 000
0008 155 137 196 209 000 000 000 000
0009 158 114 197 190 000 000 000 000
0010 163 088 204 163 000 000 000 000
0011 165 068 204 141 000 000 000 000
0012 168 059 208 140 000 000 000 000
0013 170 056 210 131 000 000 000 000
0014 170 052 210 129 000 000 000 000
0015 171 052 210 130 000 000 000 000
0016 171 053 208 129 000 000 000 000
0017 172 052 208 129 000 000 000 000
0018 171 051 207 127 000 000 000 000
0019 170 054 207 127 000 000 000 000
0020 171 055 210 126 000 000 000 000
0021 171 051 210 126 000 000 000 000
0022 171 051 210 126 000 000 000 000
0023 170 053 209 130 000 000 000 000
0024 170 063 209 134 000 000 000 000
0025 162 084 202 158 000 000 000 000
0026 156 130 194 204 000 000 000 000
0027 142 172 188 231 000 000 000 000
