0006 127 223 162 239 000 000 000 000
0007 137 216 162 235 000 000 000 000
0008 142 205 173 234 000 000 000 000
0009 151 182 184 227 000 000 000 000
0010 150 158 191 204 000 000 000 000
0011 157 133 193 185 000 000 000 000
0012 156 106 194 166 000 000 000 000
0013 158 095 192 154 000 000 000 000
0014 156 089 192 152 000 000 000 000
0015 154 085 192 150 000 000 000 000
0016 157 086 192 148 000 000 000 000
0017 153 086 192 149 000 000 000 000
0018 153 085 189 146 000 000 000 000
0019 151 085 188 146 000 000 000 000
0020 152 085 186 146 000 000 000 000
0021 152 083 187 146 000 000 000 000
0022 152 084 187 145 000 000 000 000
0023 152 083 187 144 000 000 000 000
0024 152 083 186 145 000 000 000 000
0025 152 082 190 146 000 000 000 000
0026 151 086 192 145 000 000 000 000
0027 152 085 194 144 000 000 000 000
0028 154 084 197 143 000 000 000 000
0029 156 081 196 142 000 000 000 000
0030 154 081 199 139 000 000 000 000
0031 154 084 197 143 000 000 000 000
0032 155 076 199 135 000 000 000 000
0033 157 076 194 137 000 000 000 000
0034 155 076 200 138 000 000 000 000
0035 156 076 196 138 000 000 000 000
0036 155 077 196 138 000 000 000 000
0037 155 076 195 138 000 000 000 000
0038 155 075 195 138 000 000 000 000
0039 155 075 196 137 000 000 000 000
0040 155 078 197 136 000 000 000 000
0041 154 078 197 136 000 000 000 000
0042 154 078 197 137 000 000 000 000
0043 154 077 196 136 000 000 000 000
0044 154 077 195 136 000 000 000 000
0045 155 079 192 140 000 000 000 000
0046 154 079 195 138 000 000 000 000
0047 153 079 196 139 000 000 000 000
0048 156 076 194 139 000 000 000 000
0049 154 078 193 139 000 000 000 000
0050 153 077 193 140 000 000 000 000
0051 153 079 190 139 000 000 000 000
0052 154 079 190 139 000 000 000 000
0053 152 077 193 139 000 000 000 000
0054 151 079 195 140 000 000 000 000
0055 151 083 196 142 000 000 000 000
0056 157 077 193 141 000 000 000 000
0057 151 084 196 143 000 000 000 000
0058 151 080 195 139 000 000 000 000
0059 157 077 193 141 000 000 000 000
0060 153 078 188 138 000 000 000 000
0061 151 084 195 141 000 000 000 000
0062 152 079 193 139 000 000 000 000
0063 153 079 193 139 000 000 000 000
0064 153 079 194 138 000 000 000 000
0065 153 079 193 138 000 000 000 000
0066 153 079 194 138 000 000 000 000
0067 153 078 194 138 000 000 000 000
0068 153 079 194 138 000 000 000 000
0069 154 081 190 138 000 000 000 000
0070 156 079 195 137 000 000 000 000
0071 153 080 189 138 000 000 000 000
0072 152 087 194 151 000 000 000 000
0073 149 117 186 171 000 000 000 000
0074 143 163 177 205 000 000 000 000
0075 132 195 164 234 000 000 000 000
0076 123 221 156 239 000 000 000 000
