0007 195 214 234 239 000 000 000 000
0008 195 176 240 216 000 000 000 000
0009 200 131 242 181 000 000 000 000
0010 199 105 240 162 000 000 000 000
0011 196 086 236 154 000 000 000 000
0012 194 080 235 148 000 000 000 000
0013 193 076 235 146 000 000 000 000
0014 195 074 235 145 000 000 000 000
0015 195 074 237 145 000 000 000 000
0016 196 072 239 145 000 000 000 000
0017 199 071 239 143 000 000 000 000
0018 201 074 241 144 000 000 000 000
0019 202 072 247 141 000 000 000 000
0020 201 072 243 144 000 000 000 000
0021 203 075 246 140 000 000 000 000
0022 200 074 244 141 000 000 000 000
0023 204 075 246 139 000 000 000 000
0024 204 075 246 140 000 000 000 000
0025 204 073 246 147 000 000 000 000
0026 204 076 247 147 000 000 000 000
0027 204 101 247 155 000 000 000 000
0028 197 145 237 185 000 000 000 000
0029 189 188 227 237 000 000 000 000
