0000 141 193 195 239 000 000 000 000
0001 143 160 196 221 000 000 000 000
0002 137 128 188 201 000 000 000 000
0003 139 112 189 184 000 000 000 000
0004 135 104 186 177 000 000 000 000
0005 135 095 179 175 000 000 000 000
0006 137 092 177 168 000 000 000 000
0007 137 086 177 162 000 000 000 000
0008 138 083 182 162 000 000 000 000
0009 133 082 184 157 000 000 000 000
0010 136 078 182 159 000 000 000 000
0011 137 076 181 155 000 000 000 000
0012 137 077 182 158 000 000 000 000
0013 137 076 181 157 000 000 000 000
0014 137 078 179 156 000 000 000 000
0015 136 077 181 157 000 000 000 000
0016 137 086 184 166 000 000 000 000
0017 134 112 183 187 000 000 000 000
0018 134 159 187 228 000 000 000 000
0019 136 194 182 239 000 000 000 000
0031 063 222 110 239 000 000 000 000
