0000 124 186 156 236 000 000 000 000
0010 048 223 073 239 000 000 000 000
0011 030 220 057 239 195 218 225 239
0012 014 200 043 226 210 199 239 235
0013 218 188 248 223 008 187 037 212
0014 220 175 257 210 001 176 033 204
0015 219 164 258 198 001 171 034 196
0016 221 160 259 194 001 165 034 191
0017 222 156 259 189 001 164 029 189
0018 223 157 257 190 001 165 032 190
0019 223 155 259 188 001 163 029 190
0020 219 157 256 190 000 168 029 192
0021 211 162 243 195 003 164 032 190
0022 188 160 218 194 009 164 042 193
0023 166 163 198 200 025 168 054 192
0024 140 161 177 199 037 162 072 193
0025 119 161 157 197 049 159 084 191
0026 108 159 150 196 056 161 091 192
0027 099 159 140 196 063 163 099 196
0028 070 169 099 199 096 159 138 195
0029 095 160 137 195 072 168 100 199
0030 095 159 137 196 072 168 101 200
0031 094 159 136 196 072 168 101 198
0032 095 160 137 198 072 170 099 199
0033 099 165 139 202 072 171 097 198
0034 104 179 145 215 067 180 096 212
0035 111 190 157 232 065 195 092 225
0036 132 210 169 239 063 212 094 239
0037 148 223 176 239 000 000 000 000
