0002 226 191 260 228 000 000 000 000
0003 254 166 286 193 000 000 000 000
0004 259 149 297 176 000 000 000 000
0005 261 148 295 174 000 000 000 000
0006 264 142 301 163 000 000 000 000
0007 261 123 310 152 000 000 000 000
0008 205 108 256 145 000 000 000 000
0009 151 101 200 140 049 118 095 162
0010 141 099 179 141 071 114 127 159
0011 076 110 134 157 135 101 170 140
0012 080 108 131 154 134 099 167 138
0013 128 100 168 139 081 107 133 150
0014 131 101 167 139 080 104 132 147
0015 131 099 167 137 088 103 131 144
0016 131 099 168 137 083 103 134 145
0017 142 109 182 148 074 115 127 160
0018 058 142 097 195 162 143 197 195
0019 175 214 208 239 031 207 074 238
0021 158 222 175 239 000 000 000 000
