0000 099 211 122 236 195 222 220 239
0001 099 210 125 238 196 220 222 239
0002 195 216 218 235 097 212 122 239
0003 099 209 128 239 192 217 220 238
0004 099 208 126 233 192 217 220 238
0005 099 209 129 239 191 218 219 239
0006 098 209 129 239 191 218 219 238
0007 097 207 128 239 192 222 217 239
0008 097 208 128 239 191 219 218 238
0009 099 209 126 237 191 221 217 239
0010 097 208 128 239 191 217 219 238
0011 097 208 128 239 191 217 219 238
0012 098 208 128 239 191 216 219 238
0013 098 207 128 239 195 220 220 239
0014 099 209 124 237 195 220 220 239
0015 097 213 124 239 191 217 219 238
0016 090 207 122 239 191 217 221 238
0017 084 207 114 239 193 218 221 239
0018 076 195 112 237 177 207 210 237
0019 068 188 111 232 156 193 199 236
0020 128 176 180 222 074 174 110 222
0021 118 158 166 204 079 160 113 211
0022 104 149 157 198 084 156 114 198
0023 100 144 153 195 084 155 113 203
0024 101 145 149 194 081 157 111 203
0025 099 142 152 195 081 153 112 197
0026 093 144 158 190 079 154 112 206
0027 100 143 145 196 081 154 118 198
0028 097 144 150 195 080 155 118 199
0029 094 149 150 201 079 157 116 205
0030 092 147 157 197 081 160 110 201
0031 096 148 152 201 082 154 113 201
0032 095 148 150 202 082 156 112 201
0033 096 149 152 202 077 156 111 208
0034 097 150 152 204 082 161 113 212
0035 098 149 152 205 074 158 107 210
0036 095 151 147 204 074 156 109 210
0037 094 151 147 204 077 157 109 202
0038 094 148 148 205 075 156 109 208
0039 094 148 148 205 075 157 109 206
0040 094 149 148 205 074 156 107 211
0041 094 149 149 205 075 157 106 209
0042 098 150 150 203 075 157 108 206
0043 098 148 150 202 073 155 107 210
0044 097 151 151 203 073 156 107 204
0045 097 149 152 203 073 156 111 214
0046 098 150 152 202 073 154 112 214
0047 098 150 151 202 074 155 111 213
0048 101 146 153 197 074 155 113 212
0049 094 148 159 196 077 157 112 209
0050 107 153 156 192 080 161 109 214
0051 132 161 182 196 083 168 113 217
0052 159 175 198 210 088 180 113 222
0053 179 193 210 223 085 187 114 229
0054 090 195 119 236 188 211 219 239
0055 088 196 124 236 194 212 221 239
0056 095 206 123 239 197 218 225 238
0057 095 206 125 237 199 218 227 238
0058 101 205 128 237 199 218 227 237
0059 105 208 126 234 196 219 224 238
0060 104 210 128 239 197 221 222 239
0061 105 209 128 239 197 222 222 239
0062 102 207 132 237 201 221 225 239
0063 106 207 127 237 201 220 225 239
0064 106 208 131 239 197 223 221 239
0065 106 209 132 239 196 223 221 239
0066 106 208 131 239 196 223 221 239
