0000 071 209 110 239 000 000 000 000
0001 069 209 117 239 000 000 000 000
0002 069 210 118 239 000 000 000 000
0003 071 207 116 239 000 000 000 000
0004 076 204 121 238 000 000 000 000
0005 090 189 137 234 000 000 000 000
0006 107 177 153 219 000 000 000 000
0007 136 156 176 192 000 000 000 000
0008 162 125 207 160 000 000 000 000
0009 187 089 238 127 000 000 000 000
0010 206 074 256 111 000 000 000 000
0011 235 069 277 106 000 000 000 000
0012 256 068 296 101 000 000 000 000
0013 261 074 300 102 000 000 000 000
0014 258 076 297 101 000 000 000 000
0015 255 080 299 102 000 000 000 000
0016 255 085 297 106 000 000 000 000
0017 254 082 298 104 000 000 000 000
0018 253 080 299 106 000 000 000 000
0019 256 084 301 106 000 000 000 000
0020 257 085 302 109 000 000 000 000
0021 264 092 303 111 000 000 000 000
0022 258 080 304 109 000 000 000 000
0023 249 067 302 094 000 000 000 000
0024 236 053 283 085 000 000 000 000
0025 213 051 257 088 000 000 000 000
0026 180 065 209 105 000 000 000 000
0027 150 090 180 132 000 000 000 000
0028 127 127 158 165 000 000 000 000
0029 092 177 130 218 000 000 000 000
0030 080 202 122 236 000 000 000 000
0031 076 216 118 239 000 000 000 000
0032 085 220 120 239 000 000 000 000
