0000 164 190 191 225 084 189 104 222
0001 164 191 190 226 086 191 105 223
0002 164 191 189 225 084 188 105 224
0003 164 191 189 225 089 190 107 220
0004 164 191 189 226 088 194 108 223
0005 164 191 190 225 089 191 107 221
0006 164 191 189 226 085 190 102 219
0007 164 191 189 225 083 190 102 223
0008 164 192 189 226 084 188 103 222
0009 164 190 189 225 088 192 106 224
0010 165 188 190 224 086 190 108 224
0011 175 186 202 227 086 190 109 225
0012 189 179 216 219 087 189 109 225
0013 210 171 238 208 084 190 105 224
0014 083 192 104 225 224 159 257 189
0015 082 193 102 225 235 142 273 178
0016 081 193 102 226 239 137 279 167
0017 081 193 102 225 243 131 283 160
0018 082 191 102 226 244 128 284 156
0019 082 191 103 225 244 129 286 155
0020 082 192 103 226 245 129 285 155
0021 082 193 102 226 245 129 285 155
0022 082 192 102 226 245 129 284 155
0023 081 193 102 227 245 129 286 156
0024 081 193 102 227 245 131 288 152
0025 082 193 102 227 246 127 286 153
0026 083 193 102 226 246 126 286 154
0027 082 189 103 223 246 127 286 154
0028 083 190 104 225 246 127 286 154
0029 083 191 104 225 245 125 286 155
0030 083 190 104 225 246 125 286 155
0031 084 190 105 225 245 126 286 155
0032 084 190 105 225 247 126 287 154
0033 084 190 105 225 246 126 287 154
0034 084 190 105 225 246 125 287 155
0035 084 190 104 224 247 129 286 156
0036 084 190 104 225 244 129 279 161
0037 084 189 105 224 239 134 267 171
0038 231 143 261 186 084 189 105 225
0039 223 154 247 194 084 189 105 224
0040 213 166 234 204 085 189 105 224
0041 086 191 105 222 202 174 225 212
0042 083 189 103 222 196 179 216 215
0043 084 187 104 222 182 183 202 223
0044 174 190 195 226 087 192 106 223
0045 171 192 189 224 088 188 107 223
0046 089 192 110 223 168 189 191 226
0047 170 188 193 223 089 192 109 221
0048 169 189 192 223 090 192 110 222
