0005 209 201 261 238 000 000 000 000
0006 223 175 280 219 000 000 000 000
0007 239 146 290 173 000 000 000 000
0008 243 130 319 160 000 000 000 000
0009 248 114 319 142 000 000 000 000
0010 244 107 315 135 000 000 000 000
0011 247 101 317 133 000 000 000 000
0012 249 103 319 131 000 000 000 000
0013 248 103 319 131 000 000 000 000
0014 246 103 314 130 000 000 000 000
0015 245 103 315 131 000 000 000 000
0016 249 102 319 130 000 000 000 000
0017 247 103 318 131 000 000 000 000
0018 244 104 318 132 000 000 000 000
0019 242 103 319 132 000 000 000 000
0020 243 102 319 131 000 000 000 000
0021 241 103 318 133 000 000 000 000
0022 243 103 318 135 000 000 000 000
0023 239 105 311 134 000 000 000 000
0024 233 119 307 154 000 000 000 000
0025 214 164 267 196 000 000 000 000
0026 197 214 245 239 000 000 000 000
