0000 156 200 198 236 108 220 155 239
0001 156 201 197 236 107 219 154 239
0002 156 200 197 237 111 215 153 238
0003 157 200 198 237 108 219 155 238
0004 157 197 198 238 110 220 156 239
0005 159 185 203 234 110 218 153 236
0006 179 167 220 205 104 219 161 239
0007 184 139 238 171 107 219 155 239
0008 194 123 251 148 108 218 162 239
0009 201 115 264 142 106 217 162 239
0010 217 108 280 132 105 218 162 239
0011 227 113 297 138 104 218 156 239
0012 239 117 303 143 104 213 158 235
0013 239 118 303 143 105 213 158 235
0014 239 115 304 141 105 213 159 235
0015 240 118 303 143 104 213 159 235
0016 237 118 305 143 103 217 158 239
0017 236 114 307 142 104 213 159 235
0018 240 115 305 141 104 216 157 239
0019 240 116 306 143 106 213 160 235
0020 239 115 304 143 108 220 157 239
0021 237 117 306 143 105 213 158 237
0022 237 117 307 143 103 217 161 239
0023 237 117 307 143 105 213 159 236
0024 240 116 306 141 103 218 162 239
0025 234 115 306 141 104 218 162 239
0026 234 118 298 144 107 215 157 236
0027 228 113 285 139 107 218 163 238
0028 222 118 265 152 104 214 156 236
0029 209 126 249 165 105 214 157 236
0030 196 148 233 185 103 216 156 239
0031 180 171 220 209 107 213 160 239
0032 172 187 207 221 108 218 158 239
0033 162 195 197 230 107 211 155 239
0034 110 203 155 237 160 197 197 234
0035 163 197 199 233 109 201 159 238
0036 163 197 201 234 107 201 153 238
0037 164 196 201 234 111 198 157 236
0038 110 198 157 236 165 198 200 234
0039 111 199 158 237 164 197 201 234
0040 110 199 158 238 164 198 201 234
0041 112 199 157 239 164 198 201 234
0042 112 199 159 238 163 199 200 233
0043 111 198 158 238 164 199 200 233
0044 111 198 158 238 164 199 200 233
