0000 067 158 121 206 164 164 213 205
0001 073 154 116 203 162 166 216 210
0002 070 159 118 207 162 166 215 211
0003 073 158 122 208 161 164 216 208
0004 070 159 118 208 161 165 209 205
0005 162 155 214 201 070 156 118 207
0006 163 140 212 188 070 157 118 208
0007 158 129 206 186 070 157 118 207
0008 158 118 211 185 070 156 118 207
0009 156 112 209 173 074 154 121 203
0010 074 155 121 203 156 104 221 141
0011 074 158 122 208 151 093 206 132
0012 143 093 199 128 069 157 118 207
0013 071 157 119 207 148 085 202 135
0014 070 157 122 207 154 090 200 141
0015 150 088 201 142 070 157 122 207
0016 149 094 203 145 071 157 118 208
0017 147 093 204 150 070 158 122 207
0018 071 157 118 208 147 095 206 146
0019 144 095 207 146 074 157 120 203
0020 145 094 214 134 070 157 122 208
0021 075 158 120 203 148 094 218 131
0022 070 158 122 208 154 090 216 125
0023 070 158 122 208 149 092 219 135
0024 069 159 118 206 154 095 211 154
0025 147 097 207 148 070 156 123 206
0026 148 099 206 151 071 156 118 207
0027 073 157 122 207 149 102 211 152
0028 074 156 122 207 157 101 208 156
0029 074 157 122 207 152 099 217 143
0030 153 096 220 142 073 156 122 208
0031 073 157 122 207 153 095 221 133
0032 074 157 121 207 156 094 218 131
0033 153 097 225 141 073 156 122 207
0034 159 108 209 167 074 156 122 207
0035 162 118 207 187 073 156 122 207
0036 069 157 119 206 166 132 206 206
0037 070 157 119 206 163 142 209 206
0038 069 157 120 208 162 155 209 211
0039 164 166 208 211 069 158 123 207
0040 073 158 123 208 163 162 207 213
0041 164 166 206 214 069 158 123 208
0042 071 154 120 203 164 163 207 213
0043 071 150 120 204 159 161 204 212
