0000 119 142 155 201 000 000 000 000
0001 120 142 154 200 000 000 000 000
0002 120 142 155 200 000 000 000 000
0003 120 142 156 201 000 000 000 000
0004 120 142 155 200 000 000 000 000
0005 120 142 155 200 000 000 000 000
0006 120 141 155 199 000 000 000 000
0007 120 141 155 200 000 000 000 000
0008 120 141 155 200 000 000 000 000
0009 119 141 155 200 000 000 000 000
0010 119 140 155 199 000 000 000 000
0011 119 140 155 199 000 000 000 000
0012 120 139 155 197 000 000 000 000
0013 120 139 155 196 000 000 000 000
0014 120 138 155 195 000 000 000 000
0015 120 137 155 195 000 000 000 000
0016 120 137 155 196 000 000 000 000
0017 120 138 155 197 000 000 000 000
0018 120 137 155 195 000 000 000 000
0019 117 133 159 191 000 000 000 000
0020 117 136 158 176 000 000 000 000
0021 115 139 157 160 000 000 000 000
0022 115 133 158 163 000 000 000 000
0023 115 128 158 163 000 000 000 000
0024 118 125 157 164 000 000 000 000
0025 118 126 157 164 000 000 000 000
0026 118 127 156 164 000 000 000 000
0027 118 126 158 163 000 000 000 000
0028 118 132 157 165 000 000 000 000
0029 117 138 159 166 000 000 000 000
0030 116 141 155 175 000 000 000 000
0031 117 144 158 193 000 000 000 000
0032 116 154 163 222 000 000 000 000
0033 118 167 162 233 000 000 000 000
0034 119 178 162 238 000 000 000 000
0035 123 193 161 239 000 000 000 000
0036 126 195 161 239 000 000 000 000
0037 122 199 157 239 000 000 000 000
0038 127 206 161 239 000 000 000 000
0039 122 206 163 239 000 000 000 000
0040 124 210 164 238 000 000 000 000
0041 126 210 163 238 000 000 000 000
0042 124 209 164 238 000 000 000 000
0043 124 210 163 238 000 000 000 000
0044 123 211 163 238 000 000 000 000
0045 126 211 163 238 000 000 000 000
0046 123 211 163 237 000 000 000 000
0047 125 211 163 237 000 000 000 000
0048 123 209 164 237 000 000 000 000
0049 123 209 164 237 000 000 000 000
0050 121 214 162 239 000 000 000 000
0051 122 209 164 237 000 000 000 000
0052 123 209 164 237 000 000 000 000
