0000 031 209 075 239 000 000 000 000
0001 030 209 076 239 000 000 000 000
0002 030 209 076 239 000 000 000 000
0003 030 206 076 237 000 000 000 000
0004 029 208 076 238 121 209 169 238
0005 117 196 170 237 030 206 074 238
0006 120 164 177 214 022 203 069 238
0007 124 137 184 184 012 203 050 238
0008 132 119 192 168 014 199 041 236
0009 131 112 191 163 020 199 048 235
0010 127 119 190 170 023 202 065 236
0011 135 123 195 189 024 202 067 234
0012 141 130 203 202 023 203 065 235
0013 154 128 213 183 023 204 062 235
0014 023 203 065 235 158 116 221 169
0015 022 203 064 236 153 118 224 167
0016 023 205 066 236 153 113 219 162
0017 156 116 219 167 023 205 069 238
0018 156 112 220 163 023 206 067 237
0019 146 104 210 159 023 208 067 238
0020 131 088 189 142 024 208 067 238
0021 129 078 188 133 023 206 065 235
0022 126 081 187 131 021 207 065 235
0023 125 095 183 143 022 206 067 235
0024 129 119 190 174 022 206 068 235
0025 167 130 214 203 023 207 068 235
0026 185 103 240 159 022 209 069 239
0027 176 074 235 143 023 209 069 239
0028 169 064 218 138 017 207 072 239
0029 158 070 219 134 022 205 067 236
0030 145 085 195 121 020 209 066 237
0031 130 080 188 132 023 206 067 235
0032 123 073 182 127 020 207 066 236
0033 124 079 180 125 023 206 066 235
0034 126 108 182 167 023 209 067 236
0035 160 124 217 184 020 206 065 237
0036 177 092 232 149 022 205 067 236
0037 180 062 236 128 022 205 069 236
0038 167 040 224 114 024 204 072 234
0039 164 042 214 107 022 208 068 236
0040 153 065 205 111 026 210 069 238
0041 139 096 192 141 020 205 066 236
0042 135 135 189 193 012 202 051 234
0043 124 165 184 222 004 199 041 239
0044 115 194 173 239 007 194 046 237
0045 009 196 051 237 114 208 168 239
0046 021 196 064 237 000 000 000 000
0047 028 201 073 238 000 000 000 000
0048 029 203 075 238 000 000 000 000
0049 030 205 076 238 000 000 000 000
0050 031 208 074 238 000 000 000 000
0051 032 207 077 238 000 000 000 000
0052 032 207 076 238 000 000 000 000
0053 031 208 075 238 000 000 000 000
0054 032 209 074 238 000 000 000 000
