0000 068 158 118 207 160 164 203 210
0001 068 159 118 207 159 164 203 209
0002 068 159 118 207 153 151 207 199
0003 068 158 118 207 153 124 195 170
0004 153 107 200 168 068 158 118 207
0005 157 099 197 172 068 158 118 207
0006 068 158 118 207 156 102 205 152
0007 068 158 118 207 146 087 200 125
0008 068 158 118 207 152 076 212 118
0009 068 157 118 207 150 072 196 123
0010 155 089 201 153 068 157 118 207
0011 069 158 117 206 158 101 197 183
0012 069 157 118 206 156 104 209 160
0013 069 158 118 206 157 094 209 131
0014 069 159 118 206 155 080 208 119
0015 069 158 118 206 155 078 194 120
0016 069 159 118 206 154 087 199 131
0017 069 159 118 206 160 104 200 159
0018 157 111 197 182 070 160 117 206
0019 070 160 118 205 158 115 201 163
0020 069 159 117 206 150 112 214 145
0021 070 159 117 206 155 110 198 145
0022 070 160 117 206 162 124 211 169
0023 067 158 118 206 171 147 216 203
0024 067 159 118 207 174 161 215 206
0025 067 157 118 205 176 160 213 206
0026 177 158 211 206 070 156 118 204
0027 070 155 123 202 174 159 211 205
0028 066 152 121 202 177 160 211 207
0029 067 152 121 202 176 163 214 209
0030 066 154 122 201 177 160 210 206
0031 067 153 120 202 177 159 210 206
0032 067 155 122 201 176 163 214 209
0033 065 154 122 202 178 160 211 206
0034 065 154 121 202 178 161 211 206
0035 068 153 120 203 173 161 214 206
0036 068 152 124 201 173 160 214 207
