0000 179 223 204 239 000 000 000 000
0001 164 199 217 239 000 000 000 000
0002 165 158 222 220 000 000 000 000
0003 166 138 224 190 000 000 000 000
0004 169 104 226 160 000 000 000 000
0005 166 090 227 145 000 000 000 000
0006 180 091 234 153 000 000 000 000
0007 193 077 242 121 000 000 000 000
0008 193 056 245 126 000 000 000 000
0009 194 053 246 129 000 000 000 000
0010 192 061 245 130 000 000 000 000
0011 183 074 224 141 000 000 000 000
0012 180 088 230 147 000 000 000 000
0013 184 095 234 161 000 000 000 000
0014 206 069 240 137 000 000 000 000
0015 202 060 241 135 000 000 000 000
0016 200 058 239 133 000 000 000 000
0017 200 062 240 135 000 000 000 000
0018 195 092 241 148 000 000 000 000
0019 189 112 236 162 000 000 000 000
0020 186 131 228 188 000 000 000 000
0021 185 171 228 223 000 000 000 000
0022 185 210 229 239 000 000 000 000
