0000 201 212 223 238 111 223 135 239
0001 205 213 230 237 109 220 136 237
0002 220 213 245 237 114 222 137 239
0003 227 205 266 239 113 217 139 239
0004 237 201 275 228 112 217 140 239
0005 252 182 291 213 113 221 136 236
0006 258 169 301 201 112 221 139 239
0007 265 147 304 177 109 220 135 239
0008 269 124 305 157 106 220 135 239
0009 272 092 300 130 106 220 133 238
0010 259 048 284 096 106 218 133 239
0011 235 030 261 073 107 218 135 238
0012 199 022 234 055 101 219 129 239
0013 170 025 213 057 101 218 130 239
0014 155 033 199 061 107 217 135 238
0015 144 045 188 065 106 218 131 238
0016 139 048 186 072 108 217 132 235
0017 141 052 186 075 101 220 130 239
0018 147 050 191 071 106 222 131 239
0019 156 051 196 069 103 215 129 239
0020 160 045 199 065 103 215 129 239
0021 170 043 212 068 103 217 127 236
0022 181 043 221 070 104 218 131 238
0023 202 052 242 081 105 220 132 239
0024 223 056 258 094 104 220 127 237
0025 246 072 271 112 105 220 131 238
0026 256 093 280 140 103 218 130 239
0027 255 111 288 158 103 217 129 239
0028 257 124 288 166 105 215 133 238
0029 263 131 293 169 102 216 131 239
0030 260 129 298 167 108 216 133 238
0031 268 125 301 161 108 215 133 237
0032 267 110 305 153 111 217 130 239
0033 269 082 302 134 103 216 131 238
0034 252 040 277 087 101 219 127 239
0035 207 023 246 056 098 213 126 239
0036 164 023 211 047 104 214 131 239
0037 145 026 194 052 103 218 130 239
0038 133 036 179 059 101 212 132 239
0039 130 043 176 067 106 214 132 238
0040 131 050 176 076 106 214 133 238
0041 131 054 173 081 104 212 133 239
0042 127 056 181 086 108 216 136 239
0043 135 060 188 087 108 215 137 239
0044 148 059 188 086 105 215 134 238
0045 159 065 196 090 106 215 136 238
0046 171 074 211 108 109 217 141 239
0047 181 096 223 130 114 218 141 238
0048 199 138 227 174 113 221 142 239
0049 203 183 227 225 114 220 143 239
0050 115 211 145 238 192 219 218 239
0051 118 211 147 239 201 223 223 239
0052 119 208 145 239 198 216 225 237
0053 122 204 148 236 201 219 224 239
0054 126 196 152 225 200 217 223 239
