0004 048 221 082 239 000 000 000 000
0007 070 220 101 239 000 000 000 000
0008 066 221 095 239 000 000 000 000
0009 057 222 088 239 000 000 000 000
0010 051 220 084 239 000 000 000 000
0011 042 216 078 239 000 000 000 000
0012 042 217 082 239 000 000 000 000
0021 166 210 213 239 000 000 000 000
0022 154 170 212 210 000 000 000 000
0023 151 141 212 183 000 000 000 000
0024 157 089 210 144 000 000 000 000
0025 163 056 215 107 000 000 000 000
0026 184 014 236 075 000 000 000 000
0027 205 002 251 060 000 000 000 000
0028 223 001 269 055 000 000 000 000
0029 241 003 283 056 000 000 000 000
0030 253 013 298 068 000 000 000 000
0031 267 028 312 081 000 000 000 000
0032 286 068 311 113 000 000 000 000
0033 291 103 316 140 000 000 000 000
0035 289 162 311 191 000 000 000 000
0036 040 215 081 239 000 000 000 000
0037 290 190 311 229 044 218 084 239
0048 107 220 130 239 000 000 000 000
0049 103 222 127 239 000 000 000 000
0050 100 223 125 239 000 000 000 000
0051 096 221 125 239 000 000 000 000
0052 092 221 120 237 000 000 000 000
0053 073 220 102 239 000 000 000 000
0054 054 218 093 239 000 000 000 000
0057 101 077 151 113 000 000 000 000
0059 094 079 146 122 000 000 000 000
0060 093 076 147 116 000 000 000 000
0061 090 076 147 115 000 000 000 000
0062 091 075 141 120 000 000 000 000
0063 091 071 139 114 000 000 000 000
