0000 118 204 138 233 133 202 154 232
0001 113 204 136 236 126 204 149 234
0002 108 204 128 235 131 207 157 239
0003 105 205 126 236 136 207 169 239
0004 098 204 125 237 162 218 188 238
0005 176 215 209 237 096 213 119 239
0006 089 209 114 239 193 214 228 239
0007 221 208 256 237 086 210 109 239
0008 087 213 112 239 244 184 274 210
0009 255 158 283 190 087 209 109 239
0010 263 134 293 169 086 209 109 239
0011 087 209 112 239 264 117 299 157
0012 087 210 112 239 267 101 300 129
0013 087 212 112 239 257 074 298 102
0014 247 049 288 071 085 214 111 236
0015 087 211 112 239 235 032 279 055
0016 088 211 113 239 219 019 261 040
0017 202 010 251 033 087 211 111 239
0018 086 214 112 238 181 001 204 020
0019 086 212 112 237 169 008 185 035
0020 089 207 112 238 150 001 169 030
0021 134 000 153 030 087 211 112 237
0022 120 000 144 029 091 209 112 238
0023 090 214 114 237 107 009 142 039
0024 088 209 113 239 105 022 139 045
0025 088 209 113 239 105 030 143 052
0026 091 209 114 238 103 036 142 057
0027 108 036 146 056 088 211 112 235
0028 112 040 147 059 088 210 113 239
0029 090 211 117 239 115 040 147 063
0030 089 210 113 239 118 036 153 063
0031 088 209 114 239 123 039 152 060
0032 088 208 113 239 125 027 161 056
0033 090 212 115 237 124 031 158 052
0034 123 028 159 051 088 210 112 239
0035 088 209 112 239 126 029 161 056
0036 090 213 115 238 123 028 156 054
0037 128 027 161 050 091 213 116 238
0038 089 210 113 239 149 015 178 039
0039 090 209 113 239 173 011 196 042
0040 089 210 117 239 188 015 208 051
0041 089 206 111 235 213 028 240 070
0042 217 052 260 095 085 206 110 235
0043 081 205 112 237 232 082 277 112
0044 080 204 112 237 247 108 290 144
0045 251 145 292 177 085 205 111 235
0046 087 209 109 239 235 182 280 208
0047 090 206 111 237 219 206 259 225
0048 204 211 236 235 089 211 114 236
0049 090 212 114 237 187 217 228 239
0050 090 213 113 237 176 223 202 239
0051 089 213 113 238 170 221 190 239
0052 156 210 183 237 090 208 114 238
0053 087 212 113 236 149 205 182 237
0054 145 204 179 235 088 213 113 236
0055 144 205 179 235 091 214 117 239
0056 089 211 114 239 147 206 180 236
0057 147 208 179 236 091 210 115 235
0058 147 209 179 237 090 208 114 238
0059 147 210 180 238 092 210 116 235
0060 149 210 181 238 090 208 114 238
0061 151 213 181 238 089 209 114 238
0062 089 209 114 238 153 215 181 237
0063 089 208 114 238 157 219 184 239
0064 089 209 114 238 164 221 187 239
0065 089 208 114 238 170 221 191 239
0066 087 213 114 239 170 222 192 239
0067 092 209 116 239 171 222 192 239
0068 087 210 118 239 170 222 193 239
0069 090 214 115 239 169 218 189 236
0070 089 208 114 238 168 222 188 239
