0000 118 222 160 238 173 225 208 239
0001 170 223 206 239 121 223 166 239
0002 168 222 206 239 121 224 166 239
0003 165 218 207 239 120 225 165 239
0004 165 208 207 239 120 225 164 239
0005 162 181 206 230 119 224 167 238
0006 160 140 205 196 119 224 165 239
0007 164 108 212 170 120 224 168 238
0008 167 084 215 146 120 225 168 239
0009 171 069 216 132 121 225 168 239
0010 166 057 219 125 120 226 168 239
0011 165 054 212 116 118 226 164 239
0012 167 053 213 115 118 224 168 238
0013 166 055 210 114 118 225 165 238
0014 167 054 212 115 119 224 169 238
0015 167 055 211 114 119 224 169 239
0016 167 054 212 115 119 225 161 239
0017 167 054 213 115 118 224 165 239
0018 166 054 212 112 119 224 168 238
0019 167 055 213 115 119 224 168 238
0020 167 055 214 115 118 224 168 238
0021 168 058 212 115 119 225 168 239
0022 168 072 210 125 119 224 168 239
0023 171 110 211 168 119 224 168 238
0024 172 169 215 221 120 223 167 238
0025 169 209 210 239 118 224 162 238
0026 173 225 207 239 119 224 165 239
0027 118 223 161 238 169 224 207 239
0028 170 225 206 239 118 224 161 238
0029 117 224 161 238 171 226 203 239
