0005 146 222 196 238 000 000 000 000
0006 140 218 192 239 000 000 000 000
0007 143 210 197 239 000 000 000 000
0008 151 196 202 236 000 000 000 000
0009 159 158 209 213 000 000 000 000
0010 169 130 219 184 000 000 000 000
0011 171 108 224 176 000 000 000 000
0012 177 089 226 165 000 000 000 000
0013 175 079 225 152 000 000 000 000
0014 173 075 228 148 000 000 000 000
0015 173 076 230 146 000 000 000 000
0016 172 074 232 146 000 000 000 000
0017 173 078 239 145 000 000 000 000
0018 173 072 236 139 000 000 000 000
0019 174 074 238 143 000 000 000 000
0020 176 072 240 143 000 000 000 000
0021 177 073 240 142 000 000 000 000
0022 177 073 240 141 000 000 000 000
0023 178 072 240 138 000 000 000 000
0024 180 070 241 141 000 000 000 000
0025 181 075 241 145 000 000 000 000
0026 181 082 238 155 000 000 000 000
0027 181 104 223 173 000 000 000 000
0028 176 168 217 221 000 000 000 000
0029 177 208 218 239 000 000 000 000
