0005 160 211 209 239 000 000 000 000
0006 171 183 224 239 000 000 000 000
0007 183 135 240 202 000 000 000 000
0008 187 094 242 161 000 000 000 000
0009 187 063 245 147 000 000 000 000
0010 186 057 238 120 000 000 000 000
0011 182 050 234 113 000 000 000 000
0012 182 052 236 109 000 000 000 000
0013 182 050 237 111 000 000 000 000
0014 178 049 238 118 000 000 000 000
0015 180 052 236 117 000 000 000 000
0016 179 056 237 119 000 000 000 000
0017 181 056 237 119 000 000 000 000
0018 180 054 237 117 000 000 000 000
0019 179 059 237 119 000 000 000 000
0020 181 054 238 116 000 000 000 000
0021 181 056 236 119 000 000 000 000
0022 180 058 238 117 000 000 000 000
0023 181 059 238 119 000 000 000 000
0024 181 050 237 114 000 000 000 000
0025 181 059 232 127 000 000 000 000
0026 176 081 226 150 000 000 000 000
0027 176 128 225 200 000 000 000 000
0028 170 190 223 239 000 000 000 000
