0005 056 194 107 239 000 000 000 000
0006 062 153 112 215 000 000 000 000
0007 066 146 111 210 000 000 000 000
0008 070 141 112 208 000 000 000 000
0009 071 139 112 206 000 000 000 000
0010 068 141 116 205 000 000 000 000
0011 066 142 110 208 000 000 000 000
0012 063 142 112 205 000 000 000 000
0013 062 143 112 206 000 000 000 000
0014 062 144 111 205 000 000 000 000
0015 061 145 111 206 000 000 000 000
0016 068 146 108 208 000 000 000 000
0017 062 147 111 207 000 000 000 000
0018 062 147 111 207 183 206 225 238
0019 147 194 203 239 061 144 105 207
0020 126 141 189 192 059 147 104 209
0021 061 147 111 208 114 111 181 161
0022 098 101 160 146 062 141 107 204
0023 062 143 112 203 087 102 156 146
0024 098 105 161 157 060 138 108 203
0025 059 143 105 205 103 113 165 164
0026 058 143 106 205 102 114 168 164
0027 100 103 165 149 060 146 103 210
0028 060 147 109 208 089 096 154 143
0029 061 145 112 207 088 092 156 142
0030 063 149 107 202 091 109 162 157
0031 058 129 102 194 114 146 177 206
0032 051 128 091 192 127 160 191 220
0033 124 144 185 197 043 138 082 206
0034 044 152 091 212 124 108 183 156
0035 054 164 102 222 110 069 176 121
0036 064 162 112 218 095 046 160 094
0037 064 155 111 215 102 039 173 090
0038 058 148 104 209 127 067 194 122
0039 142 104 208 160 053 146 099 208
0040 049 149 094 210 146 093 206 146
0041 141 059 204 107 048 152 094 215
0042 047 150 091 213 145 028 200 076
0043 136 005 212 048 047 149 091 212
0044 163 011 223 064 046 151 093 213
0045 160 032 216 088 044 152 093 210
0046 048 149 089 209 146 039 212 086
0047 149 015 202 060 048 152 094 214
0048 155 002 210 044 048 153 094 216
0049 049 151 092 214 153 000 221 037
0050 170 000 231 047 049 151 092 213
0051 177 008 233 054 049 151 092 214
0052 168 008 231 054 048 150 091 213
0053 045 149 094 210 167 001 238 037
0054 047 150 093 212 181 000 243 029
0055 046 147 093 214 221 000 269 032
0056 240 003 288 060 049 151 090 210
0057 217 026 276 084 044 151 091 208
0058 208 013 269 062 044 150 091 209
0059 224 015 280 073 043 153 094 209
0060 227 035 282 094 045 155 092 213
0061 234 055 286 115 045 159 091 220
0062 241 084 290 141 042 161 091 219
0063 234 143 282 201 045 197 090 239
0064 041 209 085 238 209 186 267 238
