0000 056 206 113 234 000 000 000 000
0001 057 207 110 239 000 000 000 000
0002 053 205 102 239 000 000 000 000
0003 042 213 082 238 000 000 000 000
0004 038 223 076 239 000 000 000 000
0010 169 209 213 238 000 000 000 000
0011 167 212 215 239 000 000 000 000
0014 167 207 214 239 000 000 000 000
0015 167 210 213 239 051 221 087 239
0016 061 202 104 235 000 000 000 000
0017 075 189 118 231 113 205 167 239
0018 119 152 185 199 088 178 126 216
0019 124 141 191 186 089 170 131 209
0020 137 145 198 198 092 167 131 204
0021 125 133 200 177 100 165 141 206
0022 142 126 200 178 102 164 142 202
0023 144 129 204 175 100 164 143 203
0024 104 160 144 198 152 117 206 168
0025 158 112 216 161 105 157 147 196
0026 173 100 227 154 108 160 150 197
0027 109 161 154 197 166 085 227 135
0028 111 160 153 198 187 074 232 127
0029 184 062 234 112 112 160 155 197
0030 112 160 156 197 181 048 228 088
0031 112 160 157 197 175 042 225 082
0032 176 043 228 082 113 158 159 197
0033 180 042 228 081 109 157 154 197
0034 111 157 155 196 180 043 230 081
0035 112 157 155 196 180 045 230 081
0036 179 045 228 085 109 157 154 196
0037 180 047 228 086 109 157 155 196
0038 110 158 153 196 178 049 231 083
0039 177 052 228 089 108 153 152 192
0040 100 151 145 195 175 060 231 097
0041 082 164 133 207 172 079 225 115
0042 158 124 220 169 060 192 111 237
0043 149 170 211 223 045 213 095 239
0044 145 209 205 235 000 000 000 000
