0003 166 211 204 237 000 000 000 000
0004 153 178 201 239 098 207 139 236
0005 099 187 141 237 139 139 189 191
0006 099 162 141 221 127 120 192 162
0007 099 150 141 209 151 113 186 172
0008 101 148 142 205 117 083 176 132
0009 103 140 140 198 164 074 201 147
0010 101 143 146 203 146 087 191 131
0011 100 144 145 201 152 024 202 068
0012 092 145 139 203 195 033 231 111
0013 089 156 133 212 165 038 208 090
0014 087 158 133 213 174 000 234 025
0015 082 160 127 214 000 000 000 000
0016 081 161 127 215 212 000 259 020
0017 082 170 131 223 197 015 253 056
0018 078 192 135 237 182 075 239 116
0019 169 146 223 197 085 210 135 239
0020 164 202 215 239 088 225 124 239
