0000 140 218 188 239 000 000 000 000
0001 140 218 190 239 000 000 000 000
0002 141 217 189 239 000 000 000 000
0003 141 217 189 239 000 000 000 000
0004 140 214 192 238 000 000 000 000
0005 141 202 201 235 000 000 000 000
0006 142 183 208 224 000 000 000 000
0007 152 148 215 197 000 000 000 000
0008 151 128 231 184 000 000 000 000
0009 156 132 240 170 000 000 000 000
0010 169 121 234 166 000 000 000 000
0011 165 112 234 175 000 000 000 000
0012 165 121 229 165 000 000 000 000
0013 170 098 226 171 000 000 000 000
0014 153 117 229 158 000 000 000 000
0015 177 105 227 162 000 000 000 000
0016 174 112 232 163 000 000 000 000
0017 176 114 244 178 000 000 000 000
0018 173 124 238 170 000 000 000 000
0019 164 115 235 180 000 000 000 000
0020 173 119 232 170 000 000 000 000
0021 159 124 236 166 000 000 000 000
0022 166 110 229 161 000 000 000 000
0023 169 105 223 156 000 000 000 000
0024 171 120 219 169 000 000 000 000
0025 171 145 214 197 000 000 000 000
0026 170 182 208 226 000 000 000 000
0027 164 221 206 239 000 000 000 000
0028 162 222 204 239 000 000 000 000
0029 162 222 202 239 000 000 000 000
0030 162 223 202 239 000 000 000 000
0031 164 223 204 239 000 000 000 000
0032 164 223 204 239 000 000 000 000
