0000 022 212 070 239 000 000 000 000
0001 021 212 069 239 000 000 000 000
0002 022 212 069 238 000 000 000 000
0003 022 212 069 238 000 000 000 000
0004 022 211 070 238 000 000 000 000
0005 021 211 069 238 000 000 000 000
0006 022 212 069 237 000 000 000 000
0007 021 211 069 238 000 000 000 000
0008 020 211 070 237 000 000 000 000
0009 020 210 070 239 000 000 000 000
0010 020 210 070 238 000 000 000 000
0011 015 207 068 238 136 194 186 236
0012 160 176 206 227 017 207 062 238
0013 169 152 222 192 016 214 052 239
0014 182 142 227 183 008 216 044 239
0015 187 127 227 172 005 218 044 238
0016 180 123 227 166 005 218 041 239
0017 178 107 220 163 004 222 043 239
0018 175 112 223 152 005 223 045 239
0019 178 109 221 153 005 223 044 239
0020 171 115 221 157 006 222 042 239
0021 168 107 214 158 006 225 044 239
0022 167 108 221 144 009 224 042 239
0023 172 106 219 146 005 222 041 239
0024 167 116 209 162 149 091 207 126
0025 156 103 210 140 000 000 000 000
0026 173 111 215 152 000 000 000 000
0027 162 113 214 155 003 222 043 239
0028 165 114 206 166 153 096 207 127
0029 167 113 221 151 000 000 000 000
0030 171 108 222 155 000 000 000 000
0031 163 121 211 171 159 101 210 132
0032 162 117 208 165 154 103 209 136
0033 172 112 219 152 006 222 043 239
0034 169 119 222 165 000 000 000 000
0035 174 123 210 178 160 105 210 134
0036 166 125 215 167 006 224 046 239
0037 175 117 218 164 006 224 046 239
0038 170 122 220 168 006 223 046 239
0039 168 125 209 182 008 223 038 239
0040 163 132 210 182 006 224 046 239
0041 163 143 209 187 006 222 043 239
0042 150 157 201 210 009 222 048 239
0043 138 178 192 234 013 217 053 239
0044 016 213 053 236 126 208 176 239
0045 016 206 064 237 000 000 000 000
0046 015 203 071 235 000 000 000 000
0047 021 210 067 237 000 000 000 000
0048 020 210 071 238 000 000 000 000
0049 022 212 069 239 000 000 000 000
