0000 170 162 217 210 000 000 000 000
0001 169 164 216 210 000 000 000 000
0008 197 203 268 239 000 000 000 000
0009 162 144 276 217 000 000 000 000
0010 162 121 272 191 000 000 000 000
0011 169 143 268 186 000 000 000 000
0012 166 125 270 197 000 000 000 000
0013 171 116 273 190 000 000 000 000
0014 183 138 284 184 000 000 000 000
0015 178 137 287 209 000 000 000 000
0016 176 130 276 224 000 000 000 000
0017 175 170 227 209 202 164 273 208
0018 176 146 280 225 000 000 000 000
0019 173 141 277 214 188 121 236 179
0020 186 167 280 233 000 000 000 000
0021 162 217 208 239 193 225 245 239
