0007 085 211 138 239 000 000 000 000
0008 070 202 141 239 000 000 000 000
0009 066 174 135 225 000 000 000 000
0010 063 159 134 204 000 000 000 000
0011 062 151 131 191 000 000 000 000
0012 067 153 139 189 000 000 000 000
0013 075 159 145 197 000 000 000 000
0014 083 160 147 198 000 000 000 000
0015 074 161 140 201 000 000 000 000
0016 064 159 139 199 000 000 000 000
0017 061 156 128 194 000 000 000 000
0018 061 152 127 188 000 000 000 000
0019 063 156 131 191 000 000 000 000
0020 071 158 137 198 000 000 000 000
0021 076 163 144 207 000 000 000 000
0022 070 164 136 208 000 000 000 000
0023 065 164 133 210 000 000 000 000
0024 064 165 132 213 000 000 000 000
0025 065 176 133 227 000 000 000 000
0026 085 201 138 239 000 000 000 000
