0000 106 196 147 239 154 182 204 214
0001 167 169 212 208 106 197 146 239
0002 106 197 146 238 190 134 229 182
0003 211 101 250 152 106 196 146 239
0004 214 085 260 147 107 196 147 239
0005 217 077 259 140 106 196 147 238
0006 215 070 256 131 106 196 146 239
0007 214 066 253 131 105 196 146 239
0008 215 067 255 131 106 197 146 239
0009 106 196 146 239 215 065 258 128
0010 214 072 257 132 106 196 147 239
0011 106 196 146 239 216 068 257 131
0012 106 197 146 239 215 069 256 131
0013 214 072 254 136 105 195 146 239
0014 105 196 146 239 214 073 258 130
0015 215 070 254 136 105 195 146 239
0016 215 071 262 131 105 196 146 239
0017 213 071 257 131 105 196 146 239
0018 215 071 259 132 106 196 146 239
0019 215 072 254 136 106 196 146 239
0020 213 068 254 132 106 196 146 239
0021 217 070 258 132 105 196 146 239
0022 212 073 259 131 106 196 146 239
0023 105 196 146 239 212 084 250 137
0024 105 196 146 239 203 092 238 146
0025 105 197 145 239 189 117 224 171
0026 105 197 146 239 175 136 209 188
0027 105 197 146 239 163 159 200 198
0028 105 197 145 239 153 181 194 212
0029 106 197 144 239 151 189 195 218
