0000 054 156 112 205 173 172 214 208
0001 053 156 113 206 175 171 214 208
0002 055 153 112 204 171 169 211 211
0003 055 153 112 204 174 164 214 210
0004 056 153 112 204 184 149 227 202
0005 056 153 112 204 190 132 230 184
0006 056 153 111 204 200 121 252 160
0007 213 101 259 147 055 152 112 204
0008 215 083 266 134 056 152 111 204
0009 218 079 263 131 052 152 112 204
0010 219 071 262 127 056 152 112 204
0011 216 069 263 124 056 152 112 204
0012 218 066 263 120 056 154 112 204
0013 217 064 261 120 055 154 112 203
0014 217 068 258 119 055 153 112 204
0015 216 066 264 120 056 153 112 204
0016 055 153 112 204 215 066 262 120
0017 216 066 263 120 056 153 111 204
0018 216 066 263 120 056 153 112 204
0019 216 065 264 122 056 153 112 204
0020 217 068 264 122 055 153 112 204
0021 218 067 262 121 053 156 112 205
0022 219 072 261 125 055 153 112 205
0023 218 071 261 126 053 156 112 205
0024 217 074 261 125 055 153 111 205
0025 215 084 258 129 056 153 111 204
0026 204 095 250 138 055 154 112 204
0027 055 152 112 204 198 110 243 146
0028 055 152 112 204 187 130 233 174
0029 055 152 112 204 179 141 220 198
0030 054 151 112 205 171 168 212 209
0031 055 152 112 204 169 165 211 208
0032 054 152 112 205 170 173 210 208
0033 054 152 112 205 169 172 210 209
0034 054 152 112 205 169 172 211 209
0035 055 153 112 204 169 172 211 209
0036 056 154 111 204 172 176 207 208
0037 052 155 111 204 172 172 206 205
