0003 114 200 164 239 000 000 000 000
0004 116 109 181 193 091 160 134 194
0005 093 070 177 164 000 000 000 000
0006 099 056 177 157 000 000 000 000
0007 098 060 179 155 000 000 000 000
0008 104 061 170 156 000 000 000 000
0009 102 064 176 158 000 000 000 000
0010 106 063 169 157 000 000 000 000
0011 106 062 170 158 000 000 000 000
0012 099 064 178 160 000 000 000 000
0013 101 065 179 159 000 000 000 000
0014 100 063 177 158 000 000 000 000
0015 102 066 182 159 000 000 000 000
0016 098 065 180 160 000 000 000 000
0017 103 068 168 162 000 000 000 000
0018 099 073 176 182 000 000 000 000
0019 096 162 183 237 085 198 121 235
0020 057 102 086 153 000 000 000 000
