0001 174 195 222 236 000 000 000 000
0002 202 143 238 193 000 000 000 000
0003 212 110 254 165 000 000 000 000
0004 220 086 267 137 000 000 000 000
0005 236 068 279 125 000 000 000 000
0006 239 066 286 122 000 000 000 000
0007 242 065 287 117 000 000 000 000
0008 244 062 288 116 000 000 000 000
0009 243 061 288 113 000 000 000 000
0010 244 057 288 111 000 000 000 000
0011 244 056 288 110 000 000 000 000
0012 244 054 288 111 000 000 000 000
0013 243 056 287 111 000 000 000 000
0014 242 056 288 111 000 000 000 000
0015 243 056 288 112 000 000 000 000
0016 241 055 287 111 000 000 000 000
0017 244 057 280 106 000 000 000 000
0018 240 054 287 111 000 000 000 000
0019 241 055 287 110 000 000 000 000
0020 244 055 280 107 000 000 000 000
0021 243 056 280 109 000 000 000 000
0022 240 063 287 116 000 000 000 000
0023 239 074 283 129 000 000 000 000
0024 234 109 276 155 000 000 000 000
0025 216 158 256 210 000 000 000 000
0026 188 193 230 239 000 000 000 000
0027 163 222 205 239 000 000 000 000
