0008 119 215 164 239 000 000 000 000
0009 120 190 169 238 000 000 000 000
0010 122 170 173 227 000 000 000 000
0011 118 162 171 214 000 000 000 000
0012 125 154 175 209 280 142 311 187
0013 121 145 175 201 282 141 311 191
0014 120 137 174 191 282 139 311 189
0015 128 128 174 183 000 000 000 000
0016 129 125 180 187 000 000 000 000
0017 125 120 181 179 000 000 000 000
0018 127 119 180 179 000 000 000 000
0019 124 121 179 181 000 000 000 000
0020 127 121 180 178 000 000 000 000
0021 125 121 180 179 000 000 000 000
0022 126 121 180 179 000 000 000 000
0023 125 119 179 179 000 000 000 000
0024 126 120 184 180 000 000 000 000
0025 125 120 179 180 000 000 000 000
0026 126 119 180 179 000 000 000 000
0027 124 125 182 183 000 000 000 000
0028 128 134 178 190 000 000 000 000
0029 124 164 173 219 000 000 000 000
0030 119 195 172 238 000 000 000 000
0031 284 150 310 192 000 000 000 000
0032 283 148 310 189 000 000 000 000
0034 283 150 310 190 000 000 000 000
