0000 127 212 165 237 073 206 102 236
0001 125 211 165 237 072 207 101 236
0002 124 209 166 238 073 206 102 236
0003 130 208 167 235 073 207 101 236
0004 071 206 101 237 136 204 168 231
0005 072 207 101 237 138 174 173 210
0006 073 208 101 236 150 151 178 185
0007 073 208 101 236 157 110 184 149
0008 073 209 101 236 168 088 189 135
0009 170 079 192 119 073 206 101 235
0010 069 205 105 236 168 069 195 108
0011 069 205 105 236 170 062 196 096
0012 168 052 195 090 073 207 101 236
0013 169 046 199 087 073 209 100 236
0014 173 045 202 086 073 209 100 237
0015 173 045 201 084 073 209 101 236
0016 173 042 201 082 073 209 100 237
0017 173 043 201 081 069 206 105 235
0018 173 042 201 082 072 208 099 235
0019 174 044 201 082 070 206 105 235
0020 174 044 202 082 073 206 101 235
0021 174 044 202 081 073 207 101 236
0022 173 041 201 080 073 208 101 236
0023 173 047 200 079 076 208 104 237
0024 171 045 199 080 076 209 103 235
0025 077 213 104 239 170 044 199 081
0026 169 043 199 083 077 207 104 236
0027 169 043 198 083 073 209 101 238
0028 168 054 196 092 073 210 102 237
0029 073 210 101 237 163 071 190 109
0030 149 090 180 134 069 208 104 237
0031 072 208 100 236 141 132 168 162
0032 127 170 164 203 072 207 101 237
0033 125 197 163 224 072 208 101 237
0034 124 201 164 231 073 209 099 237
0035 128 207 167 237 076 208 100 235
0036 129 208 167 237 070 207 104 236
0037 130 209 168 239 073 209 101 237
0038 131 209 168 237 074 208 101 236
0039 131 209 169 239 073 210 099 237
0040 131 210 168 239 070 208 098 238
0041 131 209 168 239 069 209 097 239
0042 131 209 168 238 070 210 096 238
0043 131 209 168 238 069 210 096 239
