0005 096 196 163 239 000 000 000 000
0006 120 143 192 229 157 197 207 239
0007 109 087 193 179 118 083 166 105
0008 107 062 197 161 000 000 000 000
0009 107 066 193 162 000 000 000 000
0010 107 064 192 164 000 000 000 000
0011 111 065 193 162 000 000 000 000
0012 108 059 198 158 000 000 000 000
0013 109 064 196 161 000 000 000 000
0014 115 058 189 162 000 000 000 000
0015 114 064 198 163 000 000 000 000
0016 109 067 194 161 000 000 000 000
0017 107 061 193 165 000 000 000 000
0018 110 064 195 161 000 000 000 000
0019 100 075 191 170 000 000 000 000
0020 093 143 180 230 130 184 195 238
