0003 178 211 217 236 000 000 000 000
0004 183 181 223 221 000 000 000 000
0005 186 144 226 187 000 000 000 000
0006 187 124 227 165 000 000 000 000
0007 190 098 225 148 000 000 000 000
0008 189 089 224 138 000 000 000 000
0009 188 086 226 133 000 000 000 000
0010 187 084 225 132 000 000 000 000
0011 187 084 225 131 000 000 000 000
0012 187 084 225 132 000 000 000 000
0013 189 086 223 135 000 000 000 000
0014 189 087 226 134 000 000 000 000
0015 188 086 226 134 000 000 000 000
0016 187 091 226 137 000 000 000 000
0017 186 096 225 142 000 000 000 000
0018 187 103 220 149 000 000 000 000
0019 183 122 213 160 000 000 000 000
0020 176 150 211 195 000 000 000 000
0021 169 179 200 223 000 000 000 000
0022 164 200 192 236 000 000 000 000
0023 157 220 179 239 000 000 000 000
