0015 155 189 201 239 000 000 000 000
0016 157 159 194 229 000 000 000 000
0017 151 139 194 208 000 000 000 000
0018 141 128 186 194 000 000 000 000
0019 136 116 184 182 000 000 000 000
0020 132 109 181 175 000 000 000 000
0021 133 101 179 167 000 000 000 000
0022 129 095 176 159 000 000 000 000
0023 129 093 172 159 000 000 000 000
0024 128 093 173 151 000 000 000 000
0025 131 091 175 149 000 000 000 000
0026 132 094 178 151 000 000 000 000
0027 130 092 176 154 000 000 000 000
0028 128 092 177 154 000 000 000 000
0029 127 093 179 148 000 000 000 000
0030 128 091 180 151 000 000 000 000
0031 129 092 177 152 000 000 000 000
0032 126 094 180 152 000 000 000 000
0033 126 091 176 150 000 000 000 000
0034 127 088 170 146 000 000 000 000
0035 128 092 177 150 000 000 000 000
0036 129 093 177 146 000 000 000 000
0037 127 091 175 146 000 000 000 000
0038 130 090 173 146 000 000 000 000
0039 125 088 180 144 000 000 000 000
0040 125 087 184 146 000 000 000 000
0041 127 089 181 147 141 153 186 202
0042 126 091 178 145 000 000 000 000
0043 126 090 178 145 000 000 000 000
0044 126 090 178 145 000 000 000 000
0045 129 093 183 148 000 000 000 000
0046 132 093 177 155 000 000 000 000
0047 130 115 183 174 000 000 000 000
0048 135 159 189 222 000 000 000 000
0049 145 212 195 238 000 000 000 000
