0006 098 193 154 239 000 000 000 000
0007 112 119 173 217 088 166 130 200
0008 101 079 181 180 000 000 000 000
0009 114 067 178 168 000 000 000 000
0010 108 066 172 167 000 000 000 000
0011 109 070 174 166 000 000 000 000
0012 114 065 182 170 000 000 000 000
0013 112 063 178 171 000 000 000 000
0014 111 065 175 160 000 000 000 000
0015 109 063 181 164 000 000 000 000
0016 112 064 183 165 000 000 000 000
0017 115 063 177 163 000 000 000 000
0018 113 064 176 159 000 000 000 000
0019 106 068 174 164 000 000 000 000
0020 099 078 177 177 000 000 000 000
0021 106 125 186 210 026 063 091 099
0022 093 193 160 238 000 000 000 000
