0004 153 202 179 232 000 000 000 000
0006 151 188 202 237 000 000 000 000
0007 164 142 208 191 000 000 000 000
0008 170 100 212 167 000 000 000 000
0009 169 068 211 134 000 000 000 000
0010 174 055 214 121 000 000 000 000
0011 174 041 214 106 000 000 000 000
0012 176 032 214 100 000 000 000 000
0013 174 028 216 096 000 000 000 000
0014 173 027 220 091 000 000 000 000
0015 176 028 217 093 000 000 000 000
0016 177 030 217 098 000 000 000 000
0017 179 031 219 101 000 000 000 000
0018 177 030 218 096 000 000 000 000
0019 177 031 216 096 000 000 000 000
0020 178 029 216 096 000 000 000 000
0021 176 030 216 099 000 000 000 000
0022 175 030 215 101 000 000 000 000
0023 175 030 216 096 000 000 000 000
0024 174 042 210 100 000 000 000 000
0025 159 061 205 118 000 000 000 000
0026 148 086 187 132 000 000 000 000
0027 129 125 185 168 000 000 000 000
0028 116 160 179 210 000 000 000 000
0029 112 190 177 238 000 000 000 000
0030 118 222 169 239 000 000 000 000
