0019 135 217 175 239 000 000 000 000
0020 134 164 179 204 000 000 000 000
0021 142 132 185 178 000 000 000 000
0022 144 091 185 138 000 000 000 000
0023 144 073 186 121 000 000 000 000
0024 146 057 187 105 000 000 000 000
0025 148 046 187 100 000 000 000 000
0026 148 045 189 093 000 000 000 000
0027 149 044 189 096 000 000 000 000
0028 149 043 190 095 000 000 000 000
0029 148 043 190 092 000 000 000 000
0030 149 045 187 096 000 000 000 000
0031 146 051 185 103 000 000 000 000
0032 137 082 179 127 000 000 000 000
0033 135 152 185 198 000 000 000 000
0034 132 202 169 239 000 000 000 000
0035 134 217 169 239 000 000 000 000
