0001 162 224 193 239 000 000 000 000
0002 170 206 196 235 000 000 000 000
0003 179 184 209 214 000 000 000 000
0004 184 161 211 191 000 000 000 000
0005 186 145 212 179 000 000 000 000
0006 188 135 211 168 000 000 000 000
0007 189 132 215 165 000 000 000 000
0008 194 130 221 165 000 000 000 000
0009 188 132 225 168 000 000 000 000
0010 188 133 227 167 000 000 000 000
0011 192 132 222 164 000 000 000 000
0012 193 133 222 167 000 000 000 000
0013 194 132 222 166 000 000 000 000
0014 192 132 222 164 000 000 000 000
0015 189 131 215 167 000 000 000 000
0016 177 142 203 175 000 000 000 000
0017 168 153 197 183 000 000 000 000
0018 164 175 192 210 000 000 000 000
0019 161 202 191 229 000 000 000 000
0020 155 220 194 239 000 000 000 000
