0000 128 211 156 239 068 207 097 234
0001 128 210 156 239 071 206 099 236
0002 128 210 156 239 072 206 099 235
0003 068 208 098 239 128 210 156 239
0004 124 209 154 239 071 207 099 235
0005 067 206 096 237 127 211 157 239
0006 128 205 155 235 071 207 100 236
0007 125 205 154 239 067 208 097 239
0008 124 192 153 226 069 207 095 237
0009 122 174 153 207 069 207 095 237
0010 126 150 153 191 071 208 100 237
0011 128 129 157 171 071 208 098 236
0012 131 115 158 161 070 207 098 236
0013 136 104 165 150 070 207 098 235
0014 136 099 162 142 070 207 098 235
0015 141 093 166 133 071 207 098 235
0016 144 090 169 134 071 207 098 235
0017 143 090 165 129 071 207 098 235
0018 144 088 168 133 071 207 098 235
0019 143 088 167 133 071 207 098 235
0020 143 089 166 131 069 208 097 234
0021 142 089 166 131 068 207 098 239
0022 142 088 166 131 067 204 095 236
0023 142 087 165 130 067 208 098 239
0024 142 088 165 129 070 207 098 235
0025 143 090 166 132 071 208 100 231
0026 142 091 165 135 067 207 098 239
0027 140 100 161 144 070 206 100 236
0028 138 106 162 150 070 206 100 236
0029 136 124 159 168 071 208 100 232
0030 131 145 156 183 070 207 100 236
0031 127 171 157 208 070 208 100 237
0032 070 207 099 236 124 195 154 221
0033 070 207 100 236 124 205 154 234
0034 130 211 157 239 070 206 099 235
0035 130 211 156 239 070 207 100 235
0036 128 212 156 239 071 207 098 236
0037 128 212 156 239 071 207 100 236
0038 067 203 095 236 128 212 156 239
0039 128 212 156 239 071 206 100 236
0040 128 212 156 239 067 203 095 236
0041 127 212 156 239 071 207 100 236
0042 127 213 156 239 071 206 100 235
0043 127 212 157 239 067 203 095 236
