0000 124 118 159 182 000 000 000 000
0001 125 116 159 176 000 000 000 000
0002 117 118 158 176 000 000 000 000
0003 120 112 158 180 000 000 000 000
0004 121 117 158 185 000 000 000 000
0005 121 121 159 190 000 000 000 000
0006 122 127 160 187 000 000 000 000
0007 122 121 159 188 000 000 000 000
0008 125 117 162 183 000 000 000 000
0009 125 113 163 178 000 000 000 000
0010 126 113 164 178 000 000 000 000
0011 121 108 167 174 000 000 000 000
0012 126 103 164 166 000 000 000 000
0013 127 101 163 164 000 000 000 000
0014 127 103 164 167 000 000 000 000
0015 124 104 169 166 000 000 000 000
0016 121 100 163 161 000 000 000 000
0017 125 105 168 167 000 000 000 000
0018 126 102 168 166 000 000 000 000
0019 126 101 168 166 000 000 000 000
0020 125 100 167 166 000 000 000 000
0021 126 100 167 166 000 000 000 000
0022 126 099 165 165 000 000 000 000
0023 122 108 163 166 000 000 000 000
0024 125 104 166 167 000 000 000 000
0025 125 104 166 166 000 000 000 000
0026 125 107 166 166 000 000 000 000
0027 125 106 166 165 000 000 000 000
0028 126 104 162 163 000 000 000 000
0029 126 105 163 163 000 000 000 000
0030 125 110 164 164 000 000 000 000
0031 125 107 165 165 000 000 000 000
0032 125 108 165 165 000 000 000 000
0033 125 105 166 165 000 000 000 000
0034 125 106 164 170 000 000 000 000
0035 123 121 168 181 000 000 000 000
0036 126 162 171 227 000 000 000 000
0037 128 223 164 239 000 000 000 000
