0000 099 202 122 235 175 188 195 226
0001 098 201 121 233 174 189 195 226
0002 174 189 195 226 100 201 123 232
0003 101 200 126 232 175 187 195 226
0004 102 200 126 229 175 189 195 226
0005 102 197 126 226 179 184 200 222
0006 105 180 132 205 183 174 203 202
0007 116 150 145 182 173 145 202 174
0008 163 118 192 153 121 124 155 157
0009 159 108 185 144 135 108 158 139
0010 136 110 159 136 158 105 183 139
0011 159 103 182 136 135 105 154 132
0012 157 102 182 137 136 106 156 133
0013 157 102 182 137 136 105 156 132
0014 156 099 182 136 135 103 157 133
0015 157 101 183 136 138 106 162 132
0016 156 101 183 136 135 103 157 133
0017 157 101 182 134 136 101 157 132
0018 157 101 179 133 135 100 157 132
0019 162 102 190 139 130 105 158 136
0020 173 119 202 155 118 118 146 150
0021 104 151 129 185 188 160 208 190
0022 188 174 208 204 094 177 116 204
0023 091 193 112 224 183 184 202 216
0024 179 190 198 222 096 201 118 235
0025 099 203 122 234 177 194 197 225
0026 099 202 123 233 178 193 197 225
0027 102 205 125 235 177 193 197 225
0028 099 203 124 236 176 193 196 225
0029 099 203 125 236 175 196 195 226
0030 099 203 125 235 176 195 196 226
