0002 170 223 191 239 000 000 000 000
0003 067 222 085 239 176 225 195 239
0004 176 206 205 239 061 209 078 233
0005 053 157 081 184 177 154 212 189
0006 159 102 204 149 061 117 088 155
0007 147 089 187 132 070 097 104 140
0008 086 086 122 125 134 079 167 120
0009 095 085 130 127 128 080 153 123
0010 102 090 130 129 124 086 152 122
0011 104 090 131 130 128 089 154 130
0012 103 092 130 134 126 090 154 132
0013 104 092 129 131 125 090 154 133
0014 124 089 154 132 104 094 129 133
0015 103 093 128 131 124 088 154 132
0016 104 093 129 132 124 089 154 132
0017 103 092 130 132 123 093 152 133
0018 103 093 128 131 123 091 152 131
0019 103 091 128 130 124 091 151 130
0020 100 094 125 133 124 092 150 129
0021 100 094 125 132 124 092 150 130
0022 099 094 125 131 123 096 148 131
0023 125 103 160 145 091 102 121 140
0024 128 114 168 161 078 110 118 154
0025 137 160 175 206 063 149 107 184
0026 152 205 187 238 070 194 096 221
0027 167 224 191 239 071 215 089 237
