0007 129 223 166 239 124 206 182 236
0008 136 186 164 225 152 186 186 232
0009 147 138 190 194 000 000 000 000
0010 159 091 202 148 000 000 000 000
0011 162 075 206 134 000 000 000 000
0012 167 068 205 128 000 000 000 000
0013 170 056 209 118 000 000 000 000
0014 166 052 210 112 000 000 000 000
0015 170 052 208 115 000 000 000 000
0016 166 051 210 112 000 000 000 000
0017 165 052 210 113 000 000 000 000
0018 165 052 210 115 000 000 000 000
0019 165 053 209 115 000 000 000 000
0020 167 054 203 118 000 000 000 000
0021 166 053 203 114 000 000 000 000
0022 169 055 208 118 000 000 000 000
0023 165 052 210 115 000 000 000 000
0024 164 053 205 120 000 000 000 000
0025 156 062 199 124 000 000 000 000
0026 148 086 186 143 000 000 000 000
0027 136 112 170 170 000 000 000 000
0028 119 153 156 207 127 179 177 226
0029 107 184 151 233 000 000 000 000
0030 101 218 142 236 000 000 000 000
0031 107 223 151 239 000 000 000 000
