0000 072 174 092 206 217 161 247 180
0001 070 172 091 206 132 170 154 207
0002 070 170 089 204 149 159 165 191
0003 159 131 184 165 071 168 090 200
0004 174 086 212 126 071 169 089 202
0005 185 047 225 095 071 165 090 200
0006 198 029 235 081 216 160 247 178
0007 219 051 269 095 212 161 248 178
0008 220 094 274 132 214 158 247 176
0009 227 111 275 151 204 159 240 181
0010 233 114 279 154 210 162 244 179
0011 234 115 280 154 211 162 243 179
0012 233 112 282 152 212 161 243 178
0013 234 112 282 151 212 162 244 179
0014 234 111 282 152 213 161 243 179
0015 233 112 282 151 209 158 237 177
0016 231 112 283 150 213 161 243 178
0017 227 117 276 156 212 161 243 179
0018 224 126 264 167 069 165 087 196
0019 211 139 249 177 067 168 086 201
0020 063 171 080 205 194 162 219 193
0021 062 172 080 209 172 173 192 204
0022 152 182 173 216 067 172 083 211
0023 138 181 162 213 206 159 244 183
0024 076 173 096 209 204 160 244 183
0025 073 172 093 205 201 160 245 182
0026 075 173 095 208 204 159 240 183
0027 205 161 242 182 075 170 094 206
0028 076 175 094 208 206 158 244 182
0029 071 170 093 205 200 156 241 181
0030 071 170 094 204 213 163 243 181
0031 073 170 094 203 217 160 247 178
0032 074 169 094 203 217 160 248 178
0033 074 171 094 203 217 159 247 178
0034 074 170 093 204 213 163 243 180
0035 076 173 094 205 216 160 248 178
0036 072 173 096 207 131 173 156 212
0037 077 178 095 207 138 165 158 200
0038 086 175 109 207 150 148 169 180
0039 109 162 139 190 163 133 198 157
0040 190 131 227 157 133 151 170 177
0041 198 139 240 162 115 133 156 156
0042 194 138 237 163 214 152 246 175
0043 212 151 245 170 000 000 000 000
0044 161 059 203 093 209 153 243 175
0045 207 152 242 174 166 058 203 094
0046 171 057 211 092 211 154 245 177
0047 212 153 246 176 172 061 209 094
0048 210 157 247 181 172 058 209 094
