0000 118 183 140 217 202 189 222 224
0001 118 183 139 216 206 186 224 225
0002 118 184 139 217 209 170 227 207
0003 205 141 226 175 117 183 139 216
0004 202 119 224 159 118 186 138 216
0005 203 092 225 132 115 182 136 216
0006 200 073 222 118 116 182 135 214
0007 200 060 219 108 115 180 134 213
0008 198 059 217 108 114 182 133 214
0009 194 081 213 132 115 183 134 214
0010 191 098 215 142 116 182 134 213
0011 193 129 212 171 115 182 133 213
0012 191 133 211 175 116 180 133 212
0013 118 182 133 210 188 120 210 172
0014 117 183 133 211 187 127 209 172
0015 117 181 133 211 185 117 212 173
0016 117 182 133 211 184 129 207 171
0017 186 119 212 173 117 182 133 211
0018 188 121 210 172 117 183 133 211
0019 187 120 210 173 117 182 133 210
0020 188 124 209 173 117 182 133 210
0021 190 123 212 172 117 182 133 210
0022 117 181 133 211 192 134 214 181
0023 189 149 217 195 116 182 133 212
0024 182 156 213 200 116 181 134 212
0025 180 172 212 211 116 183 134 215
0026 180 179 212 219 115 183 135 215
0027 184 188 209 226 116 182 136 216
0028 185 189 210 227 116 183 136 217
0029 189 189 213 224 117 181 138 218
0030 192 189 215 225 119 181 138 216
0031 195 189 217 223 116 183 139 217
0032 194 189 218 223 118 183 140 217
