0000 159 185 185 232 000 000 000 000
0001 158 186 185 235 000 000 000 000
0002 158 188 185 233 000 000 000 000
0003 157 187 185 234 000 000 000 000
0004 157 185 186 234 000 000 000 000
0005 170 216 212 239 000 000 000 000
0006 161 184 201 230 000 000 000 000
0007 152 150 194 193 000 000 000 000
0008 147 127 191 167 000 000 000 000
0009 144 109 188 149 000 000 000 000
0010 142 105 185 145 000 000 000 000
0011 138 098 181 137 000 000 000 000
0012 136 092 178 135 000 000 000 000
0013 139 100 177 141 000 000 000 000
0014 145 113 187 154 000 000 000 000
0015 150 136 195 179 000 000 000 000
0016 160 175 203 222 000 000 000 000
0017 179 211 216 239 000 000 000 000
0018 192 223 216 239 000 000 000 000
