0000 111 188 132 223 000 000 000 000
0001 112 184 133 219 200 188 217 223
0002 205 168 228 208 112 185 133 219
0003 112 186 132 219 198 125 230 165
0004 195 104 225 154 112 185 133 218
0005 199 084 220 127 112 183 131 216
0006 187 076 207 125 112 182 130 215
0007 179 086 204 132 112 184 129 216
0008 176 098 201 150 112 184 129 215
0009 174 101 200 158 107 178 133 214
0010 175 105 201 166 116 182 131 210
0011 175 104 204 163 113 182 129 213
0012 174 103 203 165 114 180 129 213
0013 176 109 199 166 109 179 132 214
0014 174 113 197 164 112 184 129 213
0015 173 116 197 165 113 184 129 211
0016 175 110 198 161 112 184 129 215
0017 177 111 204 162 111 186 128 213
0018 174 128 202 169 112 185 128 215
0019 174 143 203 184 112 187 128 217
0020 174 157 204 200 112 187 128 217
0021 180 178 209 219 112 187 129 218
0022 185 187 209 226 113 186 130 217
0023 191 194 210 230 111 185 131 220
