0010 158 204 200 239 000 000 000 000
0011 176 155 210 198 000 000 000 000
0012 191 109 233 158 000 000 000 000
0013 204 100 244 151 000 000 000 000
0014 227 112 276 159 000 000 000 000
0015 228 132 284 176 000 000 000 000
0016 218 158 271 203 000 000 000 000
0017 202 157 249 203 000 000 000 000
0018 196 145 238 191 000 000 000 000
0019 194 124 238 170 000 000 000 000
0020 205 106 254 150 000 000 000 000
0021 225 108 280 155 000 000 000 000
0022 227 126 284 168 000 000 000 000
0023 218 159 271 210 000 000 000 000
0024 202 169 251 227 000 000 000 000
0025 195 163 239 215 000 000 000 000
0026 194 139 235 188 000 000 000 000
0027 201 114 245 164 000 000 000 000
0028 216 100 264 148 000 000 000 000
0029 223 113 282 160 000 000 000 000
0030 218 156 277 202 000 000 000 000
0031 206 168 260 217 000 000 000 000
0032 190 163 234 217 000 000 000 000
0033 187 150 228 197 000 000 000 000
0034 190 126 227 175 000 000 000 000
0035 196 108 244 159 000 000 000 000
0036 221 103 267 153 000 000 000 000
0037 227 113 278 161 000 000 000 000
0038 227 143 280 187 000 000 000 000
0039 220 150 273 193 000 000 000 000
0040 203 144 247 189 000 000 000 000
0041 199 137 240 183 000 000 000 000
0042 196 129 234 180 000 000 000 000
0043 192 140 228 189 000 000 000 000
0044 179 176 223 229 000 000 000 000
