0000 135 220 183 238 000 000 000 000
0001 136 221 183 239 000 000 000 000
0002 136 220 183 239 000 000 000 000
0003 134 219 183 238 000 000 000 000
0004 133 221 185 239 000 000 000 000
0005 133 219 180 239 000 000 000 000
0006 136 215 186 238 000 000 000 000
0007 137 206 189 239 000 000 000 000
0008 138 176 194 231 000 000 000 000
0009 150 148 212 198 000 000 000 000
0010 183 132 228 175 000 000 000 000
0011 210 149 267 187 000 000 000 000
0012 191 154 253 212 000 000 000 000
0013 189 127 238 170 000 000 000 000
0014 201 113 254 158 000 000 000 000
0015 204 142 266 193 000 000 000 000
0016 181 137 234 196 000 000 000 000
0017 187 119 237 158 000 000 000 000
0018 213 121 265 166 000 000 000 000
0019 204 138 254 199 000 000 000 000
0020 180 133 230 187 000 000 000 000
0021 195 108 241 152 000 000 000 000
0022 200 121 256 161 000 000 000 000
0023 199 117 239 164 000 000 000 000
0024 198 107 254 155 000 000 000 000
0025 209 123 252 180 000 000 000 000
0026 200 147 230 202 000 000 000 000
0027 188 176 217 223 000 000 000 000
0028 168 203 209 237 000 000 000 000
