0002 164 211 207 239 000 000 000 000
0003 171 189 214 237 000 000 000 000
0004 185 161 221 218 000 000 000 000
0005 193 131 233 200 000 000 000 000
0006 204 126 259 185 000 000 000 000
0007 201 148 266 191 000 000 000 000
0008 186 144 252 193 000 000 000 000
0009 197 153 259 214 000 000 000 000
0010 207 148 267 212 000 000 000 000
0011 187 133 266 168 000 000 000 000
0012 180 133 248 169 000 000 000 000
0013 187 146 255 200 000 000 000 000
0014 206 147 275 209 000 000 000 000
0015 196 132 270 168 000 000 000 000
0016 172 121 245 164 000 000 000 000
0017 187 133 248 178 000 000 000 000
0018 199 127 265 173 000 000 000 000
0019 198 113 257 145 000 000 000 000
0020 187 116 243 163 000 000 000 000
0021 201 112 257 155 000 000 000 000
0022 195 110 246 164 000 000 000 000
0023 195 133 224 183 000 000 000 000
0024 169 181 215 224 000 000 000 000
0025 161 207 210 239 000 000 000 000
