0000 027 209 072 237 000 000 000 000
0001 027 209 071 237 000 000 000 000
0002 027 210 071 237 000 000 000 000
0003 027 210 071 237 000 000 000 000
0004 026 210 071 238 000 000 000 000
0005 026 210 071 238 000 000 000 000
0006 026 210 071 238 000 000 000 000
0007 026 209 071 237 000 000 000 000
0008 025 208 072 238 000 000 000 000
0009 025 208 072 237 000 000 000 000
0010 160 207 197 237 024 209 070 237
0011 170 155 219 208 025 210 069 237
0012 182 112 233 165 023 209 071 237
0013 188 097 247 146 024 210 070 238
0014 200 107 265 143 024 209 070 238
0015 023 209 072 239 196 117 265 148
0016 184 089 238 127 025 209 071 237
0017 024 209 070 237 199 078 247 114
0018 024 208 071 239 201 103 269 137
0019 024 208 072 237 196 120 266 153
0020 192 096 248 132 024 210 072 239
0021 197 093 255 132 024 210 072 239
0022 194 117 267 151 024 210 072 238
0023 182 111 244 142 024 211 072 239
0024 184 086 242 124 025 208 071 238
0025 196 097 257 132 024 209 070 239
0026 192 120 255 154 025 208 070 238
0027 185 101 249 137 025 211 069 238
0028 192 092 254 127 025 208 068 238
0029 023 208 072 238 196 115 264 148
0030 180 117 243 150 024 211 068 239
0031 189 081 245 120 025 208 069 239
0032 202 093 256 130 024 208 070 239
0033 024 208 070 238 196 121 270 158
0034 181 113 250 150 023 211 070 239
0035 191 085 249 122 023 211 069 238
0036 024 208 070 238 203 092 258 128
0037 196 118 261 156 023 211 069 238
0038 181 113 247 149 024 211 068 238
0039 024 208 069 237 192 083 249 123
0040 202 093 257 130 024 209 069 239
0041 198 119 262 155 025 208 070 237
0042 189 118 251 157 023 211 070 239
0043 197 106 255 145 025 208 069 239
0044 206 107 261 151 025 209 070 239
0045 208 127 258 177 026 210 070 239
0046 026 209 069 239 194 162 237 212
0047 025 209 070 239 185 198 216 238
0048 026 210 071 238 161 214 199 239
0049 025 210 073 237 000 000 000 000
0050 025 211 074 237 000 000 000 000
0051 024 211 074 239 000 000 000 000
0052 025 212 073 239 000 000 000 000
0053 024 213 072 239 000 000 000 000
0054 025 212 073 239 000 000 000 000
0055 025 213 071 239 000 000 000 000
0056 025 212 071 239 000 000 000 000
