0000 156 207 196 236 089 212 141 236
0001 151 212 195 239 091 211 137 238
0002 156 207 196 236 091 211 137 238
0003 156 208 196 236 091 211 137 238
0004 156 208 196 236 091 211 137 238
0005 156 207 196 236 091 211 137 238
0006 156 208 196 236 091 210 137 238
0007 156 208 196 236 091 211 137 238
0008 156 208 197 237 091 210 137 238
0009 155 209 196 236 091 210 137 238
0010 155 211 197 239 091 210 137 238
0011 155 208 196 237 093 216 139 237
0012 161 206 199 236 092 214 139 237
0013 157 208 195 236 093 214 139 237
0014 158 210 198 236 093 215 139 237
0015 155 209 198 237 093 215 139 237
0016 156 211 195 236 093 215 139 237
0017 154 214 196 239 093 215 140 237
0018 158 209 195 237 093 215 139 237
0019 157 209 196 237 093 215 139 237
0020 158 210 197 237 094 215 139 237
0021 159 210 195 237 093 215 139 237
0022 158 211 195 237 093 215 139 237
0023 157 211 196 237 093 215 139 237
0024 157 210 197 237 093 215 139 237
0025 161 214 193 239 093 216 138 237
0026 161 214 193 238 093 215 139 237
0027 162 213 193 238 093 215 139 237
0028 158 210 197 237 093 215 139 237
0029 157 208 197 237 093 215 139 237
0030 160 202 198 236 092 212 140 238
0031 159 192 199 226 091 211 140 238
0032 159 164 206 202 092 212 140 238
0033 160 123 208 180 094 217 138 237
0034 161 091 207 157 093 216 139 237
0035 160 067 207 137 092 214 140 237
0036 164 052 207 128 093 214 140 237
0037 163 046 204 118 093 214 139 237
0038 166 036 206 110 093 214 140 237
0039 161 035 202 108 093 214 139 237
0040 165 032 206 107 093 215 140 237
0041 158 039 208 114 093 215 139 237
0042 165 033 208 112 093 215 139 237
0043 166 034 208 112 093 215 139 237
0044 160 038 202 110 093 215 139 237
0045 163 037 204 111 093 215 139 237
0046 163 037 204 110 093 216 139 237
0047 162 039 201 110 089 212 140 235
0048 161 039 203 111 093 215 139 237
0049 161 039 203 111 092 215 139 237
0050 161 040 202 111 092 215 139 237
0051 162 039 202 112 092 215 139 237
0052 162 039 202 111 092 215 139 237
0053 162 040 202 111 092 215 139 237
0054 162 039 202 110 092 215 139 237
0055 162 038 203 111 092 215 139 237
0056 162 039 203 111 092 215 139 237
0057 163 039 204 111 092 215 139 237
0058 163 039 203 111 092 215 138 237
0059 162 040 203 110 090 212 140 238
0060 162 039 203 111 091 212 139 238
0061 162 038 203 110 091 212 140 238
0062 162 038 203 110 089 215 137 239
0063 162 038 203 111 089 216 137 239
0064 163 040 201 111 089 216 137 239
0065 160 040 200 117 089 216 137 239
0066 164 069 203 138 092 215 138 237
0067 163 121 202 169 096 214 139 238
0068 162 164 202 213 094 216 133 239
0069 162 194 202 236 097 214 138 238
0070 162 211 200 238 093 216 137 237
0071 162 210 200 237 093 213 139 237
0072 162 210 199 238 093 214 139 237
0073 162 210 199 238 093 214 139 237
0074 161 210 199 238 093 214 139 237
0075 161 210 198 238 093 214 139 237
0076 161 211 199 237 093 211 136 239
0077 161 211 199 237 093 212 136 239
0078 161 208 198 236 092 212 140 239
0079 160 208 197 237 091 215 137 239
0080 161 211 201 239 092 212 140 238
0081 163 208 195 239 092 211 140 238
0082 161 210 196 236 092 211 136 238
0083 160 211 196 239 092 216 139 237
0084 161 210 200 239 092 215 139 237
0085 161 210 201 239 092 215 139 237
0086 162 210 200 239 092 216 139 237
