0005 130 190 185 239 000 000 000 000
0006 141 149 196 213 000 000 000 000
0007 144 126 200 198 000 000 000 000
0008 155 098 202 166 000 000 000 000
0009 157 085 208 154 000 000 000 000
0010 160 068 206 143 000 000 000 000
0011 163 063 213 133 000 000 000 000
0012 162 059 213 128 000 000 000 000
0013 163 056 214 127 000 000 000 000
0014 160 053 214 130 000 000 000 000
0015 162 058 209 135 000 000 000 000
0016 162 059 208 132 000 000 000 000
0017 163 058 212 128 000 000 000 000
0018 164 059 212 128 000 000 000 000
0019 162 066 213 134 000 000 000 000
0020 158 083 204 160 000 000 000 000
0021 151 116 202 179 000 000 000 000
0022 144 168 191 217 000 000 000 000
0023 132 215 174 239 000 000 000 000
