0019 164 169 204 214 000 000 000 000
0020 162 138 216 198 000 000 000 000
0021 171 118 220 185 000 000 000 000
0022 174 092 221 170 000 000 000 000
0023 172 080 217 154 000 000 000 000
0024 179 063 221 139 000 000 000 000
0025 182 056 222 131 000 000 000 000
0026 181 053 223 127 000 000 000 000
0027 181 050 223 125 000 000 000 000
0028 180 050 221 125 000 000 000 000
0029 182 050 221 126 000 000 000 000
0030 181 050 221 124 000 000 000 000
0031 181 049 220 122 000 000 000 000
0032 177 047 216 120 000 000 000 000
0033 177 047 216 121 000 000 000 000
0034 177 048 216 121 000 000 000 000
0035 178 046 219 122 000 000 000 000
0036 177 047 215 122 000 000 000 000
0037 176 045 217 121 000 000 000 000
0038 176 048 217 121 000 000 000 000
0039 179 047 222 124 000 000 000 000
0040 180 051 222 126 000 000 000 000
0041 181 057 223 129 000 000 000 000
0042 175 075 225 148 000 000 000 000
0043 164 122 214 180 000 000 000 000
