0003 141 200 190 238 000 000 000 000
0004 156 145 206 204 000 000 000 000
0005 167 100 213 168 000 000 000 000
0006 174 063 213 139 000 000 000 000
0007 172 054 216 131 000 000 000 000
0008 175 043 217 121 000 000 000 000
0009 176 035 217 115 000 000 000 000
0010 175 035 216 112 000 000 000 000
0011 174 037 216 117 000 000 000 000
0012 178 038 218 117 000 000 000 000
0013 177 039 218 117 000 000 000 000
0014 177 040 216 120 000 000 000 000
0015 177 040 216 120 000 000 000 000
0016 177 039 217 118 000 000 000 000
0017 174 039 216 120 000 000 000 000
0018 177 040 216 118 000 000 000 000
0019 177 041 216 120 000 000 000 000
0020 176 052 216 129 000 000 000 000
0021 166 084 213 157 000 000 000 000
0022 153 156 199 206 000 000 000 000
0023 135 209 185 239 000 000 000 000
