0000 138 209 172 233 000 000 000 000
0001 135 208 170 232 000 000 000 000
0002 138 207 172 235 000 000 000 000
0003 135 209 170 232 000 000 000 000
0004 137 208 170 233 000 000 000 000
0005 138 197 169 223 000 000 000 000
0006 143 181 171 210 000 000 000 000
0007 144 157 171 190 000 000 000 000
0008 144 130 173 176 000 000 000 000
0009 145 105 174 160 000 000 000 000
0010 141 091 176 149 000 000 000 000
0011 140 083 182 144 000 000 000 000
0012 142 079 176 139 000 000 000 000
0013 141 079 177 137 000 000 000 000
0014 145 080 179 137 000 000 000 000
0015 144 081 183 144 000 000 000 000
0016 146 084 183 144 000 000 000 000
0017 145 080 179 143 000 000 000 000
0018 147 084 184 144 000 000 000 000
0019 149 086 182 143 000 000 000 000
0020 144 083 183 141 000 000 000 000
0021 144 083 183 141 000 000 000 000
0022 144 083 183 141 000 000 000 000
0023 144 084 184 142 000 000 000 000
0024 148 086 182 146 000 000 000 000
0025 145 095 178 153 000 000 000 000
0026 139 116 167 170 000 000 000 000
0027 136 144 166 189 000 000 000 000
0028 135 181 167 212 000 000 000 000
0029 138 195 166 220 000 000 000 000
0030 137 206 171 234 000 000 000 000
0031 137 208 171 237 000 000 000 000
0032 137 209 170 237 000 000 000 000
0033 137 210 167 236 000 000 000 000
0034 137 208 171 237 000 000 000 000
0035 137 210 167 236 000 000 000 000
0036 137 210 167 236 000 000 000 000
0037 134 212 169 239 000 000 000 000
