0000 101 207 124 237 180 193 200 225
0001 101 207 124 237 180 193 201 226
0002 101 207 124 237 180 192 200 226
0003 102 205 126 236 180 193 201 227
0004 106 197 131 230 180 189 201 221
0005 118 177 145 200 174 178 196 205
0006 130 139 159 168 161 145 196 177
0007 143 102 181 138 000 000 000 000
0008 143 094 181 128 000 000 000 000
0009 144 094 171 125 000 000 000 000
0010 144 095 171 125 000 000 000 000
0011 140 093 176 127 000 000 000 000
0012 144 094 171 126 000 000 000 000
0013 140 093 176 127 000 000 000 000
0014 146 094 176 122 000 000 000 000
0015 152 097 192 143 138 093 165 126
0016 129 121 158 152 177 150 203 174
0017 115 175 137 195 185 177 207 210
0018 106 187 133 220 184 188 205 224
0019 103 205 125 234 182 192 201 228
0020 099 203 121 232 180 193 200 228
0021 099 204 122 236 180 194 201 229
0022 100 204 124 234 178 195 199 229
0023 104 205 127 235 178 193 198 227
