0000 100 205 121 235 176 193 197 225
0001 100 205 122 235 176 194 197 225
0002 100 208 124 237 176 193 197 225
0003 100 205 125 235 175 194 196 227
0004 175 190 196 225 111 192 136 217
0005 123 151 153 179 160 175 186 197
0006 146 125 179 155 134 106 163 139
0007 138 091 169 127 000 000 000 000
0008 138 087 168 115 000 000 000 000
0009 140 087 170 118 000 000 000 000
0010 137 088 166 120 000 000 000 000
0011 138 088 166 119 000 000 000 000
0012 137 089 166 119 000 000 000 000
0013 137 089 166 120 000 000 000 000
0014 137 090 167 121 000 000 000 000
0015 139 088 173 127 000 000 000 000
0016 130 099 157 132 154 125 185 154
0017 116 141 145 168 175 168 198 200
0018 178 186 197 222 104 177 126 205
0019 098 198 123 232 178 193 197 225
0020 096 206 119 235 177 197 197 222
0021 096 207 118 236 177 191 194 224
0022 097 207 120 236 177 193 195 223
0023 097 207 123 238 174 194 195 228
