0003 145 195 178 238 000 000 000 000
0004 131 130 166 183 000 000 000 000
0005 125 092 159 132 000 000 000 000
0006 120 081 155 113 000 000 000 000
0007 115 081 146 113 000 000 000 000
0008 105 086 135 120 000 000 000 000
0009 087 090 127 125 000 000 000 000
0010 089 092 124 128 000 000 000 000
0011 087 093 125 128 000 000 000 000
0012 096 099 129 135 000 000 000 000
0013 098 123 140 178 000 000 000 000
0014 119 180 161 237 000 000 000 000
0015 153 216 182 236 000 000 000 000
0019 152 222 179 239 000 000 000 000
