0004 137 195 175 239 000 000 000 000
0005 133 133 170 188 000 000 000 000
0006 125 091 166 137 000 000 000 000
0007 126 081 163 121 000 000 000 000
0008 123 075 159 109 000 000 000 000
0009 119 071 158 106 000 000 000 000
0010 118 073 150 109 000 000 000 000
0011 106 086 141 120 000 000 000 000
0012 090 099 123 137 000 000 000 000
0013 082 101 121 146 000 000 000 000
0014 089 105 125 150 000 000 000 000
0015 094 114 132 159 000 000 000 000
0016 107 151 149 207 000 000 000 000
0017 120 197 162 239 000 000 000 000
0018 128 225 164 239 000 000 000 000
