0008 149 159 206 211 000 000 000 000
0009 150 119 206 166 000 000 000 000
0010 157 095 203 133 000 000 000 000
0011 153 084 199 123 000 000 000 000
0012 151 082 194 119 000 000 000 000
0013 143 081 192 119 000 000 000 000
0014 143 085 188 125 000 000 000 000
0015 144 086 187 133 000 000 000 000
0016 135 090 188 138 000 000 000 000
0017 135 093 182 140 000 000 000 000
0018 131 093 185 140 000 000 000 000
0019 136 093 190 142 000 000 000 000
0020 139 099 188 148 000 000 000 000
0021 138 125 189 176 000 000 000 000
0022 135 169 195 221 000 000 000 000
0023 138 214 190 239 000 000 000 000
