0002 113 208 147 239 000 000 000 000
0003 114 183 148 234 000 000 000 000
0004 114 118 149 173 000 000 000 000
0005 109 088 144 139 000 000 000 000
0006 096 070 138 118 000 000 000 000
0007 088 067 130 107 000 000 000 000
0008 086 067 130 106 000 000 000 000
0009 086 070 120 105 000 000 000 000
0010 083 073 115 104 000 000 000 000
0011 083 072 114 106 000 000 000 000
0012 079 064 115 106 000 000 000 000
0013 079 064 114 108 000 000 000 000
0014 078 069 115 109 000 000 000 000
0015 076 075 114 115 000 000 000 000
0016 074 083 112 120 000 000 000 000
0017 074 087 113 126 000 000 000 000
0018 072 096 108 137 000 000 000 000
0019 066 102 105 145 000 000 000 000
0020 061 121 105 165 000 000 000 000
0021 058 126 104 172 000 000 000 000
0022 059 129 101 173 000 000 000 000
0023 059 124 106 169 000 000 000 000
0024 060 126 108 170 000 000 000 000
0025 061 126 107 172 000 000 000 000
0026 064 126 110 171 000 000 000 000
0027 072 135 118 191 000 000 000 000
0028 083 163 120 222 000 000 000 000
