0000 039 205 094 239 152 222 191 239
0001 042 203 095 238 146 223 194 239
0002 040 203 093 238 149 223 195 239
0003 039 203 093 238 147 222 194 239
0004 039 204 092 238 152 222 196 239
0005 040 203 093 238 000 000 000 000
0006 042 202 094 239 152 222 193 239
0007 042 205 092 239 149 224 195 239
0008 042 202 094 239 150 223 202 239
0009 042 203 093 239 149 216 202 237
0010 133 202 202 238 041 202 093 238
0011 136 183 200 233 042 204 094 239
0012 137 165 201 213 039 201 095 239
0013 135 141 204 189 043 201 093 239
0014 042 201 094 239 133 115 189 159
0015 140 098 193 144 040 201 092 238
0016 140 087 187 137 041 202 092 238
0017 140 082 182 125 038 201 092 238
0018 140 081 174 122 038 201 092 238
0019 131 084 163 121 039 203 092 238
0020 040 205 095 238 131 085 163 124
0021 040 205 094 238 127 081 161 124
0022 040 204 094 238 123 084 157 124
0023 042 203 093 239 119 086 155 127
0024 041 202 093 239 117 086 151 131
0025 040 202 093 239 114 087 153 133
0026 041 202 093 239 116 092 150 138
0027 041 202 093 239 113 096 148 134
0028 040 202 095 238 116 096 152 139
0029 040 202 094 238 105 097 142 137
0030 040 203 095 239 099 097 141 142
0031 096 104 139 151 039 202 090 239
0032 029 189 076 237 088 110 142 160
0033 089 126 151 175 019 194 070 238
0034 096 149 155 200 011 203 064 237
0035 094 185 175 231 020 220 077 239
0036 113 203 175 237 023 220 067 236
0037 115 212 178 238 016 223 069 239
0038 118 215 186 239 014 224 062 239
0039 118 217 186 239 000 000 000 000
0040 118 217 186 239 000 000 000 000
0041 119 211 184 239 000 000 000 000
0042 119 213 182 239 000 000 000 000
