0009 150 181 202 235 000 000 000 000
0010 155 124 202 176 000 000 000 000
0011 153 101 204 151 000 000 000 000
0012 148 089 195 133 000 000 000 000
0013 146 085 191 125 000 000 000 000
0014 146 084 188 124 000 000 000 000
0015 148 082 185 128 000 000 000 000
0016 141 087 185 132 000 000 000 000
0017 139 093 181 139 000 000 000 000
0018 135 096 180 144 000 000 000 000
0019 134 098 179 144 000 000 000 000
0020 134 099 179 145 000 000 000 000
0021 133 097 181 144 000 000 000 000
0022 136 101 179 144 000 000 000 000
0023 139 113 184 162 000 000 000 000
0024 131 143 184 198 000 000 000 000
0025 129 214 177 239 000 000 000 000
