0000 054 210 106 237 000 000 000 000
0001 046 203 104 235 000 000 000 000
0002 042 211 083 238 000 000 000 000
0003 037 223 077 239 000 000 000 000
0011 150 215 196 239 000 000 000 000
0012 156 197 202 236 068 213 108 239
0013 169 170 212 208 000 000 000 000
0014 176 117 229 175 000 000 000 000
0015 184 083 223 145 000 000 000 000
0016 175 056 227 122 000 000 000 000
0017 174 041 232 106 069 223 110 238
0018 177 031 234 097 000 000 000 000
0019 180 020 236 088 070 224 112 238
0020 179 021 237 088 000 000 000 000
0021 181 020 236 085 000 000 000 000
0022 179 019 236 085 000 000 000 000
0023 178 019 235 086 000 000 000 000
0024 179 021 235 086 070 223 109 238
0025 179 021 235 086 068 222 107 238
0026 179 021 235 086 069 223 109 239
0027 179 022 235 087 069 223 108 239
0028 180 019 236 087 068 223 109 239
0029 181 020 236 086 069 222 111 238
0030 180 023 236 087 069 223 110 239
0031 180 024 235 088 069 223 110 239
0032 180 039 233 098 069 223 110 239
0033 182 071 229 119 071 224 112 239
0034 174 112 219 155 072 222 107 237
0035 161 170 214 223 073 223 106 239
0036 150 197 206 239 070 222 105 239
0037 156 222 192 237 074 223 109 239
0038 073 222 110 238 000 000 000 000
