0002 115 221 148 239 000 000 000 000
0003 108 167 150 211 000 000 000 000
0004 122 093 172 149 000 000 000 000
0005 127 049 177 111 000 000 000 000
0006 127 035 177 097 000 000 000 000
0007 129 033 177 096 000 000 000 000
0008 133 032 179 096 000 000 000 000
0009 133 033 178 096 000 000 000 000
0010 131 034 180 097 000 000 000 000
0011 133 033 179 097 000 000 000 000
0012 131 032 180 099 000 000 000 000
0013 129 034 183 097 000 000 000 000
0014 132 034 180 097 000 000 000 000
0015 131 033 179 097 000 000 000 000
0016 129 034 178 096 000 000 000 000
0017 128 037 176 097 000 000 000 000
0018 131 058 178 113 000 000 000 000
0019 127 101 169 154 000 000 000 000
0020 107 183 158 234 000 000 000 000
0021 109 223 142 239 000 000 000 000
