0002 157 223 199 239 000 000 000 000
0003 160 203 200 238 000 000 000 000
0004 169 153 203 230 000 000 000 000
0005 160 115 211 201 000 000 000 000
0006 158 077 220 172 000 000 000 000
0007 157 072 215 153 000 000 000 000
0008 159 067 215 149 000 000 000 000
0009 159 061 219 152 000 000 000 000
0010 160 068 216 150 000 000 000 000
0011 158 067 221 151 000 000 000 000
0012 159 065 221 152 000 000 000 000
0013 162 064 219 154 000 000 000 000
0014 161 064 223 152 000 000 000 000
0015 159 063 221 149 000 000 000 000
0016 160 060 223 151 000 000 000 000
0017 163 068 224 149 000 000 000 000
0018 160 056 222 149 000 000 000 000
0019 162 061 224 145 000 000 000 000
0020 165 064 223 147 000 000 000 000
0021 165 057 220 145 000 000 000 000
0022 162 057 226 149 000 000 000 000
0023 160 060 225 146 000 000 000 000
0024 161 060 227 146 000 000 000 000
0025 162 057 226 148 000 000 000 000
0026 165 066 225 147 000 000 000 000
0027 163 063 223 152 000 000 000 000
0028 158 070 225 155 000 000 000 000
0029 162 091 217 183 000 000 000 000
0030 156 149 203 216 000 000 000 000
0031 149 223 195 239 000 000 000 000
