0002 158 198 195 239 000 000 000 000
0003 106 215 153 239 000 000 000 000
0004 138 178 184 224 000 000 000 000
0005 168 137 215 180 000 000 000 000
0006 192 120 238 165 000 000 000 000
0007 213 106 259 146 000 000 000 000
0008 235 105 284 145 000 000 000 000
0009 238 105 286 147 000 000 000 000
0010 243 103 288 144 000 000 000 000
0011 243 102 288 145 000 000 000 000
0012 241 105 290 146 000 000 000 000
0013 241 104 289 147 000 000 000 000
0014 241 106 290 148 000 000 000 000
0015 238 107 286 148 000 000 000 000
0016 233 105 282 149 000 000 000 000
0017 221 106 270 147 000 000 000 000
0018 184 117 235 167 000 000 000 000
0019 152 140 203 188 167 195 201 237
0020 118 184 173 235 000 000 000 000
0021 159 197 198 236 000 000 000 000
0022 160 197 198 239 000 000 000 000
0023 163 197 198 239 000 000 000 000
0024 163 194 199 239 000 000 000 000
0025 161 201 202 238 000 000 000 000
0026 160 199 195 239 000 000 000 000
0027 160 198 200 239 000 000 000 000
