0007 095 217 143 238 000 000 000 000
0008 084 199 141 239 000 000 000 000
0009 081 178 147 219 000 000 000 000
0010 087 159 145 205 000 000 000 000
0011 087 145 143 189 000 000 000 000
0012 083 134 140 183 000 000 000 000
0013 084 128 140 177 000 000 000 000
0014 084 125 140 176 000 000 000 000
0015 085 124 140 169 000 000 000 000
0016 085 121 140 170 000 000 000 000
0017 084 120 139 170 000 000 000 000
0018 086 118 140 170 000 000 000 000
0019 085 119 140 170 000 000 000 000
0020 086 119 140 170 000 000 000 000
0021 085 120 141 169 000 000 000 000
0022 085 119 141 170 000 000 000 000
0023 085 119 141 170 000 000 000 000
0024 085 119 140 169 000 000 000 000
0025 085 118 140 169 000 000 000 000
0026 089 118 142 165 000 000 000 000
0027 086 120 140 170 000 000 000 000
0028 086 126 140 176 000 000 000 000
0029 086 136 139 182 000 000 000 000
0030 082 147 142 195 000 000 000 000
0031 078 172 145 218 000 000 000 000
0032 081 197 137 237 000 000 000 000
0033 087 216 140 239 000 000 000 000
