0000 174 154 211 200 095 212 138 239
0001 094 212 138 239 174 146 212 192
0002 177 138 212 182 095 213 138 239
0003 177 126 215 175 095 213 138 239
0004 180 113 219 170 094 210 140 235
0005 179 098 219 159 095 213 138 239
0006 179 087 222 147 095 212 138 239
0007 180 077 217 143 094 212 138 239
0008 179 068 215 136 094 210 140 235
0009 179 061 216 132 092 211 138 239
0010 180 060 218 127 094 212 138 239
0011 179 058 218 125 092 212 137 239
0012 178 048 216 124 094 208 139 235
0013 179 050 217 126 094 208 139 235
0014 179 055 217 125 094 208 139 235
0015 179 056 217 125 094 208 139 235
0016 179 056 214 125 094 208 139 235
0017 180 058 218 126 093 207 139 235
0018 180 058 218 126 095 213 138 239
0019 180 058 218 126 095 213 140 239
0020 180 057 218 126 095 213 138 239
0021 180 058 218 127 095 213 140 239
0022 180 057 218 127 094 208 139 235
0023 180 056 218 127 095 213 138 239
0024 181 057 217 127 093 208 139 234
0025 180 057 218 128 092 213 137 239
0026 180 058 217 127 093 209 139 234
0027 181 059 217 126 092 213 137 239
0028 181 057 217 127 093 208 139 234
0029 183 060 218 130 088 211 136 239
0030 181 060 217 127 089 211 135 239
0031 179 058 218 129 093 208 139 234
0032 180 059 219 130 093 213 137 239
0033 179 062 217 130 093 208 139 234
0034 178 064 218 131 092 213 137 239
0035 178 064 218 131 092 213 137 239
0036 178 063 215 129 093 213 137 239
0037 177 060 218 127 093 213 137 239
0038 178 065 217 130 092 213 137 239
0039 178 065 217 130 094 209 138 239
0040 176 063 213 128 094 209 138 239
0041 179 066 217 131 094 209 139 239
0042 178 060 217 125 094 209 139 239
0043 179 064 217 129 094 209 139 239
0044 179 064 217 129 094 209 138 239
0045 178 060 218 126 094 209 138 239
0046 178 061 218 126 094 209 139 239
0047 178 061 218 126 092 213 137 239
0048 179 063 215 130 094 213 138 239
0049 179 063 214 130 094 213 137 239
0050 179 062 217 125 094 213 138 239
0051 178 062 217 125 094 213 138 239
0052 179 064 218 131 095 214 140 239
0053 179 065 217 130 095 214 140 239
0054 179 065 217 131 095 213 140 239
0055 179 064 218 131 095 213 140 239
0056 179 064 218 131 095 214 140 239
0057 179 068 217 133 094 213 138 239
0058 176 076 217 136 095 214 140 239
0059 177 105 214 164 094 213 138 239
0060 176 152 211 200 094 208 139 234
0061 169 175 211 237 094 207 139 234
0062 164 209 200 236 092 208 138 234
0063 163 207 201 236 094 208 139 234
0064 161 208 200 237 096 209 140 235
0065 163 209 200 237 094 209 139 239
0066 163 208 201 237 094 209 139 239
0067 164 208 202 236 094 209 139 239
0068 163 208 202 236 094 209 139 239
0069 163 208 199 236 094 209 139 239
0070 161 208 202 236 094 209 139 239
0071 161 207 201 237 094 209 138 239
0072 161 207 202 238 094 214 137 239
0073 162 208 202 237 093 208 139 234
0074 162 208 203 237 096 214 140 239
0075 163 207 202 238 093 207 140 234
0076 167 208 200 239 093 207 140 234
