0000 138 209 172 237 000 000 000 000
0001 136 208 167 235 000 000 000 000
0002 137 194 168 227 000 000 000 000
0003 135 176 169 215 000 000 000 000
0004 135 147 167 197 000 000 000 000
0005 137 130 168 184 000 000 000 000
0006 135 116 170 173 000 000 000 000
0007 140 107 169 164 000 000 000 000
0008 137 103 173 160 000 000 000 000
0009 140 099 171 157 000 000 000 000
0010 136 097 169 153 000 000 000 000
0011 134 097 168 153 000 000 000 000
0012 134 095 167 153 000 000 000 000
0013 134 097 167 154 000 000 000 000
0014 134 099 167 156 000 000 000 000
0015 134 097 167 157 000 000 000 000
0016 134 099 168 157 000 000 000 000
0017 134 101 169 159 000 000 000 000
0018 137 098 168 154 000 000 000 000
0019 138 094 171 152 000 000 000 000
0020 137 098 171 151 000 000 000 000
0021 134 109 171 161 000 000 000 000
0022 138 130 168 174 000 000 000 000
0023 136 154 170 191 000 000 000 000
0024 136 184 167 209 000 000 000 000
0025 138 197 170 221 000 000 000 000
0026 134 209 172 236 000 000 000 000
0027 134 213 170 239 000 000 000 000
0028 135 210 170 236 000 000 000 000
0029 135 210 171 236 000 000 000 000
0030 136 210 171 236 000 000 000 000
0031 136 210 171 236 000 000 000 000
