0002 144 217 178 237 000 000 000 000
0004 145 215 180 239 000 000 000 000
0005 160 199 216 237 139 209 176 238
0006 151 177 213 234 000 000 000 000
0007 153 162 208 227 000 000 000 000
0008 149 144 204 212 000 000 000 000
0009 152 133 205 199 000 000 000 000
0010 150 112 197 194 000 000 000 000
0011 153 105 195 181 000 000 000 000
0012 149 100 192 179 000 000 000 000
0013 147 095 188 179 000 000 000 000
0014 147 092 184 173 000 000 000 000
0015 151 093 190 175 000 000 000 000
0016 152 089 188 173 000 000 000 000
0017 148 089 189 170 000 000 000 000
0018 149 087 191 168 000 000 000 000
0019 150 086 193 168 000 000 000 000
0020 150 089 193 168 000 000 000 000
0021 152 089 192 169 000 000 000 000
0022 151 089 191 169 000 000 000 000
0023 153 088 191 169 000 000 000 000
0024 154 090 191 167 000 000 000 000
0025 155 095 195 173 000 000 000 000
0026 151 098 194 177 000 000 000 000
0027 150 122 190 189 000 000 000 000
0028 130 187 190 236 000 000 000 000
