0003 144 213 186 239 000 000 000 000
0004 152 190 196 237 000 000 000 000
0005 157 164 205 219 000 000 000 000
0006 164 140 208 201 000 000 000 000
0007 165 114 216 180 000 000 000 000
0008 173 090 215 159 000 000 000 000
0009 172 074 211 143 000 000 000 000
0010 175 062 215 133 000 000 000 000
0011 177 056 217 127 000 000 000 000
0012 178 052 216 124 000 000 000 000
0013 179 051 220 124 000 000 000 000
0014 180 055 223 127 000 000 000 000
0015 180 055 221 128 000 000 000 000
0016 181 055 220 126 000 000 000 000
0017 182 055 221 125 000 000 000 000
0018 182 054 221 125 000 000 000 000
0019 182 055 221 125 000 000 000 000
0020 181 054 223 126 000 000 000 000
0021 183 052 223 128 000 000 000 000
0022 184 054 224 127 000 000 000 000
0023 186 056 227 129 000 000 000 000
0024 189 054 231 127 000 000 000 000
0025 194 049 234 122 000 000 000 000
0026 190 054 236 122 000 000 000 000
0027 191 049 238 120 000 000 000 000
0028 191 053 238 121 000 000 000 000
0029 190 054 238 119 000 000 000 000
0030 193 051 233 119 000 000 000 000
0031 192 054 235 120 000 000 000 000
0032 191 054 233 122 000 000 000 000
0033 187 054 229 120 000 000 000 000
0034 185 054 233 119 000 000 000 000
0035 185 051 233 118 000 000 000 000
0036 188 052 227 118 000 000 000 000
0037 184 057 227 120 000 000 000 000
0038 183 055 227 120 000 000 000 000
0039 183 054 227 122 000 000 000 000
0040 183 055 227 121 000 000 000 000
0041 186 053 226 121 000 000 000 000
0042 186 053 226 121 000 000 000 000
0043 188 058 228 122 000 000 000 000
0044 183 055 228 121 000 000 000 000
0045 189 057 228 124 000 000 000 000
0046 183 052 229 120 000 000 000 000
0047 184 051 229 119 000 000 000 000
0048 184 052 229 119 000 000 000 000
0049 187 054 226 120 000 000 000 000
0050 187 053 228 120 000 000 000 000
0051 187 052 226 120 000 000 000 000
0052 186 050 226 121 000 000 000 000
0053 187 051 229 119 000 000 000 000
0054 186 050 228 121 000 000 000 000
0055 185 048 226 121 000 000 000 000
0056 186 050 228 121 000 000 000 000
0057 186 051 227 122 000 000 000 000
0058 185 052 224 123 000 000 000 000
0059 182 054 224 124 000 000 000 000
0060 184 052 223 126 000 000 000 000
0061 184 054 221 126 000 000 000 000
0062 183 054 221 126 000 000 000 000
0063 183 056 224 126 000 000 000 000
0064 182 054 220 127 000 000 000 000
0065 182 055 223 127 000 000 000 000
0066 182 054 223 127 000 000 000 000
0067 182 053 222 127 000 000 000 000
0068 183 054 222 127 000 000 000 000
0069 184 054 221 127 000 000 000 000
0070 183 057 223 127 000 000 000 000
0071 183 064 219 135 000 000 000 000
0072 172 091 216 164 000 000 000 000
0073 150 182 195 235 000 000 000 000
0074 160 196 202 237 000 000 000 000
