0003 124 197 169 239 000 000 000 000
0004 123 158 172 226 000 000 000 000
0005 126 105 174 174 000 000 000 000
0006 123 076 170 141 000 000 000 000
0007 125 048 171 104 000 000 000 000
0008 126 038 173 090 000 000 000 000
0009 124 032 170 087 000 000 000 000
0010 127 033 174 089 000 000 000 000
0011 128 031 175 087 000 000 000 000
0012 128 034 174 090 000 000 000 000
0013 131 032 175 087 000 000 000 000
0014 132 033 175 089 000 000 000 000
0015 136 034 174 086 000 000 000 000
0016 127 030 173 088 000 000 000 000
0017 129 032 172 088 000 000 000 000
0018 131 034 177 090 000 000 000 000
0019 127 038 173 092 000 000 000 000
0020 126 054 176 112 000 000 000 000
0021 121 107 171 175 000 000 000 000
0022 120 156 170 228 000 000 000 000
0023 125 206 165 237 000 000 000 000
