0005 174 226 203 239 000 000 000 000
0006 174 226 203 239 000 000 000 000
0007 173 223 205 239 000 000 000 000
0008 164 202 213 239 000 000 000 000
0009 168 166 223 217 000 000 000 000
0010 168 129 223 190 000 000 000 000
0011 172 100 227 162 000 000 000 000
0012 177 077 228 146 113 195 171 238
0013 184 063 226 137 000 000 000 000
0014 183 059 224 129 000 000 000 000
0015 182 048 221 124 000 000 000 000
0016 182 050 223 122 000 000 000 000
0017 182 049 222 122 000 000 000 000
0018 182 050 222 123 000 000 000 000
0019 183 051 222 124 000 000 000 000
0020 184 053 222 122 000 000 000 000
0021 185 053 222 124 000 000 000 000
0022 186 054 224 124 000 000 000 000
0023 183 057 222 130 000 000 000 000
0024 179 070 222 140 114 201 167 237
0025 173 099 220 161 000 000 000 000
0026 162 125 224 183 000 000 000 000
0027 165 165 221 216 000 000 000 000
0028 163 194 216 236 000 000 000 000
0029 166 209 210 239 000 000 000 000
0030 172 221 207 239 000 000 000 000
0031 169 223 207 239 000 000 000 000
0032 172 225 205 239 000 000 000 000
0033 169 225 205 239 000 000 000 000
0034 169 225 205 239 000 000 000 000
