0000 174 224 218 239 123 223 161 239
0001 175 224 215 239 124 223 158 239
0002 118 223 161 239 177 226 217 239
0003 175 225 215 239 125 224 160 239
0004 176 209 219 239 124 223 160 239
0005 182 176 229 227 119 223 162 239
0006 193 128 240 175 119 225 163 239
0007 194 096 240 145 119 225 164 239
0008 192 074 235 125 116 223 166 239
0009 193 062 234 123 117 224 164 239
0010 192 052 239 118 114 226 163 239
0011 193 050 236 117 114 224 159 239
0012 196 049 237 116 114 224 159 239
0013 193 052 234 121 114 224 159 239
0014 193 053 235 122 115 224 159 239
0015 194 050 233 115 115 224 158 239
0016 189 057 234 120 115 224 159 239
0017 180 075 232 129 116 224 161 239
0018 180 108 238 156 116 224 161 239
0019 178 130 239 177 115 224 161 239
0020 181 169 233 216 114 223 159 239
0021 177 210 219 239 122 225 158 239
0022 116 225 160 239 000 000 000 000
0023 116 225 160 239 000 000 000 000
0024 117 224 161 239 000 000 000 000
