0003 169 219 216 239 000 000 000 000
0004 173 190 227 239 000 000 000 000
0005 179 164 234 222 000 000 000 000
0006 193 124 240 181 000 000 000 000
0007 197 093 242 152 000 000 000 000
0008 197 073 241 129 000 000 000 000
0009 198 061 239 119 000 000 000 000
0010 192 054 237 113 000 000 000 000
0011 196 051 236 114 000 000 000 000
0012 195 052 235 117 000 000 000 000
0013 196 053 234 118 000 000 000 000
0014 195 050 234 118 000 000 000 000
0015 197 054 235 120 000 000 000 000
0016 197 053 234 118 000 000 000 000
0017 199 055 236 118 000 000 000 000
0018 200 065 241 121 000 000 000 000
0019 190 091 247 137 000 000 000 000
0020 186 125 239 173 000 000 000 000
0021 184 153 234 202 000 000 000 000
0022 177 191 221 238 000 000 000 000
0023 168 210 213 239 000 000 000 000
0024 170 225 213 239 000 000 000 000
0025 169 225 212 239 000 000 000 000
