0000 282 163 309 232 092 194 109 223
0001 281 162 310 227 088 196 107 230
0002 091 195 109 228 283 163 309 232
0003 283 162 309 227 092 198 110 228
0004 283 163 308 226 190 198 209 229
0005 189 199 209 230 278 161 319 231
0006 284 160 307 230 094 195 110 227
0007 284 160 307 225 093 194 110 225
0008 094 196 111 226 278 163 308 229
0009 096 195 113 226 278 164 306 226
0010 277 161 318 229 095 192 117 226
0011 101 187 119 217 278 163 306 226
0012 282 160 309 228 171 172 196 202
0013 282 161 311 230 167 151 198 182
0014 162 141 196 171 283 163 309 233
0015 164 121 187 153 115 132 140 165
0016 116 123 142 156 283 161 309 229
0017 115 118 142 153 166 107 186 146
0018 111 123 138 165 170 123 194 167
0019 171 133 194 172 111 131 139 172
0020 171 137 196 174 111 133 138 173
0021 110 133 137 174 172 136 196 175
0022 110 133 136 174 173 136 197 175
0023 110 137 135 175 173 137 193 173
0024 173 139 197 175 109 135 133 174
0025 173 139 197 177 109 136 134 176
0026 172 140 195 178 109 137 134 177
0027 110 139 133 176 172 140 195 177
0028 171 140 193 176 108 139 133 177
0029 170 143 195 178 107 139 133 177
0030 102 138 138 176 168 149 195 184
0031 105 143 134 176 167 170 196 202
0032 101 146 138 183 171 189 195 218
0033 109 162 135 197 284 166 309 230
0034 104 180 128 214 192 195 213 231
0035 098 193 119 227 188 194 210 223
0036 093 196 113 229 279 162 307 230
