0000 202 192 220 222 119 185 139 217
0001 202 192 220 222 119 185 138 216
0002 201 191 220 222 119 183 139 211
0003 202 191 220 222 121 184 141 216
0004 119 187 140 213 203 191 221 224
0005 204 190 221 222 119 188 138 211
0006 120 186 139 210 200 191 219 224
0007 120 188 139 211 200 192 219 224
0008 123 183 142 215 200 192 219 223
0009 200 190 218 218 120 185 139 216
0010 202 190 220 221 121 188 140 215
0011 200 187 218 216 120 183 139 215
0012 196 178 217 210 122 180 142 211
0013 195 165 216 194 123 169 144 197
0014 125 147 149 179 197 143 216 172
0015 197 117 219 154 126 117 148 158
0016 198 106 221 152 124 112 147 152
0017 119 105 146 145 204 098 227 145
0018 116 105 142 149 210 099 231 144
0019 115 105 141 149 210 103 232 145
0020 116 106 142 151 211 105 231 146
0021 115 106 140 150 210 105 232 148
0022 116 106 142 150 210 106 232 148
0023 117 107 142 151 209 106 231 148
0024 211 108 231 146 117 108 142 151
0025 117 108 142 151 210 107 230 145
0026 117 107 142 150 210 105 231 145
0027 117 106 142 149 206 104 228 149
0028 117 107 141 149 206 105 228 148
0029 199 107 223 148 119 111 145 151
0030 193 111 221 151 120 110 149 157
0031 187 136 217 160 114 119 153 166
0032 185 143 216 173 122 145 153 183
0033 186 158 216 190 124 166 153 199
0034 192 171 220 204 125 176 151 205
0035 198 186 222 221 121 184 145 215
0036 207 191 227 222 119 188 140 220
0037 204 192 221 224 121 188 138 219
0038 203 192 219 222 121 186 138 216
0039 201 189 218 221 117 189 137 219
0040 120 187 139 218 201 190 219 222
0041 120 188 140 218 202 190 219 222
0042 202 190 219 222 120 186 139 218
0043 202 191 219 222 120 186 139 218
0044 120 188 140 219 202 190 218 223
