0000 158 196 199 239 000 000 000 000
0001 160 201 202 239 000 000 000 000
0002 158 200 196 239 000 000 000 000
0003 117 205 167 239 161 202 198 238
0004 158 159 206 211 000 000 000 000
0005 192 112 245 170 000 000 000 000
0006 210 084 258 149 000 000 000 000
0007 218 080 263 139 000 000 000 000
0008 225 083 274 128 000 000 000 000
0009 227 090 273 133 000 000 000 000
0010 228 083 277 135 000 000 000 000
0011 228 081 276 135 000 000 000 000
0012 225 082 274 131 000 000 000 000
0013 226 084 277 133 000 000 000 000
0014 226 083 277 134 000 000 000 000
0015 224 086 272 131 000 000 000 000
0016 228 085 275 132 000 000 000 000
0017 226 086 274 134 000 000 000 000
0018 225 086 273 134 000 000 000 000
0019 230 085 273 133 000 000 000 000
0020 226 086 272 134 000 000 000 000
0021 224 087 274 133 000 000 000 000
0022 224 086 270 134 000 000 000 000
0023 225 088 272 136 000 000 000 000
0024 224 087 269 137 000 000 000 000
0025 221 087 267 133 000 000 000 000
0026 214 081 254 136 000 000 000 000
0027 197 089 240 145 000 000 000 000
0028 157 137 210 191 000 000 000 000
0029 111 200 165 239 000 000 000 000
0031 163 195 199 239 000 000 000 000
