0000 140 221 174 238 000 000 000 000
0001 140 219 175 238 000 000 000 000
0002 140 219 174 238 000 000 000 000
0003 143 221 178 238 000 000 000 000
0004 146 218 181 238 000 000 000 000
0005 147 209 185 239 000 000 000 000
0006 164 206 206 238 000 000 000 000
0007 179 188 221 228 000 000 000 000
0008 191 157 236 196 000 000 000 000
0009 196 138 239 179 000 000 000 000
0010 193 122 235 170 000 000 000 000
0011 194 116 232 166 000 000 000 000
0012 192 115 234 162 000 000 000 000
0013 191 117 232 163 000 000 000 000
0014 191 118 230 162 000 000 000 000
0015 190 119 231 163 000 000 000 000
0016 194 118 233 162 000 000 000 000
0017 194 118 232 162 000 000 000 000
0018 193 117 233 161 000 000 000 000
0019 193 117 234 162 000 000 000 000
0020 191 117 234 162 000 000 000 000
0021 191 117 234 161 000 000 000 000
0022 192 117 232 164 000 000 000 000
0023 195 117 233 160 000 000 000 000
0024 197 108 236 158 000 000 000 000
0025 194 111 236 160 000 000 000 000
0026 194 113 237 159 000 000 000 000
0027 197 112 237 158 000 000 000 000
0028 196 109 237 154 000 000 000 000
0029 195 107 237 155 000 000 000 000
0030 198 110 236 155 000 000 000 000
0031 194 113 236 156 000 000 000 000
0032 198 110 235 158 000 000 000 000
0033 197 108 236 156 000 000 000 000
0034 195 108 235 154 000 000 000 000
0035 195 107 235 153 000 000 000 000
0036 195 107 235 153 000 000 000 000
0037 198 109 235 154 000 000 000 000
0038 196 111 234 155 000 000 000 000
0039 197 111 234 157 000 000 000 000
0040 198 105 234 155 000 000 000 000
0041 198 104 233 156 000 000 000 000
0042 197 104 234 156 000 000 000 000
0043 196 106 234 156 000 000 000 000
0044 196 109 232 154 000 000 000 000
0045 196 111 233 156 000 000 000 000
0046 196 110 233 157 000 000 000 000
0047 197 108 235 157 000 000 000 000
0048 196 108 235 157 000 000 000 000
0049 196 111 234 157 000 000 000 000
0050 196 112 233 155 000 000 000 000
0051 196 113 233 154 000 000 000 000
0052 194 116 232 160 000 000 000 000
0053 191 121 231 169 000 000 000 000
0054 186 137 225 184 000 000 000 000
0055 168 169 208 208 000 000 000 000
