0000 178 222 200 239 000 000 000 000
0002 179 223 203 239 000 000 000 000
0003 179 221 202 239 000 000 000 000
0004 180 222 206 239 000 000 000 000
0005 184 223 206 239 000 000 000 000
0006 181 222 204 239 000 000 000 000
0007 077 223 121 239 184 223 206 239
0008 077 201 130 239 184 222 206 239
0009 073 170 127 219 184 222 207 239
0010 073 145 127 196 184 222 207 239
0011 068 122 124 179 179 221 207 237
0012 068 101 124 159 180 221 206 239
0013 069 083 126 145 184 223 207 239
0014 068 078 125 140 181 222 204 239
0015 071 079 125 134 184 223 208 239
0016 070 080 125 138 180 221 207 237
0017 067 084 122 137 185 221 208 239
0018 068 082 123 137 180 221 208 237
0019 074 078 127 131 183 223 207 239
0020 071 074 125 130 185 222 208 239
0021 070 071 122 131 182 223 205 239
0022 073 078 124 128 183 223 207 239
0023 073 082 124 128 180 220 208 237
0024 074 079 122 131 181 223 205 239
0025 073 074 122 128 183 223 208 239
0026 072 069 125 124 183 224 209 239
0027 072 076 122 130 183 222 209 239
0028 072 080 125 129 183 224 209 239
0029 074 073 125 129 182 222 210 239
0030 075 069 124 130 182 222 207 239
0031 074 078 123 126 181 222 208 239
0032 073 078 125 129 182 223 208 239
0033 071 068 124 129 182 223 208 239
0034 071 066 124 126 182 222 208 239
0035 072 076 123 127 182 222 208 239
0036 073 083 122 133 181 224 209 239
0037 074 095 122 145 178 222 208 238
0038 073 131 121 180 183 222 208 239
0039 074 185 127 232 184 222 208 239
0040 184 221 208 239 075 223 114 239
0041 184 223 209 239 000 000 000 000
