0005 095 221 136 238 000 000 000 000
0006 094 188 150 234 000 000 000 000
0007 099 150 152 206 000 000 000 000
0008 102 120 155 180 000 000 000 000
0009 101 100 159 163 000 000 000 000
0010 100 096 159 154 000 000 000 000
0011 100 095 156 147 000 000 000 000
0012 101 093 157 148 000 000 000 000
0013 103 100 158 149 000 000 000 000
0014 103 105 157 149 000 000 000 000
0015 106 107 160 152 000 000 000 000
0016 104 107 160 149 000 000 000 000
0017 100 102 156 147 000 000 000 000
0018 104 089 158 146 000 000 000 000
0019 105 086 157 145 000 000 000 000
0020 106 086 157 144 000 000 000 000
0021 107 088 158 147 000 000 000 000
0022 105 095 157 142 000 000 000 000
0023 104 102 159 145 000 000 000 000
0024 106 106 156 149 000 000 000 000
0025 105 107 156 151 000 000 000 000
0026 104 103 156 150 000 000 000 000
0027 103 094 155 148 000 000 000 000
0028 104 090 156 149 000 000 000 000
0029 106 090 155 147 000 000 000 000
0030 105 094 156 146 000 000 000 000
0031 102 104 160 153 000 000 000 000
0032 106 109 159 158 000 000 000 000
0033 104 121 158 165 000 000 000 000
0034 108 140 155 184 000 000 000 000
0035 102 164 152 208 000 000 000 000
0036 100 189 152 230 000 000 000 000
0037 111 224 142 239 000 000 000 000
