0007 105 225 147 239 000 000 000 000
0008 091 211 154 236 000 000 000 000
0009 086 196 156 234 000 000 000 000
0010 089 172 154 221 000 000 000 000
0011 087 158 154 204 000 000 000 000
0012 087 142 152 190 000 000 000 000
0013 085 127 154 176 000 000 000 000
0014 080 122 152 170 000 000 000 000
0015 084 118 149 168 000 000 000 000
0016 077 115 150 162 000 000 000 000
0017 079 112 150 161 000 000 000 000
0018 080 110 146 159 000 000 000 000
0019 083 110 147 158 000 000 000 000
0020 079 109 148 159 000 000 000 000
0021 089 102 150 156 000 000 000 000
0022 084 102 142 150 000 000 000 000
0023 085 106 143 150 000 000 000 000
0024 095 101 147 150 000 000 000 000
0025 093 100 144 149 000 000 000 000
0026 091 088 146 147 000 000 000 000
0027 090 086 148 146 000 000 000 000
0028 096 086 151 141 000 000 000 000
0029 092 099 149 145 000 000 000 000
0030 095 102 146 143 000 000 000 000
0031 094 097 145 144 000 000 000 000
0032 100 083 149 146 000 000 000 000
0033 099 079 149 145 000 000 000 000
0034 092 100 147 144 000 000 000 000
0035 094 100 146 143 000 000 000 000
0036 089 102 150 148 000 000 000 000
0037 091 106 150 155 000 000 000 000
0038 095 118 146 161 000 000 000 000
0039 096 129 146 173 000 000 000 000
0040 097 144 153 191 000 000 000 000
0041 093 165 148 209 000 000 000 000
0042 093 196 145 238 000 000 000 000
0043 100 217 138 239 000 000 000 000
