0000 186 222 205 238 000 000 000 000
0001 185 223 204 239 000 000 000 000
0002 192 223 211 239 000 000 000 000
0003 215 219 239 237 000 000 000 000
0004 242 199 279 239 000 000 000 000
0005 272 108 319 145 000 000 000 000
0006 267 029 309 072 000 000 000 000
0007 238 000 278 045 000 000 000 000
0008 191 000 226 021 000 000 000 000
0009 168 001 208 030 000 000 000 000
0010 146 013 186 040 000 000 000 000
0011 144 024 181 044 000 000 000 000
0012 145 030 178 051 000 000 000 000
0013 145 030 175 051 000 000 000 000
0014 142 032 175 051 000 000 000 000
0015 143 032 175 051 000 000 000 000
0016 146 032 174 054 000 000 000 000
0017 141 030 176 054 000 000 000 000
0018 143 031 177 055 000 000 000 000
0019 142 031 176 054 000 000 000 000
0020 143 034 174 053 000 000 000 000
0021 142 030 175 051 000 000 000 000
0022 148 024 190 045 000 000 000 000
0023 170 005 207 042 000 000 000 000
0024 207 009 242 049 000 000 000 000
0025 254 057 292 106 000 000 000 000
0026 266 134 307 179 000 000 000 000
0027 246 200 283 237 000 000 000 000
0028 220 219 244 239 000 000 000 000
