0005 067 180 126 233 000 000 000 000
0006 111 091 148 148 000 000 000 000
0007 113 047 146 095 000 000 000 000
0008 087 006 140 049 000 000 000 000
0009 079 005 119 035 000 000 000 000
0010 061 008 121 047 000 000 000 000
0011 060 011 122 043 000 000 000 000
0012 060 011 121 043 000 000 000 000
0013 060 011 119 043 000 000 000 000
0014 062 012 121 046 000 000 000 000
0015 058 011 127 050 000 000 000 000
0016 065 004 129 041 000 000 000 000
0017 093 002 134 045 000 000 000 000
0018 109 016 141 053 000 000 000 000
0019 114 061 144 113 000 000 000 000
0020 099 102 138 161 000 000 000 000
0021 067 184 121 235 000 000 000 000
0022 061 211 116 239 000 000 000 000
