0000 170 224 208 239 116 224 159 239
0001 170 225 208 239 112 224 158 239
0002 170 224 208 239 113 224 158 239
0003 165 221 214 239 115 225 155 239
0004 117 210 155 239 169 202 214 239
0005 113 170 155 218 174 167 216 216
0006 117 129 153 184 175 128 213 175
0007 172 100 214 152 122 100 160 154
0008 170 087 212 140 124 086 164 137
0009 168 074 210 132 127 077 163 128
0010 127 072 164 126 168 064 210 127
0011 166 066 211 124 127 069 165 123
0012 166 064 211 121 125 068 165 118
0013 167 064 211 122 128 068 166 123
0014 167 064 211 123 130 066 163 119
0015 167 065 211 124 127 068 167 123
0016 170 073 208 132 124 076 162 133
0017 114 105 152 164 168 096 215 151
0018 169 135 214 187 107 150 149 205
0019 170 178 214 226 114 190 158 233
0020 118 208 165 239 168 210 213 239
0021 121 213 167 239 172 222 212 239
0022 121 221 171 239 174 222 212 239
0023 119 223 172 239 175 224 214 239
0024 120 224 171 239 175 224 213 239
0025 120 225 172 239 174 225 209 239
0026 120 225 169 239 174 225 211 239
0027 120 224 168 239 177 224 213 239
0028 121 224 172 239 177 224 212 239
0029 125 225 165 239 177 224 213 239
0030 121 224 167 239 176 224 213 239
0031 125 222 164 238 176 224 213 239
0032 120 224 166 239 176 224 213 239
0033 121 222 157 239 176 224 213 239
0034 117 222 152 239 176 224 213 239
