0000 054 212 104 239 000 000 000 000
0001 051 212 103 239 000 000 000 000
0002 050 211 101 239 000 000 000 000
0003 052 210 100 239 000 000 000 000
0004 047 209 100 239 000 000 000 000
0005 042 207 096 239 000 000 000 000
0006 039 199 096 236 162 222 200 237
0007 039 175 094 223 156 201 205 236
0008 040 158 094 200 161 180 210 227
0009 169 141 221 190 041 124 094 175
0010 173 107 222 156 045 096 099 152
0011 044 077 098 136 172 085 219 140
0012 050 063 103 121 170 067 221 130
0013 055 058 112 117 164 055 215 117
0014 161 043 214 105 061 046 115 106
0015 157 037 210 100 059 039 113 096
0016 157 034 209 097 061 038 116 095
0017 155 030 209 094 061 033 118 091
0018 065 036 119 089 154 029 207 091
0019 067 034 122 090 148 029 202 091
0020 150 028 202 093 065 036 122 091
0021 148 029 203 089 064 033 123 091
0022 067 034 124 092 148 028 203 087
0023 066 035 125 092 149 030 203 088
0024 150 030 201 091 066 039 124 092
0025 150 030 202 091 066 036 124 093
0026 150 029 201 090 066 034 123 090
0027 150 029 201 091 067 036 122 090
0028 150 028 202 091 067 035 122 090
0029 150 029 203 090 066 036 121 088
0030 066 035 120 087 146 029 204 090
0031 150 029 203 091 066 034 121 088
0032 147 030 203 091 066 031 121 087
0033 067 035 122 089 147 030 203 091
0034 150 035 202 092 063 038 119 093
0035 150 054 202 111 052 057 108 109
0036 157 085 199 139 049 103 096 153
0037 029 169 077 225 160 143 206 192
0038 154 204 202 236 031 212 066 235
0039 037 218 069 239 157 216 195 235
0040 042 221 072 239 000 000 000 000
0046 045 224 074 239 000 000 000 000
0047 046 218 076 239 000 000 000 000
0048 041 211 086 239 000 000 000 000
0049 043 208 095 239 000 000 000 000
0050 048 209 096 239 000 000 000 000
0051 048 211 099 239 000 000 000 000
0052 047 212 098 239 000 000 000 000
0053 049 215 098 239 000 000 000 000
0054 050 216 097 239 000 000 000 000
0055 050 217 098 239 000 000 000 000
0056 050 216 099 239 000 000 000 000
0057 048 214 097 239 000 000 000 000
0058 049 210 092 238 000 000 000 000
0059 048 215 087 239 000 000 000 000
0060 043 220 090 239 000 000 000 000
0061 049 223 088 239 000 000 000 000
0062 056 223 087 239 000 000 000 000
0064 058 224 090 239 000 000 000 000
0065 050 223 095 239 000 000 000 000
0066 055 223 093 239 000 000 000 000
0067 056 223 087 239 000 000 000 000
0068 048 221 094 238 000 000 000 000
0069 048 214 087 238 000 000 000 000
0070 047 210 095 239 000 000 000 000
0071 050 214 098 239 000 000 000 000
0072 052 214 100 239 000 000 000 000
