0000 167 223 207 239 112 224 150 239
0001 167 223 207 239 112 224 149 239
0002 168 223 210 239 111 224 149 239
0003 167 223 208 239 115 224 151 239
0004 117 221 155 237 168 223 207 239
0005 123 221 165 237 168 222 208 239
0006 123 222 170 239 171 224 213 239
0007 123 221 168 239 170 224 210 239
0008 171 219 214 239 122 223 169 239
0009 171 207 217 239 121 213 168 239
0010 172 182 226 229 118 194 162 234
0011 113 160 159 208 176 150 221 192
0012 115 123 159 171 173 113 218 163
0013 116 092 157 149 170 085 216 144
0014 168 073 211 132 119 081 164 138
0015 170 069 209 132 119 075 165 134
0016 167 066 208 130 120 075 163 133
0017 169 068 207 131 122 072 165 131
0018 169 066 207 130 124 074 164 131
0019 169 068 209 132 124 072 165 129
0020 124 073 165 131 167 067 208 131
0021 123 080 168 133 170 083 215 140
0022 115 106 157 159 166 103 218 158
0023 113 137 151 193 170 134 217 183
0024 113 183 152 232 174 166 222 214
0025 174 196 223 237 118 211 154 239
0026 171 208 219 239 118 221 151 239
0027 169 214 216 239 118 223 147 239
0028 167 221 211 237 000 000 000 000
0029 164 224 215 239 000 000 000 000
0030 164 222 206 237 000 000 000 000
0031 169 221 212 239 000 000 000 000
