0002 166 221 200 239 000 000 000 000
0003 166 199 216 238 034 214 078 238
0004 030 185 080 238 182 174 228 222
0005 187 144 236 182 031 164 083 204
0006 034 125 091 168 188 110 237 154
0007 185 086 236 138 040 094 092 144
0008 047 078 098 130 175 067 232 120
0009 174 060 227 115 052 069 105 120
0010 171 047 224 106 055 057 110 111
0011 170 035 220 094 060 047 114 101
0012 165 029 217 088 061 035 117 090
0013 163 033 218 090 063 028 116 084
0014 163 028 212 085 064 025 118 086
0015 162 028 212 084 061 023 117 081
0016 163 027 212 084 064 016 119 080
0017 162 026 211 084 063 017 118 079
0018 161 026 211 084 065 017 119 079
0019 159 023 210 083 068 020 118 078
0020 159 024 210 083 071 020 121 075
0021 159 026 209 083 073 022 123 075
0022 159 026 210 084 069 021 125 075
0023 161 027 212 086 071 024 127 076
0024 161 027 213 087 073 023 127 077
0025 162 027 212 087 074 023 127 076
0026 162 027 212 087 068 021 126 078
0027 161 027 212 087 072 022 125 075
0028 159 024 210 086 069 021 124 077
0029 159 025 209 086 073 021 126 076
0030 158 027 208 086 071 024 123 078
0031 159 042 211 099 064 042 117 095
0032 162 067 209 120 044 082 100 139
0033 160 091 206 141 035 132 089 176
0034 156 144 202 192 029 183 078 238
0035 149 196 202 237 031 218 065 239
