0000 169 209 211 239 133 216 159 238
0001 167 216 218 239 132 215 160 238
0002 173 219 221 239 132 215 160 238
0003 133 221 164 239 175 222 221 238
0004 133 221 164 239 174 223 224 239
0005 175 219 226 239 131 218 160 239
0006 174 197 228 235 133 217 160 239
0007 179 156 229 201 136 219 163 238
0008 180 122 227 176 130 219 162 238
0009 178 101 231 160 134 219 162 238
0010 180 088 228 147 134 220 165 239
0011 179 078 229 138 134 220 165 239
0012 180 068 236 135 133 219 163 239
0013 178 068 228 130 132 217 161 238
0014 176 066 230 126 134 220 164 239
0015 176 064 229 127 134 220 164 239
0016 176 064 230 127 133 219 164 239
0017 176 062 230 126 134 219 164 239
0018 176 062 230 127 134 219 164 239
0019 177 063 231 128 134 219 164 239
0020 177 064 232 130 134 219 164 239
0021 178 078 230 139 133 219 162 239
0022 172 123 219 182 134 216 166 239
0023 172 187 211 231 134 217 164 239
0024 163 213 206 238 129 214 160 239
0025 129 215 170 239 000 000 000 000
