0000 170 224 208 239 118 224 162 239
0001 170 224 209 239 120 225 165 239
0002 170 224 208 239 123 223 164 239
0003 169 222 208 239 116 215 165 239
0004 113 210 163 239 169 210 214 239
0005 109 181 157 223 169 178 214 227
0006 107 144 154 197 169 137 213 180
0007 167 102 212 152 115 107 157 162
0008 163 079 208 134 119 085 159 135
0009 162 064 202 123 121 075 156 122
0010 120 069 157 122 157 062 204 121
0011 117 067 163 121 159 056 195 117
0012 162 051 199 114 122 060 157 118
0013 163 052 199 113 120 063 159 112
0014 160 053 199 114 121 063 162 113
0015 160 052 199 117 119 068 165 119
0016 163 052 200 115 121 068 161 119
0017 159 054 203 115 119 064 161 118
0018 158 055 206 118 120 064 161 118
0019 161 065 203 120 121 062 157 122
0020 160 088 208 140 124 083 168 129
0021 161 119 207 165 116 130 157 180
0022 114 176 160 224 166 161 216 209
0023 165 194 210 238 117 200 165 237
0024 113 211 164 239 164 209 209 239
0025 116 214 164 239 168 217 208 239
0026 114 218 163 239 169 222 203 238
0027 114 221 168 239 173 223 206 239
0028 117 222 168 239 172 225 204 239
0029 117 221 165 239 173 225 205 239
0030 118 224 164 239 173 225 205 239
0031 117 223 164 239 175 225 205 239
0032 117 225 163 239 175 225 205 239
0033 117 224 163 239 173 225 205 239
0034 175 224 204 239 117 225 166 239
