0000 049 204 103 237 000 000 000 000
0001 058 208 113 237 163 222 210 239
0002 144 193 215 233 041 178 118 225
0003 142 160 203 205 060 152 124 201
0004 060 129 126 187 140 116 196 177
0005 070 092 132 158 135 075 193 153
0006 082 078 140 146 140 063 191 146
0007 084 073 139 146 140 055 190 133
0008 140 055 195 131 083 067 142 141
0009 085 063 139 134 142 056 191 132
0010 085 063 140 133 144 056 190 136
0011 086 061 141 135 144 055 190 134
0012 141 055 191 133 085 062 138 131
0013 088 065 138 135 144 052 189 129
0014 093 062 135 131 144 053 191 128
0015 091 062 135 132 138 052 187 131
0016 093 062 134 129 137 054 187 135
0017 138 052 194 130 094 062 133 134
0018 093 061 133 129 138 051 189 131
0019 138 050 188 133 090 062 136 134
0020 090 062 136 134 140 051 188 131
0021 140 051 188 130 091 062 138 134
0022 092 061 138 130 137 052 186 131
0023 093 061 136 129 139 051 186 131
0024 136 049 193 127 094 062 138 129
0025 094 062 139 130 139 049 188 130
0026 095 066 140 132 137 052 191 129
0027 095 065 138 132 139 050 187 132
0028 094 065 138 131 140 050 187 129
0029 090 066 138 133 139 050 186 125
0030 091 066 139 133 135 055 190 129
0031 091 067 139 133 138 053 187 132
0032 092 067 137 134 138 049 187 134
0033 090 065 142 132 139 052 187 132
0034 091 065 139 134 141 051 188 131
0035 091 066 139 133 137 051 194 131
0036 091 063 138 131 143 051 191 130
0037 089 064 137 136 141 053 192 131
0038 139 055 189 131 089 064 137 137
0039 091 068 136 132 138 055 188 132
0040 091 067 141 132 137 054 190 129
0041 091 066 135 133 140 050 193 127
0042 091 066 136 131 136 051 190 127
0043 091 067 137 133 135 052 191 129
0044 091 067 135 134 135 052 187 131
0045 091 069 138 135 137 055 191 129
0046 141 069 190 146 087 092 131 157
0047 065 154 131 210 119 130 185 170
0048 047 181 111 238 133 178 202 234
0049 043 201 104 239 000 000 000 000
0050 040 202 098 239 000 000 000 000
0051 041 198 095 239 000 000 000 000
0052 043 203 098 239 161 222 204 239
0053 146 211 205 239 047 207 098 237
