0007 063 222 103 239 000 000 000 000
0008 059 213 100 239 000 000 000 000
0009 058 198 098 235 144 208 186 238
0010 133 175 182 210 061 173 099 210
0011 121 153 172 181 056 150 100 184
0012 043 127 090 162 109 133 165 163
0013 036 112 082 150 098 120 151 152
0014 029 100 077 140 093 110 149 142
0015 028 095 076 132 093 099 145 138
0016 100 096 150 145 030 093 076 132
0017 106 106 158 157 031 109 083 138
0018 109 126 164 168 036 125 090 150
0019 121 145 175 177 041 140 101 175
0020 056 156 109 201 131 158 189 188
0021 064 165 120 209 147 156 204 191
0022 073 159 126 206 158 150 213 181
0023 160 153 220 187 068 157 137 202
0024 164 145 214 171 082 155 144 196
0025 091 157 151 197 170 149 219 180
0026 174 162 225 196 096 158 155 197
0027 181 167 232 201 107 165 165 203
0028 115 162 172 198 188 165 241 203
0029 193 167 242 203 124 162 176 195
0030 194 170 246 208 127 167 182 195
0031 195 171 248 205 120 163 184 195
0032 191 173 245 206 123 163 182 194
0033 191 173 243 207 122 168 182 196
0034 193 173 236 210 125 162 175 197
0035 187 177 228 218 111 166 163 202
0036 179 189 220 232 099 177 143 214
0037 171 205 213 238 060 180 113 229
0038 062 199 105 238 167 212 207 237
0039 056 206 097 237 170 212 209 237
