0000 193 220 222 239 000 000 000 000
0001 187 222 216 239 000 000 000 000
0002 141 207 194 239 000 000 000 000
0003 153 145 199 198 000 000 000 000
0004 158 119 205 181 000 000 000 000
0005 162 110 203 175 000 000 000 000
0006 165 105 202 169 000 000 000 000
0007 165 102 202 170 000 000 000 000
0008 165 105 203 169 000 000 000 000
0009 169 100 202 165 000 000 000 000
0010 164 099 202 164 000 000 000 000
0011 165 095 201 166 000 000 000 000
0012 164 093 203 166 000 000 000 000
0013 167 118 208 178 000 000 000 000
0014 163 098 201 167 000 000 000 000
0015 162 100 203 173 000 000 000 000
0016 164 093 203 167 000 000 000 000
0017 165 117 207 187 000 000 000 000
0018 166 110 203 182 000 000 000 000
0019 156 103 196 174 000 000 000 000
0020 160 103 200 179 000 000 000 000
0021 163 125 206 189 000 000 000 000
0022 154 109 200 173 000 000 000 000
0023 151 111 198 177 000 000 000 000
0024 154 105 199 171 000 000 000 000
0025 162 131 213 203 000 000 000 000
0026 154 146 200 202 000 000 000 000
0027 144 183 190 233 000 000 000 000
0028 182 192 227 233 177 217 212 239
0029 187 222 219 239 000 000 000 000
