0008 172 198 214 235 000 000 000 000
0009 188 154 227 215 000 000 000 000
0010 198 128 235 190 000 000 000 000
0011 214 116 258 175 000 000 000 000
0012 224 106 271 160 000 000 000 000
0013 221 105 268 159 000 000 000 000
0014 218 105 255 164 000 000 000 000
0015 216 110 252 161 000 000 000 000
0016 214 113 256 163 000 000 000 000
0017 220 111 256 163 000 000 000 000
0018 222 099 264 159 000 000 000 000
0019 225 103 271 156 000 000 000 000
0020 230 109 284 157 000 000 000 000
0021 231 108 284 155 000 000 000 000
0022 228 105 277 157 000 000 000 000
0023 222 107 265 160 000 000 000 000
0024 210 117 252 164 000 000 000 000
0025 200 123 245 167 000 000 000 000
0026 204 118 246 165 000 000 000 000
0027 217 112 255 171 000 000 000 000
0028 216 113 267 165 000 000 000 000
0029 221 115 270 167 000 000 000 000
0030 222 114 273 164 000 000 000 000
0031 220 114 270 162 000 000 000 000
0032 217 118 257 174 000 000 000 000
0033 212 121 250 175 000 000 000 000
0034 194 147 231 197 000 000 000 000
0035 187 162 226 215 000 000 000 000
0036 166 203 215 239 000 000 000 000
