0007 071 199 132 239 000 000 000 000
0008 084 185 136 236 000 000 000 000
0009 092 147 148 223 000 000 000 000
0010 088 134 135 196 119 115 160 179
0011 089 118 133 184 127 110 159 166
0012 098 089 147 158 000 000 000 000
0013 093 077 135 151 123 076 151 143
0014 092 069 132 143 121 068 150 131
0015 089 063 128 134 122 064 151 127
0016 090 064 130 137 120 066 149 131
0017 092 066 130 140 122 064 149 125
0018 088 062 130 137 123 065 150 129
0019 090 063 128 135 122 065 150 129
0020 090 063 131 134 123 065 149 129
0021 093 073 144 147 000 000 000 000
0022 096 093 146 167 000 000 000 000
0023 097 132 149 212 000 000 000 000
0024 086 161 153 236 000 000 000 000
0025 070 216 124 239 000 000 000 000
