0000 017 222 050 239 118 222 155 239
0001 018 224 053 239 118 222 155 239
0002 018 221 048 239 118 222 156 239
0003 018 224 053 239 118 223 155 239
0004 014 222 049 239 118 222 153 239
0005 112 212 156 239 001 216 032 239
0006 112 200 157 235 003 206 028 236
0007 000 185 034 235 106 168 152 216
0008 010 163 058 219 096 138 140 195
0009 044 140 084 204 082 113 122 180
0010 071 101 106 187 030 173 080 214
0011 061 088 094 156 000 000 000 000
0012 056 083 090 151 103 089 128 165
0013 055 077 089 146 109 087 132 163
0014 052 080 092 148 112 091 138 162
0015 054 077 090 146 120 084 145 161
0016 054 078 091 145 122 081 146 155
0017 057 078 091 148 126 081 149 152
0018 057 078 092 144 126 082 152 153
0019 057 079 093 145 127 085 153 153
0020 056 079 092 148 126 082 152 156
0021 057 080 091 146 128 085 155 157
0022 056 079 092 145 128 085 155 158
0023 055 079 091 146 128 085 155 158
0024 055 080 091 147 128 084 155 156
0025 056 079 091 147 127 082 153 154
0026 055 079 091 146 126 082 151 157
0027 055 088 097 152 124 087 150 137
0028 094 100 129 180 061 108 101 157
0029 072 126 114 174 009 172 064 218
0030 030 163 079 212 077 139 126 182
0031 003 184 051 235 094 173 147 213
0032 106 200 163 236 002 205 034 236
0033 004 210 040 239 116 208 165 239
0034 014 219 053 239 120 224 156 239
0035 019 222 053 239 117 225 158 239
0036 020 223 049 239 119 225 161 239
0037 021 224 050 239 119 225 159 239
0038 021 223 051 239 119 225 159 239
