0006 099 189 151 236 000 000 000 000
0007 078 132 119 206 000 000 000 000
0008 054 113 103 181 084 172 135 233
0009 095 140 141 208 042 107 093 174
0010 101 116 142 192 029 192 091 238
0011 099 108 141 190 043 108 091 174
0012 099 107 141 191 041 093 092 175
0013 102 108 141 189 044 101 088 171
0014 099 109 141 191 095 186 151 238
0015 100 108 141 188 044 098 088 169
0016 096 184 148 238 102 105 139 184
0017 102 106 140 184 100 183 147 237
0018 101 104 140 187 100 182 146 237
0019 102 113 140 190 048 099 089 165
0020 099 111 141 189 044 099 093 170
0021 046 101 090 169 098 118 142 192
0022 090 137 144 202 052 113 098 178
0023 068 152 118 196 042 209 116 238
