0001 143 218 181 238 000 000 000 000
0002 143 217 178 239 000 000 000 000
0003 118 214 180 237 000 000 000 000
0004 099 167 151 221 000 000 000 000
0005 084 128 135 195 000 000 000 000
0006 061 104 112 175 104 177 161 234
0007 047 098 100 165 097 161 145 232
0008 034 099 092 169 099 142 151 218
0009 108 119 151 195 030 109 094 171
0010 099 114 147 193 031 109 090 173
0011 103 105 143 185 031 105 088 172
0012 101 105 141 185 033 105 085 169
0013 100 106 142 183 034 106 086 171
0014 101 106 146 185 034 107 086 171
0015 102 109 143 184 032 106 088 172
0016 103 108 146 180 033 187 098 232
0017 105 109 147 184 038 105 088 170
0018 105 109 147 185 037 104 087 170
0019 104 107 146 184 036 108 087 172
0020 104 110 146 185 035 111 088 178
0021 035 118 096 176 090 135 144 199
0022 053 191 125 234 049 140 114 190
0023 081 186 139 233 000 000 000 000
