0000 149 192 191 236 059 203 104 236
0001 146 182 190 233 057 202 102 236
0002 146 176 189 223 056 203 100 237
0003 145 163 190 205 055 203 101 237
0004 056 201 100 236 141 148 192 187
0005 056 201 100 236 143 136 192 171
0006 057 202 100 236 144 123 195 162
0007 057 202 100 236 143 114 191 156
0008 057 202 099 236 141 103 186 146
0009 142 089 187 138 057 202 100 236
0010 144 082 187 131 056 202 100 236
0011 145 084 189 132 056 202 100 237
0012 143 088 188 138 055 204 099 236
0013 148 087 188 135 056 203 099 236
0014 145 087 189 132 056 203 100 236
0015 145 085 189 135 056 203 099 236
0016 150 082 187 128 057 203 100 236
0017 147 082 187 133 057 203 100 236
0018 150 081 187 127 057 203 100 236
0019 147 083 187 132 057 203 100 236
0020 147 084 187 133 058 203 100 236
0021 143 086 188 133 057 202 100 236
0022 143 085 188 132 058 202 100 236
0023 147 086 187 133 058 202 100 236
0024 143 084 188 134 059 203 099 236
0025 144 084 188 134 059 202 099 236
0026 143 084 188 133 059 203 099 236
0027 143 084 188 133 059 203 099 236
0028 059 203 099 236 147 084 188 134
0029 145 084 190 132 059 203 099 236
0030 059 203 099 236 147 084 188 133
0031 144 084 190 132 059 203 099 236
0032 059 202 099 236 144 086 189 133
0033 149 092 188 143 059 203 099 236
0034 145 098 185 142 059 203 099 236
0035 059 203 099 236 144 130 189 168
0036 144 169 190 214 057 203 099 235
0037 144 196 189 236 056 203 099 236
0038 147 204 189 237 057 203 102 236
0039 059 204 106 236 148 207 189 237
0040 058 205 105 235 148 208 189 238
