0013 204 202 247 236 000 000 000 000
0014 200 158 250 208 000 000 000 000
0015 202 128 246 189 000 000 000 000
0016 196 109 243 176 000 000 000 000
0017 194 095 240 164 000 000 000 000
0018 189 085 239 157 000 000 000 000
0019 192 077 243 148 000 000 000 000
0020 196 077 250 149 000 000 000 000
0021 197 080 253 154 000 000 000 000
0022 197 076 258 162 000 000 000 000
0023 195 093 254 163 000 000 000 000
0024 194 117 256 182 000 000 000 000
0025 190 148 259 209 000 000 000 000
0026 187 173 257 226 000 000 000 000
0027 189 193 249 239 000 000 000 000
0028 184 197 236 231 000 000 000 000
0029 178 197 241 239 000 000 000 000
0030 178 198 241 239 000 000 000 000
0031 183 195 240 231 000 000 000 000
0032 185 189 244 237 000 000 000 000
0033 184 194 245 234 000 000 000 000
0034 183 189 245 237 000 000 000 000
0035 186 189 247 234 000 000 000 000
0036 184 187 242 233 000 000 000 000
0037 181 181 238 227 000 000 000 000
0038 183 175 234 217 000 000 000 000
0039 182 172 234 215 000 000 000 000
0040 183 169 233 208 000 000 000 000
0041 180 164 234 202 000 000 000 000
0042 181 165 232 207 000 000 000 000
0043 182 162 234 203 000 000 000 000
0044 180 162 232 202 000 000 000 000
0045 181 163 235 203 000 000 000 000
0046 183 164 236 204 000 000 000 000
0047 183 165 236 207 000 000 000 000
0048 188 171 231 209 000 000 000 000
0049 189 192 230 235 000 000 000 000
0050 192 214 225 239 000 000 000 000
