0004 200 201 235 237 000 000 000 000
0005 203 154 239 199 000 000 000 000
0006 199 114 237 170 000 000 000 000
0007 196 092 233 156 000 000 000 000
0008 201 092 239 156 000 000 000 000
0009 204 100 250 162 000 000 000 000
0010 209 102 246 166 000 000 000 000
0011 206 100 246 163 000 000 000 000
0012 206 098 246 161 000 000 000 000
0013 207 100 246 164 000 000 000 000
0014 211 094 250 161 000 000 000 000
0015 207 100 246 162 000 000 000 000
0016 211 095 250 160 000 000 000 000
0017 208 098 248 164 000 000 000 000
0018 211 096 249 160 000 000 000 000
0019 205 097 250 157 000 000 000 000
0020 207 099 247 162 000 000 000 000
0021 206 100 250 158 000 000 000 000
0022 208 109 251 168 000 000 000 000
0023 202 127 248 178 000 000 000 000
0024 204 164 241 203 000 000 000 000
0025 185 201 228 237 094 224 130 239
