0000 168 135 217 176 065 155 119 204
0001 066 155 119 203 168 124 209 163
0002 168 111 211 153 066 156 119 204
0003 066 155 118 203 167 093 221 145
0004 065 156 118 203 171 077 221 134
0005 168 062 218 126 069 157 119 205
0006 170 059 221 124 069 157 119 206
0007 173 044 217 118 069 157 119 206
0008 171 047 221 118 069 158 119 206
0009 171 040 220 116 069 157 120 206
0010 171 039 215 117 070 158 119 206
0011 170 039 213 118 066 156 120 204
0012 166 040 214 116 069 156 118 204
0013 166 043 213 116 065 156 118 203
0014 169 040 211 119 065 155 118 203
0015 169 042 211 118 065 155 118 203
0016 169 039 213 120 066 156 117 203
0017 171 042 213 118 067 156 117 202
0018 171 043 214 117 067 156 117 203
0019 171 042 216 116 067 156 118 203
0020 170 042 219 118 067 156 117 203
0021 173 043 216 118 067 156 118 202
0022 176 041 215 118 066 155 118 203
0023 174 042 216 120 066 155 118 203
0024 173 043 220 122 066 155 118 203
0025 174 066 217 127 066 155 117 203
0026 171 087 217 139 066 155 118 203
0027 067 155 118 203 165 119 209 161
0028 067 155 118 203 163 137 210 177
0029 067 155 118 204 168 157 208 200
0030 066 155 118 204 171 170 209 208
0031 170 168 209 208 066 155 118 204
0032 067 155 118 203 170 168 209 207
0033 067 155 118 203 171 170 209 207
0034 066 155 117 203 170 170 212 210
0035 066 155 118 203 171 169 211 210
0036 168 168 213 211 065 155 115 202
0037 169 168 212 212 065 155 114 202
0038 169 168 212 211 066 156 114 202
0039 169 168 212 211 066 155 114 202
