0000 132 210 169 239 000 000 000 000
0001 133 211 169 239 000 000 000 000
0003 138 211 175 239 000 000 000 000
0005 113 205 175 235 000 000 000 000
0006 131 151 193 212 000 000 000 000
0007 150 096 205 171 000 000 000 000
0008 154 070 215 150 000 000 000 000
0009 152 054 220 130 000 000 000 000
0010 157 045 218 126 000 000 000 000
0011 157 050 217 126 000 000 000 000
0012 157 047 216 127 000 000 000 000
0013 161 046 219 133 000 000 000 000
0014 157 049 222 132 000 000 000 000
0015 155 056 222 130 000 000 000 000
0016 157 056 218 130 000 000 000 000
0017 157 054 217 135 000 000 000 000
0018 155 055 220 132 000 000 000 000
0019 154 056 218 134 000 000 000 000
0020 156 059 213 135 000 000 000 000
0021 144 084 200 140 000 000 000 000
0022 124 119 169 174 000 000 000 000
0023 110 146 161 200 000 000 000 000
0024 093 203 142 237 000 000 000 000
0026 130 203 173 238 000 000 000 000
0029 131 213 169 238 000 000 000 000
0030 133 209 170 238 000 000 000 000
0031 133 210 170 238 000 000 000 000
