0000 095 210 138 236 168 208 211 239
0001 168 206 216 239 094 209 138 236
0002 165 199 214 238 095 208 139 236
0003 094 209 139 236 166 195 218 236
0004 169 188 219 232 094 208 139 236
0005 169 178 222 224 094 209 139 236
0006 094 208 139 236 170 171 228 212
0007 174 148 227 197 094 208 139 236
0008 094 208 139 236 187 113 231 173
0009 186 089 233 149 094 208 139 236
0010 187 068 234 135 094 209 139 236
0011 185 058 238 130 095 209 138 236
0012 185 053 232 128 095 210 140 237
0013 184 058 233 128 095 209 140 237
0014 186 056 230 130 095 209 140 237
0015 180 059 236 126 095 209 140 237
0016 181 053 230 126 095 209 140 237
0017 180 055 229 125 095 209 140 237
0018 180 056 232 129 095 209 140 237
0019 183 054 228 126 095 210 140 237
0020 182 056 232 127 095 209 140 237
0021 183 053 228 128 095 209 140 237
0022 183 052 228 127 095 209 140 237
0023 184 052 228 127 096 209 140 237
0024 179 053 237 123 096 209 139 237
0025 181 056 229 127 096 209 139 237
0026 179 053 236 125 096 209 139 237
0027 179 053 235 126 096 209 139 237
0028 181 061 228 132 096 209 139 237
0029 181 085 231 138 096 209 139 237
0030 179 123 225 168 096 209 139 237
0031 173 144 218 206 096 209 139 237
0032 161 175 209 234 096 207 139 236
0033 157 196 197 238 096 209 139 237
0034 096 207 139 236 156 208 200 237
0035 157 209 200 237 096 209 139 237
0036 097 213 140 239 158 210 199 237
0037 096 210 139 237 158 208 200 236
0038 095 210 140 237 157 211 202 239
0039 095 210 140 237 156 209 201 239
0040 157 207 199 238 096 210 139 237
0041 154 207 195 237 096 209 139 237
0042 153 209 196 237 096 209 139 237
0043 153 208 196 237 096 209 139 237
0044 153 209 196 238 095 209 139 237
0045 154 209 196 237 095 209 139 237
0046 153 208 197 238 096 209 139 237
0047 154 209 196 238 096 209 139 237
0048 155 207 197 237 096 209 139 236
0049 154 209 197 238 096 210 139 236
0050 154 207 197 237 096 210 139 236
0051 154 209 196 237 096 207 139 236
0052 153 208 196 237 096 210 138 236
0053 154 208 197 237 096 210 138 236
0054 154 209 195 237 096 210 138 236
0055 154 208 197 237 096 210 138 236
0056 154 208 197 237 096 210 138 236
