0003 193 222 228 237 000 000 000 000
0004 220 184 259 228 000 000 000 000
0005 241 129 279 180 000 000 000 000
0006 238 083 287 152 000 000 000 000
0007 238 071 292 137 000 000 000 000
0008 240 068 293 132 000 000 000 000
0009 240 065 296 134 000 000 000 000
0010 241 068 298 134 000 000 000 000
0011 242 068 297 133 000 000 000 000
0012 241 065 297 133 000 000 000 000
0013 240 067 296 134 000 000 000 000
0014 242 067 298 132 000 000 000 000
0015 241 065 298 132 000 000 000 000
0016 242 065 297 132 000 000 000 000
0017 241 066 297 132 000 000 000 000
0018 241 067 297 133 000 000 000 000
0019 242 064 295 132 000 000 000 000
0020 239 071 296 136 000 000 000 000
0021 239 084 292 149 000 000 000 000
0022 233 136 277 181 000 000 000 000
0023 213 186 251 231 000 000 000 000
0024 188 215 229 239 000 000 000 000
0025 183 223 214 239 000 000 000 000
