0002 176 222 214 239 000 000 000 000
0003 176 222 216 239 000 000 000 000
0004 180 222 213 239 000 000 000 000
0005 175 220 212 239 000 000 000 000
0014 129 215 173 239 000 000 000 000
0015 123 183 178 228 000 000 000 000
0016 122 158 188 208 000 000 000 000
0017 120 132 181 186 000 000 000 000
0018 118 124 181 178 000 000 000 000
0019 124 111 184 169 000 000 000 000
0020 128 100 188 160 000 000 000 000
0021 126 094 189 159 000 000 000 000
0022 128 090 188 154 000 000 000 000
0023 129 087 190 152 000 000 000 000
0024 135 081 192 145 000 000 000 000
0025 133 083 190 148 000 000 000 000
0026 134 078 189 143 000 000 000 000
0027 134 076 187 142 000 000 000 000
0028 132 066 194 146 000 000 000 000
0029 136 072 190 139 000 000 000 000
0030 136 071 189 137 000 000 000 000
0031 135 064 189 135 000 000 000 000
0032 135 070 188 133 000 000 000 000
0033 133 063 188 133 000 000 000 000
0034 136 067 187 135 000 000 000 000
0035 137 069 188 134 000 000 000 000
0036 134 068 186 135 000 000 000 000
0037 132 067 187 133 000 000 000 000
0038 136 070 190 133 000 000 000 000
0039 133 066 187 133 000 000 000 000
0040 135 064 190 135 000 000 000 000
0041 131 067 190 135 000 000 000 000
0042 133 073 187 140 000 000 000 000
0043 136 105 191 169 000 000 000 000
0044 145 155 185 198 000 000 000 000
0045 143 183 187 226 000 000 000 000
0046 148 218 191 238 000 000 000 000
