0000 011 205 063 239 134 223 168 239
0001 009 206 063 239 135 222 169 239
0002 015 205 062 239 138 224 170 239
0003 006 206 060 239 133 222 169 239
0004 009 206 066 238 139 222 172 239
0005 004 206 065 238 133 221 174 239
0006 137 210 179 238 007 204 061 234
0007 139 197 183 236 000 000 000 000
0008 138 167 185 210 010 204 064 238
0009 138 109 189 162 011 208 065 239
0010 139 073 192 135 000 000 000 000
0011 143 061 189 125 011 209 065 239
0012 138 058 191 120 011 209 057 238
0013 137 049 192 114 000 000 000 000
0014 139 047 194 108 010 208 063 239
0015 138 046 191 108 011 205 058 238
0016 137 047 191 109 010 206 062 238
0017 136 052 191 111 010 206 062 239
0018 138 047 186 110 010 207 061 239
0019 134 044 185 107 015 208 065 238
0020 136 048 187 109 013 208 064 239
0021 133 048 192 108 012 207 063 239
0022 134 047 182 110 012 203 063 238
0023 137 046 182 110 010 205 063 238
0024 134 051 186 113 008 206 064 238
0025 131 057 189 118 009 208 063 239
0026 135 071 189 125 007 205 067 238
0027 138 101 182 138 007 211 069 238
0028 136 132 183 174 010 207 067 238
0029 135 170 183 225 010 208 065 238
0030 133 195 179 237 013 208 064 238
0031 132 209 177 239 010 209 064 239
0032 132 221 172 239 010 207 062 238
0033 012 205 062 238 132 221 172 239
0034 132 221 168 239 012 209 064 238
0035 132 222 172 239 000 000 000 000
0036 132 222 172 239 016 208 064 238
0037 132 222 172 239 011 210 061 238
0038 132 222 172 239 000 000 000 000
0039 134 221 171 239 000 000 000 000
0040 137 211 182 239 000 000 000 000
