0006 150 214 191 235 000 000 000 000
0007 161 188 209 231 000 000 000 000
0008 167 167 213 212 000 000 000 000
0009 171 144 221 195 000 000 000 000
0010 171 132 227 183 000 000 000 000
0011 173 118 227 174 000 000 000 000
0012 175 111 227 169 000 000 000 000
0013 176 109 230 170 000 000 000 000
0014 176 108 229 169 000 000 000 000
0015 178 109 225 172 000 000 000 000
0016 175 110 225 171 000 000 000 000
0017 176 108 227 168 000 000 000 000
0018 176 108 226 168 000 000 000 000
0019 176 108 228 167 000 000 000 000
0020 176 108 228 166 000 000 000 000
0021 176 108 228 166 000 000 000 000
0022 176 108 229 167 000 000 000 000
0023 179 106 231 164 000 000 000 000
0024 177 107 226 165 000 000 000 000
0025 177 106 226 165 000 000 000 000
0026 178 106 226 165 000 000 000 000
0027 178 107 226 165 000 000 000 000
0028 178 106 228 165 000 000 000 000
0029 177 107 228 166 000 000 000 000
0030 177 107 229 166 000 000 000 000
0031 177 108 226 166 000 000 000 000
0032 176 108 226 166 000 000 000 000
0033 176 107 230 166 000 000 000 000
0034 176 106 229 166 000 000 000 000
0035 176 107 230 165 000 000 000 000
0036 176 108 227 166 000 000 000 000
0037 176 108 226 166 000 000 000 000
0038 181 105 232 162 000 000 000 000
0039 181 106 232 163 000 000 000 000
0040 181 105 232 163 000 000 000 000
0041 181 105 232 162 000 000 000 000
0042 178 105 232 163 000 000 000 000
0043 177 104 231 161 000 000 000 000
0044 178 104 228 163 000 000 000 000
0045 178 105 228 163 000 000 000 000
0046 178 103 227 163 000 000 000 000
0047 178 103 226 162 000 000 000 000
0048 177 104 227 163 000 000 000 000
0049 177 104 228 162 000 000 000 000
0050 177 103 226 162 000 000 000 000
0051 175 100 225 161 000 000 000 000
0052 173 104 220 163 000 000 000 000
0053 173 098 224 159 000 000 000 000
0054 173 097 222 160 000 000 000 000
0055 173 096 223 155 000 000 000 000
0056 173 094 222 158 000 000 000 000
0057 174 096 216 159 000 000 000 000
0058 169 094 221 158 000 000 000 000
0059 173 092 219 158 000 000 000 000
0060 171 091 213 154 000 000 000 000
0061 170 091 212 153 000 000 000 000
0062 172 090 216 158 000 000 000 000
0063 170 090 211 155 000 000 000 000
0064 169 090 211 154 000 000 000 000
0065 170 089 216 157 000 000 000 000
0066 164 086 213 152 000 000 000 000
0067 167 084 210 153 000 000 000 000
0068 166 086 211 151 000 000 000 000
0069 168 088 215 156 000 000 000 000
0070 164 083 215 149 000 000 000 000
0071 170 086 215 151 000 000 000 000
0072 166 081 212 150 000 000 000 000
0073 166 086 209 152 000 000 000 000
0074 168 085 214 153 000 000 000 000
0075 168 081 209 151 000 000 000 000
0076 168 085 209 153 000 000 000 000
0077 167 085 209 152 000 000 000 000
0078 164 088 210 151 000 000 000 000
0079 170 096 210 160 000 000 000 000
0080 168 137 209 177 000 000 000 000
0081 161 180 198 217 000 000 000 000
0082 137 208 175 238 000 000 000 000
