0029 167 191 216 236 000 000 000 000
0030 176 134 224 198 000 000 000 000
0031 178 104 222 176 000 000 000 000
0032 176 085 222 164 000 000 000 000
0033 182 079 231 153 000 000 000 000
0034 186 079 230 150 000 000 000 000
0035 189 076 230 147 000 000 000 000
0036 190 075 227 142 000 000 000 000
0037 188 078 232 149 000 000 000 000
0038 190 080 231 149 000 000 000 000
0039 190 082 232 152 000 000 000 000
0040 190 082 234 154 000 000 000 000
0041 191 081 234 154 000 000 000 000
0042 185 080 228 150 000 000 000 000
0043 186 082 231 152 000 000 000 000
0044 183 077 229 151 000 000 000 000
0045 190 077 228 151 000 000 000 000
0046 186 082 228 149 000 000 000 000
0047 186 081 233 152 000 000 000 000
0048 188 080 234 152 000 000 000 000
0049 189 079 234 151 000 000 000 000
0050 190 080 233 151 000 000 000 000
0051 191 079 233 150 000 000 000 000
0052 186 079 228 154 000 000 000 000
0053 183 081 228 155 000 000 000 000
0054 172 102 222 168 000 000 000 000
0055 166 123 213 182 000 000 000 000
0056 156 174 205 218 000 000 000 000
0057 155 201 193 236 000 000 000 000
