0000 098 174 125 218 206 219 232 239
0001 087 170 116 205 208 219 231 239
0002 089 156 118 189 205 220 228 239
0003 084 146 117 176 203 216 225 236
0004 078 134 118 164 203 220 226 239
0005 064 132 111 162 202 221 226 239
0006 061 138 105 167 204 220 228 239
0007 060 136 106 166 204 221 228 239
0008 060 141 107 167 208 221 232 239
0009 061 137 107 170 207 221 233 239
0010 059 139 106 171 208 222 233 239
0011 059 140 105 172 210 218 231 237
0012 060 142 106 174 209 221 233 239
0013 062 144 108 177 202 220 229 239
0014 074 150 112 187 203 220 227 239
0015 082 161 114 203 196 219 224 239
0016 087 181 114 222 200 219 224 239
0017 096 196 124 236 198 218 223 239
0018 101 208 127 239 200 219 225 239
0019 104 214 132 239 200 219 226 239
0020 113 215 138 239 200 218 226 239
0021 120 218 143 239 200 221 225 239
