0000 084 195 105 225 156 195 176 224
0001 084 197 105 224 155 196 174 225
0002 156 197 175 225 083 196 103 231
0003 152 196 173 229 084 199 105 226
0004 157 195 177 230 000 000 000 000
0005 169 200 190 231 082 196 103 225
0006 194 195 216 225 078 197 101 230
0007 075 198 099 231 217 171 241 201
0008 075 195 099 230 235 145 254 172
0009 074 194 098 230 229 123 262 150
0010 073 195 095 227 237 119 278 149
0011 243 131 286 165 072 191 097 229
0012 244 134 289 169 072 188 094 222
0013 245 135 291 174 068 191 094 226
0014 243 139 286 176 063 193 096 222
0015 244 137 286 175 068 189 095 224
0016 245 134 293 172 068 190 094 225
0017 245 139 290 175 069 190 094 225
0018 243 147 283 185 067 193 091 228
0019 068 198 090 230 234 180 254 211
0020 067 199 088 230 208 190 229 230
0021 068 194 093 232 195 200 214 233
0022 072 194 095 225 178 202 197 233
0023 078 192 101 226 162 201 183 230
0024 153 193 176 226 000 000 000 000
0025 153 193 174 223 084 192 103 224
