0007 175 224 210 239 000 000 000 000
0008 164 192 200 229 000 000 000 000
0009 157 161 196 194 000 000 000 000
0010 152 144 193 180 000 000 000 000
0011 153 132 192 160 000 000 000 000
0012 148 122 189 153 000 000 000 000
0013 150 121 190 154 000 000 000 000
0014 153 124 189 159 000 000 000 000
0015 152 124 191 161 000 000 000 000
0016 153 126 193 162 000 000 000 000
0017 155 127 193 163 000 000 000 000
0018 152 138 193 173 000 000 000 000
0019 157 155 196 191 000 000 000 000
0020 162 184 201 229 000 000 000 000
0021 179 219 210 239 000 000 000 000
