0008 174 191 250 238 000 000 000 000
0009 178 135 269 221 000 000 000 000
0010 175 092 268 181 000 000 000 000
0011 177 071 270 159 000 000 000 000
0012 183 061 266 149 000 000 000 000
0013 184 062 267 145 000 000 000 000
0014 185 058 263 152 000 000 000 000
0015 184 061 270 148 000 000 000 000
0016 183 066 270 153 000 000 000 000
0017 182 072 273 155 000 000 000 000
0018 181 068 269 158 000 000 000 000
0019 184 065 270 155 000 000 000 000
0020 181 075 274 157 000 000 000 000
0021 180 078 276 163 000 000 000 000
0022 178 089 276 172 000 000 000 000
0023 179 117 268 201 000 000 000 000
0024 173 174 267 237 000 000 000 000
