0000 124 205 157 237 000 000 000 000
0001 124 205 158 237 000 000 000 000
0002 125 207 156 239 000 000 000 000
0003 124 206 156 239 000 000 000 000
0004 125 206 157 237 000 000 000 000
0005 127 204 161 239 000 000 000 000
0006 130 198 170 238 000 000 000 000
0007 134 189 176 237 000 000 000 000
0008 138 179 186 226 000 000 000 000
0009 143 169 194 217 000 000 000 000
0010 150 159 208 199 000 000 000 000
0011 161 145 216 184 000 000 000 000
0012 168 132 224 169 000 000 000 000
0013 171 114 229 152 000 000 000 000
0014 174 102 232 140 000 000 000 000
0015 181 087 237 128 000 000 000 000
0016 181 081 236 121 000 000 000 000
0017 178 080 237 120 000 000 000 000
0018 181 080 236 118 000 000 000 000
0019 182 082 240 121 000 000 000 000
0020 182 085 238 122 000 000 000 000
0021 181 085 237 122 000 000 000 000
0022 181 085 238 122 000 000 000 000
0023 181 083 238 123 000 000 000 000
0024 181 083 239 123 000 000 000 000
0025 179 084 238 123 000 000 000 000
0026 181 083 236 123 000 000 000 000
0027 172 085 226 126 000 000 000 000
0028 156 096 210 138 000 000 000 000
0029 144 124 188 161 000 000 000 000
0030 135 149 176 195 000 000 000 000
0031 127 172 164 225 000 000 000 000
0032 123 198 154 239 000 000 000 000
0033 121 206 153 239 000 000 000 000
0034 122 206 154 239 000 000 000 000
0035 120 205 155 239 000 000 000 000
