0000 130 201 159 239 000 000 000 000
0001 136 194 176 238 000 000 000 000
0002 138 194 179 239 000 000 000 000
0003 152 166 193 220 000 000 000 000
0004 157 152 208 197 000 000 000 000
0005 162 130 219 177 000 000 000 000
0006 173 107 229 145 000 000 000 000
0007 178 085 234 124 000 000 000 000
0008 182 064 243 097 000 000 000 000
0009 182 061 244 097 000 000 000 000
0010 184 052 247 091 000 000 000 000
0011 189 046 243 081 000 000 000 000
0012 189 044 245 079 000 000 000 000
0013 186 046 245 080 000 000 000 000
0014 188 046 248 083 000 000 000 000
0015 189 048 247 082 000 000 000 000
0016 187 050 249 083 000 000 000 000
0017 187 048 246 084 000 000 000 000
0018 187 052 247 088 000 000 000 000
0019 188 052 247 086 000 000 000 000
0020 190 054 254 089 000 000 000 000
0021 187 051 252 088 000 000 000 000
0022 188 055 252 088 000 000 000 000
0023 190 053 253 086 000 000 000 000
0024 187 052 252 087 000 000 000 000
0025 191 055 253 090 000 000 000 000
0026 188 051 251 087 000 000 000 000
0027 187 051 251 087 000 000 000 000
0028 189 054 248 090 000 000 000 000
0029 180 054 245 093 000 000 000 000
0030 171 068 228 105 000 000 000 000
0031 156 097 211 133 000 000 000 000
0032 150 114 207 147 000 000 000 000
0033 147 141 193 179 000 000 000 000
0034 136 144 186 187 000 000 000 000
0035 131 170 174 217 000 000 000 000
0036 126 181 167 235 000 000 000 000
0037 125 196 162 237 000 000 000 000
0038 120 208 157 238 000 000 000 000
0039 121 209 158 239 000 000 000 000
0040 120 210 158 237 000 000 000 000
0041 123 213 155 239 000 000 000 000
0042 124 209 154 238 000 000 000 000
