0000 194 163 233 202 000 000 000 000
0001 196 164 233 202 000 000 000 000
0002 197 164 234 203 123 214 163 239
0003 119 193 165 233 201 163 237 203
0004 111 163 164 206 201 164 237 203
0005 107 137 160 176 202 164 236 203
0006 105 119 160 154 203 164 237 203
0007 104 076 165 123 202 164 237 202
0008 105 064 167 108 203 164 236 201
0009 105 060 162 098 202 164 235 201
0010 107 055 160 095 202 165 236 202
0011 104 051 161 094 201 164 236 202
0012 105 050 160 092 201 166 234 203
0013 104 052 158 092 201 165 238 203
0014 101 051 159 094 201 165 237 203
0015 102 052 158 094 201 166 236 202
0016 103 052 157 093 201 164 237 203
0017 103 052 157 093 201 165 237 203
0018 102 052 157 093 201 165 237 203
0019 102 053 157 095 201 165 237 203
0020 103 061 157 100 198 167 235 203
0021 105 100 164 142 200 164 237 204
0022 101 136 158 178 197 161 235 201
0023 123 197 165 239 199 164 236 201
0024 198 163 234 201 122 218 157 239
0025 196 162 234 200 000 000 000 000
