0000 121 208 170 239 204 159 237 204
0001 115 187 178 230 203 155 241 201
0002 104 153 167 193 207 158 243 202
0003 105 137 162 175 208 156 246 204
0004 107 098 166 147 210 157 245 203
0005 101 086 162 131 212 160 244 199
0006 099 074 162 117 208 158 246 205
0007 101 061 167 103 206 158 246 207
0008 100 055 165 094 206 159 246 206
0009 100 052 163 092 206 159 246 205
0010 100 051 162 089 206 159 246 206
0011 099 053 161 091 206 158 246 206
0012 097 054 162 091 204 157 244 207
0013 100 050 165 093 205 157 244 207
0014 096 053 159 091 202 161 242 204
0015 096 053 160 092 204 157 245 206
0016 095 046 158 089 203 157 245 206
0017 095 045 158 089 203 157 245 205
0018 097 051 156 091 204 158 245 205
0019 099 052 157 091 205 161 240 204
0020 096 064 160 110 206 157 241 205
0021 204 156 245 202 106 113 162 164
0022 115 174 173 234 205 154 245 201
0023 204 154 246 203 119 208 164 239
0024 205 153 245 202 000 000 000 000
0025 204 157 239 199 000 000 000 000
0026 203 156 238 201 000 000 000 000
