0007 096 218 141 238 000 000 000 000
0008 094 204 141 239 000 000 000 000
0009 090 188 143 233 000 000 000 000
0010 091 169 144 213 000 000 000 000
0011 087 154 145 199 000 000 000 000
0012 088 132 144 177 000 000 000 000
0013 086 113 140 162 000 000 000 000
0014 083 101 138 151 000 000 000 000
0015 077 092 134 145 000 000 000 000
0016 076 093 132 145 000 000 000 000
0017 077 089 133 143 000 000 000 000
0018 079 087 131 142 000 000 000 000
0019 079 086 132 142 000 000 000 000
0020 080 088 132 142 000 000 000 000
0021 079 089 132 142 000 000 000 000
0022 080 088 132 142 000 000 000 000
0023 080 092 133 144 000 000 000 000
0024 078 092 134 143 000 000 000 000
0025 081 093 135 144 000 000 000 000
0026 080 094 132 148 000 000 000 000
0027 079 095 139 149 000 000 000 000
0028 081 096 133 149 000 000 000 000
0029 084 097 137 149 000 000 000 000
0030 079 094 141 148 000 000 000 000
0031 085 095 138 149 000 000 000 000
0032 085 092 137 148 000 000 000 000
0033 084 094 137 147 000 000 000 000
0034 085 094 137 147 000 000 000 000
0035 085 092 138 146 000 000 000 000
0036 081 093 141 146 000 000 000 000
0037 082 092 139 143 000 000 000 000
0038 081 092 137 145 000 000 000 000
0039 084 097 138 150 000 000 000 000
0040 084 107 137 158 000 000 000 000
0041 084 120 137 172 000 000 000 000
0042 081 147 135 196 000 000 000 000
0043 079 173 135 222 000 000 000 000
0044 086 216 138 238 000 000 000 000
