0000 136 172 162 197 202 212 225 239
0001 137 172 163 196 202 212 224 239
0002 136 172 163 197 202 212 224 239
0003 137 173 163 197 198 214 222 239
0004 137 173 163 197 202 214 223 237
0005 137 173 162 197 198 214 223 239
0006 137 173 162 197 203 214 223 236
0007 135 171 159 193 202 212 224 239
0008 198 201 223 238 136 172 161 196
0009 189 183 217 226 136 171 162 198
0010 138 170 164 195 177 143 216 169
0011 198 099 228 131 136 170 163 197
0012 202 091 241 123 136 170 163 198
0013 205 099 247 121 137 171 162 197
0014 204 109 250 130 136 171 161 197
0015 135 169 161 197 206 115 249 132
0016 136 171 161 196 205 112 248 132
0017 205 110 249 132 135 171 161 197
0018 205 107 246 132 136 172 161 197
0019 205 111 230 142 136 171 161 196
0020 134 172 159 196 186 158 216 194
0021 192 192 221 236 133 171 158 198
0022 190 208 217 239 134 176 159 198
0023 190 207 217 239 134 173 159 198
0024 186 204 221 238 134 173 158 198
0025 134 173 158 198 188 207 218 239
0026 190 207 217 239 134 172 157 196
0027 190 207 217 239 134 172 157 196
0028 188 206 217 239 135 171 158 195
