0000 109 199 128 230 172 205 190 235
0001 109 198 128 231 171 205 190 235
0002 171 205 190 234 109 197 128 230
0003 108 196 126 228 171 204 191 235
0004 173 207 190 237 107 197 125 229
0005 172 202 189 235 108 198 126 231
0006 171 205 189 235 106 199 126 232
0007 106 198 125 230 170 204 189 234
0008 106 198 125 230 169 206 188 236
0009 105 197 125 230 171 202 190 237
0010 106 197 125 230 172 198 190 233
0011 106 198 125 229 177 173 195 206
0012 178 148 211 178 108 195 126 224
0013 187 129 214 158 108 195 126 225
0014 187 117 217 149 107 198 126 228
0015 107 198 125 229 188 114 222 144
0016 190 111 223 138 109 197 127 226
0017 188 111 222 138 107 195 125 227
0018 188 109 222 140 107 197 124 228
0019 192 113 221 140 107 196 126 227
0020 107 196 126 226 192 115 224 137
0021 177 117 219 156 108 200 126 229
0022 182 114 216 153 107 200 126 230
0023 181 114 217 153 107 202 125 227
0024 106 201 124 225 177 126 207 159
0025 188 119 219 151 107 198 125 230
0026 187 124 218 160 107 200 125 229
0027 182 162 205 206 104 198 121 226
0028 104 202 121 233 177 174 196 221
0029 179 203 197 234 104 205 121 236
0030 106 201 122 230 176 206 194 237
0031 172 205 190 234 107 198 126 228
0032 106 199 125 229 171 203 188 235
0033 172 201 190 233 106 199 125 230
0034 172 202 189 233 106 199 125 229
0035 172 202 189 233 106 200 125 230
0036 108 198 126 226 024 191 055 230
0037 106 199 124 231 025 190 054 230
0038 173 198 190 230 107 201 126 228
0039 106 202 126 233 173 195 190 232
