0000 185 200 218 237 125 177 151 203
0001 185 200 218 237 125 176 151 203
0002 186 199 219 237 125 175 151 202
0003 189 203 216 238 126 174 151 202
0004 188 203 216 238 125 174 151 201
0005 186 202 219 238 127 172 153 199
0006 189 199 215 239 127 171 152 197
0007 175 170 208 214 130 173 156 198
0008 130 172 158 198 173 147 212 166
0009 192 092 233 132 131 172 158 198
0010 208 094 251 130 131 171 157 196
0011 211 118 263 141 131 172 157 196
0012 216 120 264 145 130 172 157 196
0013 214 120 264 145 130 172 156 195
0014 213 120 266 142 130 171 157 195
0015 216 117 259 145 130 172 157 198
0016 130 172 157 196 209 124 238 164
0017 127 171 153 197 184 161 219 201
0018 184 197 215 238 127 172 153 197
0019 127 172 152 197 187 211 215 239
0020 129 175 155 199 193 215 220 239
0021 130 175 156 199 196 216 225 239
0022 130 176 156 200 205 215 231 239
0023 130 174 157 201 205 217 229 239
0024 130 174 157 200 203 219 222 239
