0000 084 208 105 237 170 204 195 236
0001 083 203 106 239 175 207 194 239
0002 080 205 107 237 170 206 193 234
0003 080 205 107 237 170 207 194 239
0004 084 208 106 238 171 196 195 235
0005 080 205 107 237 172 157 209 199
0006 087 207 106 239 181 143 222 173
0007 184 129 225 165 083 208 104 236
0008 083 207 104 235 196 120 233 148
0009 201 123 236 146 087 206 106 238
0010 200 127 245 149 083 204 106 238
0011 203 131 247 152 083 208 106 239
0012 082 206 105 239 201 131 246 151
0013 199 131 245 151 081 208 104 239
0014 206 130 241 153 081 207 103 239
0015 084 202 106 239 200 132 244 151
0016 200 131 245 152 083 202 106 239
0017 200 131 244 152 084 203 106 239
0018 081 202 104 237 201 131 244 152
0019 201 131 244 152 083 202 106 239
0020 084 203 106 239 199 131 243 155
0021 081 202 105 238 194 132 225 164
0022 081 204 103 238 175 149 211 181
0023 084 204 106 239 184 168 206 199
0024 083 203 105 239 178 179 202 223
0025 083 204 105 239 172 196 198 237
0026 172 206 196 238 082 207 106 238
0027 082 203 103 238 173 206 192 239
0028 081 204 102 237 175 203 196 235
0029 171 205 192 238 086 206 106 239
0030 170 206 191 238 086 205 106 238
0031 170 205 191 238 082 201 110 239
