0000 086 224 105 239 170 224 188 239
0001 087 224 104 239 170 224 189 239
0002 087 224 104 239 168 223 187 239
0003 169 224 189 239 083 223 110 239
0004 170 224 188 239 083 223 110 239
0005 169 224 189 239 088 224 107 239
0006 169 224 188 239 085 223 111 239
0007 171 223 190 239 085 222 111 239
0008 167 197 193 235 089 224 106 239
0009 171 138 202 177 085 222 111 239
0010 185 127 221 156 088 221 106 239
0011 181 133 224 157 087 221 105 239
0012 180 137 214 159 088 224 107 239
0013 180 137 213 160 089 223 107 239
0014 178 138 216 161 088 224 107 239
0015 180 138 215 158 088 224 106 239
0016 179 137 216 160 088 225 106 239
0017 179 136 217 162 087 223 106 239
0018 164 137 215 171 088 222 107 239
0019 175 137 212 164 088 222 107 239
0020 181 139 214 161 088 222 107 239
0021 175 139 217 161 085 222 110 239
0022 178 137 212 162 083 221 109 239
0023 178 138 212 162 088 223 107 239
0024 176 139 214 162 086 224 111 239
0025 178 138 214 161 086 223 112 239
0026 177 136 212 160 089 224 108 239
0027 178 135 213 159 088 223 107 239
0028 178 135 214 159 088 223 107 239
0029 178 135 216 160 086 222 104 239
0030 178 156 204 183 087 222 105 239
0031 171 206 197 238 087 222 107 239
0032 087 222 105 239 170 223 190 239
0033 171 222 188 239 087 223 104 239
0034 171 224 187 239 087 223 104 239
0035 170 223 188 239 089 222 107 239
0036 171 223 188 239 089 223 106 239
