0015 061 199 099 237 101 214 153 239
0016 066 162 113 202 099 183 144 218
0017 067 128 112 174 088 148 129 200
0018 069 112 108 157 088 139 127 186
0019 073 095 111 138 089 123 126 176
0020 076 095 112 137 090 123 124 179
0021 077 093 112 133 091 121 128 174
0022 077 096 112 136 089 127 125 173
0023 075 095 114 139 092 123 125 176
0024 073 100 113 145 090 126 129 177
0025 069 109 110 155 092 146 128 186
0026 070 153 114 203 098 180 139 214
0027 103 205 153 237 076 187 105 228
0028 149 221 180 239 000 000 000 000
0029 147 222 182 237 000 000 000 000
