0004 115 221 151 236 000 000 000 000
0005 099 215 143 239 000 000 000 000
0006 092 212 138 239 000 000 000 000
0007 083 205 138 239 000 000 000 000
0008 055 208 095 237 083 190 138 230
0009 052 192 095 236 083 180 139 223
0010 050 185 097 234 081 167 142 206
0011 050 175 097 223 083 158 142 199
0012 085 155 142 198 046 166 095 211
0013 083 150 140 193 050 155 095 204
0014 084 146 139 191 049 152 094 199
0015 084 146 141 189 050 149 088 197
0016 079 145 141 185 050 149 089 191
0017 080 141 143 178 048 146 091 183
0018 078 136 144 178 046 143 091 188
0019 048 146 093 186 080 134 141 180
0020 080 133 141 182 051 145 090 193
0021 078 131 142 181 047 146 088 191
0022 082 130 143 176 044 144 092 188
0023 081 130 144 176 045 146 089 190
0024 044 145 093 192 079 132 139 178
0025 079 132 139 180 045 147 090 192
0026 080 130 143 177 044 146 088 190
0027 081 128 143 177 044 145 088 188
0028 080 130 141 178 046 143 085 184
0029 080 130 143 177 043 144 092 187
0030 080 130 143 177 042 145 089 187
0031 082 130 143 176 042 144 088 185
0032 076 134 138 174 043 144 089 185
0033 080 130 144 177 043 143 090 177
0034 077 132 144 176 045 143 089 182
0035 078 133 142 176 044 143 094 181
0036 082 133 143 180 045 144 091 181
0037 085 140 142 183 045 143 090 181
0038 051 159 090 200 085 161 140 203
0039 051 181 091 224 090 187 126 217
0040 101 210 149 238 059 214 090 239
0041 061 223 094 239 112 221 156 239
