0000 141 207 187 236 002 198 034 239
0001 003 200 039 237 141 208 186 236
0002 001 190 043 239 141 208 186 236
0003 005 183 047 229 136 207 185 239
0004 011 171 052 214 134 209 185 239
0005 011 156 057 201 134 210 184 239
0006 012 151 060 192 129 210 185 239
0007 013 139 064 184 131 209 187 239
0008 015 125 070 176 132 203 186 234
0009 016 112 072 163 132 202 182 239
0010 120 192 177 239 022 100 070 156
0011 113 174 166 228 030 082 072 144
0012 105 161 161 213 035 074 068 141
0013 104 153 155 201 035 074 068 136
0014 100 147 150 193 037 068 068 133
0015 043 067 069 130 102 139 149 191
0016 099 132 147 185 046 063 071 131
0017 092 123 145 180 045 055 069 129
0018 088 115 139 175 043 054 070 123
0019 080 100 131 167 044 050 072 124
0020 077 092 125 161 046 055 070 131
0021 076 087 123 159 048 053 071 129
0022 078 087 129 158 046 057 072 132
0023 082 089 130 158 045 058 079 131
0024 085 093 128 160 046 060 083 134
0025 086 094 137 162 053 054 087 130
0026 090 096 140 166 053 054 091 125
0027 094 097 140 165 046 055 093 125
0028 043 055 090 125 095 095 142 164
0029 093 093 144 161 050 055 092 128
0030 093 091 144 160 053 055 089 128
0031 092 087 142 159 058 051 088 128
0032 090 085 139 154 059 049 090 131
0033 092 081 134 156 059 051 089 132
0034 088 082 137 151 054 051 085 133
0035 090 082 134 154 056 050 089 125
0036 086 080 132 157 061 053 096 121
0037 044 050 092 120 088 083 135 154
0038 039 052 094 120 087 085 135 155
0039 034 051 093 123 087 088 135 156
0040 048 048 088 122 087 086 136 157
0041 085 088 137 157 055 055 094 130
0042 085 087 135 157 056 056 095 131
0043 060 058 095 133 093 089 140 155
0044 092 086 140 154 063 057 100 132
0045 064 052 103 131 086 085 136 156
0046 087 088 138 153 063 055 105 128
0047 062 054 103 122 092 084 132 152
0048 061 056 104 127 090 088 136 152
0049 086 085 138 154 062 051 090 133
0050 042 057 090 125 089 086 138 155
0051 040 055 092 126 088 087 137 157
0052 088 086 137 156 036 057 088 127
0053 028 056 095 130 089 087 135 156
0054 028 055 094 126 089 089 141 156
0055 029 057 093 126 090 090 141 157
0056 032 056 093 127 087 086 138 157
0057 033 055 094 131 088 086 138 156
0058 038 054 090 127 087 082 137 153
0059 036 055 091 126 086 079 131 157
0060 041 049 097 124 080 079 126 157
0061 045 050 092 120 068 091 121 156
0062 041 051 092 121 069 094 125 159
0063 038 049 089 121 066 094 119 159
0064 036 050 089 120 066 092 124 156
0065 039 051 089 119 065 091 119 155
0066 037 049 089 118 066 091 124 157
0067 037 051 087 118 065 091 125 154
0068 035 050 087 120 059 093 120 160
0069 037 052 087 123 058 094 119 160
0070 038 051 086 122 058 095 119 160
0071 037 051 086 124 058 095 120 161
0072 038 049 086 121 066 094 124 156
0073 038 051 085 120 065 094 125 156
0074 065 094 123 157 038 057 086 124
0075 067 095 124 158 039 052 085 125
0076 037 053 087 126 067 095 119 160
0077 062 103 121 164 041 056 087 130
0078 073 112 133 174 058 071 092 140
0079 082 140 152 193 058 098 098 168
0080 099 171 165 221 060 149 106 205
0081 118 193 175 239 060 180 114 230
0082 058 203 112 238 135 206 182 238
0083 135 207 183 239 056 207 107 239
0084 059 207 107 237 135 207 182 237
0085 136 209 185 237 059 207 107 237
0086 058 208 107 237 137 209 184 237
0087 058 208 107 237 137 207 182 237
0088 058 208 108 238 134 209 181 237
0089 058 209 107 238 136 209 182 237
0090 059 208 107 238 136 207 183 237
0091 059 202 111 239 130 209 184 239
