0000 113 212 153 239 000 000 000 000
0001 112 212 153 239 000 000 000 000
0002 115 213 152 238 000 000 000 000
0003 119 208 156 239 000 000 000 000
0004 128 196 162 235 000 000 000 000
0005 023 208 056 236 142 182 173 227
0006 043 184 082 224 146 158 186 200
0007 072 175 100 208 153 143 193 182
0008 156 133 203 170 099 157 126 194
0009 161 118 205 161 112 134 153 191
0010 161 111 210 154 129 128 172 178
0011 162 112 211 152 148 127 177 171
0012 168 110 211 156 000 000 000 000
0013 169 108 215 151 155 122 196 171
0014 170 107 217 151 000 000 000 000
0015 172 106 214 149 000 000 000 000
0016 173 106 215 147 000 000 000 000
0017 166 107 215 152 162 136 197 180
0018 167 105 213 146 161 132 196 178
0019 168 104 213 146 161 135 197 177
0020 166 106 214 149 163 132 198 178
0021 166 105 215 149 165 133 198 177
0022 169 105 215 145 162 132 201 176
0023 168 105 215 146 161 131 198 177
0024 168 106 212 148 162 131 198 177
0025 165 107 212 146 162 131 199 177
0026 159 131 196 184 165 110 217 153
0027 158 133 196 183 162 109 214 153
0028 155 136 196 183 159 118 212 155
0029 148 142 191 185 151 119 202 162
0030 155 125 199 164 136 147 180 189
0031 147 129 187 169 000 000 000 000
0032 134 139 167 182 090 161 139 200
0033 057 194 088 230 117 172 153 205
0034 116 183 155 215 020 206 061 239
0035 119 189 154 227 014 214 054 236
0036 115 198 156 235 000 000 000 000
0037 117 207 154 236 000 000 000 000
0038 118 211 154 237 000 000 000 000
0039 116 211 155 237 000 000 000 000
0040 118 212 154 238 000 000 000 000
0041 119 213 155 237 000 000 000 000
0042 118 214 154 238 000 000 000 000
0043 118 214 154 237 000 000 000 000
0044 119 213 154 237 000 000 000 000
0045 118 214 153 237 000 000 000 000
0046 119 215 153 237 000 000 000 000
0047 119 214 153 237 000 000 000 000
0048 119 214 153 239 000 000 000 000
