0000 138 206 180 239 000 000 000 000
0004 143 221 176 239 057 224 103 239
0005 099 219 159 239 155 199 194 237
0006 114 195 174 236 168 180 214 239
0007 171 156 225 227 125 182 185 230
0008 178 134 236 210 132 167 193 214
0009 186 117 239 189 140 146 198 198
0010 190 096 252 165 151 128 207 178
0011 191 089 256 156 157 118 212 168
0012 197 077 259 143 162 105 214 161
0013 198 073 259 137 167 094 219 156
0014 195 071 257 132 168 090 217 152
0015 195 066 258 127 168 096 217 149
0016 198 059 257 120 164 094 215 147
0017 197 055 256 114 166 088 219 145
0018 195 053 256 109 169 086 217 145
0019 194 054 254 111 168 087 216 142
0020 197 053 254 111 165 085 220 141
0021 196 055 255 114 164 092 219 148
0022 197 060 252 116 162 089 222 147
0023 196 060 252 117 163 091 220 149
0024 196 057 258 113 167 092 215 148
0025 196 057 251 118 168 093 216 150
0026 194 056 252 119 166 092 217 147
0027 195 059 255 118 166 093 217 147
0028 196 058 251 118 167 093 216 149
0029 195 056 252 117 166 093 216 150
0030 195 056 251 118 165 093 217 151
0031 191 057 253 116 163 094 216 148
0032 191 061 246 117 157 093 213 149
0033 186 067 230 122 155 094 202 152
0034 126 115 177 163 164 083 200 134
0035 157 097 189 152 115 124 161 176
0036 092 154 142 203 141 124 177 179
0037 074 187 118 234 125 163 164 213
0038 111 196 153 238 066 216 109 239
0039 107 217 158 234 000 000 000 000
0040 129 205 177 238 000 000 000 000
0041 137 204 177 237 000 000 000 000
0042 140 207 179 237 000 000 000 000
