0000 115 212 151 236 000 000 000 000
0001 115 211 152 236 000 000 000 000
0002 116 209 153 237 000 000 000 000
0003 117 209 151 238 000 000 000 000
0004 124 200 154 238 018 218 055 239
0005 023 208 052 237 127 194 158 235
0006 043 199 069 228 136 182 164 224
0007 145 167 177 208 064 171 097 214
0008 150 142 191 185 098 166 120 200
0009 100 146 136 193 157 131 200 169
0010 155 118 201 164 110 154 153 195
0011 156 111 201 154 121 139 172 192
0012 159 107 203 149 143 133 179 185
0013 163 104 205 148 142 135 180 183
0014 162 106 205 151 145 137 184 184
0015 163 106 205 149 148 134 185 182
0016 163 104 208 148 152 131 188 178
0017 163 107 207 152 146 133 186 185
0018 160 105 207 153 158 126 190 177
0019 161 107 205 159 000 000 000 000
0020 160 108 203 160 156 132 187 177
0021 161 108 206 158 152 132 189 181
0022 163 105 209 150 155 131 188 178
0023 162 108 209 153 158 130 188 178
0024 162 109 208 155 150 134 189 184
0025 165 111 209 151 156 134 188 178
0026 165 112 210 150 153 136 189 176
0027 164 118 210 161 138 143 183 184
0028 161 123 209 163 110 151 179 189
0029 156 131 203 171 093 165 177 189
0030 090 174 152 202 152 139 194 181
0031 069 182 127 211 136 157 176 191
0032 064 189 100 228 133 179 162 214
0033 051 197 084 237 123 193 154 233
0034 121 198 154 236 045 206 077 239
0035 122 201 153 236 042 208 072 237
