0000 022 222 052 238 095 223 128 239
0001 020 222 050 238 094 222 129 239
0002 018 220 052 239 094 222 129 239
0003 023 205 056 234 086 217 127 239
0004 082 182 123 222 038 169 070 226
0005 050 115 089 174 088 111 130 161
0006 057 091 107 144 088 091 127 146
0007 064 080 112 128 087 112 127 148
0008 063 079 122 121 094 105 132 146
0009 069 071 109 124 095 103 131 141
0010 069 070 113 125 095 101 132 142
0011 069 072 111 127 095 103 132 142
0012 068 074 123 124 094 105 135 148
0013 072 073 115 124 094 104 132 143
0014 067 075 123 126 094 108 130 148
0015 069 076 114 127 091 107 134 147
0016 067 076 122 126 094 111 130 149
0017 067 079 120 129 092 107 133 147
0018 069 084 119 133 086 120 127 156
0019 062 112 108 167 084 129 122 176
0020 046 162 080 211 081 173 119 218
0021 082 209 126 239 025 202 059 235
0022 011 214 042 237 090 220 128 239
0023 013 221 042 239 096 224 130 239
0024 017 221 045 239 092 223 130 239
0025 020 222 049 239 092 222 132 239
0026 022 222 048 239 092 223 132 239
0027 021 224 049 239 000 000 000 000
0028 019 224 049 239 000 000 000 000
0029 022 223 049 239 000 000 000 000
