0006 124 203 166 236 000 000 000 000
0007 124 172 174 210 000 000 000 000
0008 145 102 171 158 000 000 000 000
0009 142 073 173 133 000 000 000 000
0010 141 054 178 116 000 000 000 000
0011 142 046 176 116 000 000 000 000
0012 136 044 179 103 000 000 000 000
0013 141 048 180 111 000 000 000 000
0014 140 045 176 108 000 000 000 000
0015 140 043 176 106 000 000 000 000
0016 138 044 181 106 000 000 000 000
0017 142 042 182 107 000 000 000 000
0018 140 044 182 105 000 000 000 000
0019 140 043 181 105 000 000 000 000
0020 139 041 182 101 000 000 000 000
0021 137 044 180 102 000 000 000 000
0022 127 080 175 128 000 000 000 000
0023 115 128 178 165 000 000 000 000
0024 112 194 163 239 000 000 000 000
0025 127 221 167 239 000 000 000 000
