0009 127 222 167 239 000 000 000 000
0010 114 210 163 239 000 000 000 000
0011 117 177 179 212 000 000 000 000
0012 133 139 182 175 000 000 000 000
0013 134 091 186 145 000 000 000 000
0014 141 068 187 128 000 000 000 000
0015 143 059 184 124 000 000 000 000
0016 143 054 184 119 000 000 000 000
0017 143 057 186 117 000 000 000 000
0018 142 057 186 117 000 000 000 000
0019 141 056 187 115 000 000 000 000
0020 142 057 186 117 000 000 000 000
0021 142 056 186 117 000 000 000 000
0022 141 056 187 117 000 000 000 000
0023 140 059 184 118 000 000 000 000
0024 134 109 187 157 000 000 000 000
0025 122 167 180 210 000 000 000 000
0026 110 199 165 239 000 000 000 000
0027 123 222 160 239 000 000 000 000
