0002 166 220 206 237 000 000 000 000
0003 183 173 234 214 000 000 000 000
0004 218 120 260 165 000 000 000 000
0005 223 093 271 139 000 000 000 000
0006 229 060 269 113 000 000 000 000
0007 229 052 270 107 000 000 000 000
0008 230 054 272 107 000 000 000 000
0009 232 055 274 108 000 000 000 000
0010 232 054 274 110 000 000 000 000
0011 232 054 274 109 000 000 000 000
0012 232 054 274 109 000 000 000 000
0013 233 054 275 109 000 000 000 000
0014 232 048 272 107 000 000 000 000
0015 229 053 270 108 000 000 000 000
0016 227 051 268 110 000 000 000 000
0017 226 049 267 111 000 000 000 000
0018 224 050 264 109 000 000 000 000
0019 223 050 266 111 000 000 000 000
0020 227 054 264 115 000 000 000 000
0021 231 049 265 114 000 000 000 000
0022 228 054 263 113 000 000 000 000
0023 223 049 264 110 000 000 000 000
0024 227 053 263 113 000 000 000 000
0025 228 055 261 115 000 000 000 000
0026 227 065 262 122 000 000 000 000
0027 221 096 255 146 000 000 000 000
0028 210 139 244 186 000 000 000 000
0029 195 173 233 219 000 000 000 000
0030 174 209 214 238 000 000 000 000
