0000 133 213 167 239 108 198 142 225
0001 133 213 167 239 100 200 145 227
0002 136 212 168 235 101 193 143 224
0003 134 212 167 238 102 197 145 228
0004 133 213 167 239 107 199 141 226
0005 133 211 169 238 100 197 147 228
0006 130 208 169 238 105 197 139 227
0007 133 204 167 238 104 194 140 225
0008 107 196 144 225 140 192 174 224
0009 135 165 172 198 104 197 154 232
0010 105 195 151 232 147 152 173 180
0011 107 196 152 233 155 120 186 160
0012 158 092 189 139 106 196 152 233
0013 106 197 151 233 162 074 193 121
0014 107 197 151 233 162 061 194 103
0015 162 055 197 097 108 195 151 232
0016 160 045 198 087 108 196 151 232
0017 162 042 199 084 107 196 151 232
0018 164 044 199 084 107 197 151 232
0019 165 041 203 083 107 197 151 233
0020 170 042 205 084 107 197 151 233
0021 107 197 151 233 172 040 205 082
0022 171 041 203 081 107 197 151 233
0023 108 197 151 233 172 040 204 082
0024 108 197 151 233 173 039 205 080
0025 108 197 151 233 173 040 206 081
0026 174 042 205 080 108 197 151 233
0027 107 196 150 233 176 039 208 080
0028 108 196 150 233 174 041 207 079
0029 108 196 150 233 174 042 206 080
0030 109 196 150 233 173 042 206 081
0031 176 039 206 081 108 196 150 233
0032 108 196 150 233 174 039 206 080
0033 108 196 150 233 174 036 206 079
0034 108 196 150 233 175 040 205 080
0035 107 196 151 233 175 040 205 081
0036 108 196 151 233 176 041 208 084
0037 107 197 151 233 174 049 204 089
0038 107 197 151 233 174 064 201 101
0039 107 196 152 233 166 100 194 139
0040 103 194 147 233 157 132 187 176
0041 107 196 149 231 146 166 179 197
0042 111 195 148 230 136 188 177 217
0043 138 202 171 232 109 195 145 232
0044 135 210 168 239 110 192 144 226
0045 134 212 167 239 107 196 142 226
0046 134 212 167 239 104 196 143 226
