0007 203 162 242 209 000 000 000 000
0008 175 099 215 162 000 000 000 000
0009 161 077 202 135 000 000 000 000
0010 152 070 198 128 000 000 000 000
0011 150 071 196 130 000 000 000 000
0012 149 071 196 129 000 000 000 000
0013 149 071 196 129 000 000 000 000
0014 149 070 196 128 000 000 000 000
0015 149 071 195 128 000 000 000 000
0016 148 070 196 129 000 000 000 000
0017 148 072 195 129 000 000 000 000
0018 149 073 196 130 000 000 000 000
0019 149 078 198 140 000 000 000 000
0020 156 103 197 168 000 000 000 000
0021 162 131 198 196 000 000 000 000
