0000 064 215 087 239 000 000 000 000
0001 064 214 087 239 000 000 000 000
0002 063 216 087 239 000 000 000 000
0003 064 216 087 238 138 223 165 239
0004 139 208 192 239 064 216 087 239
0005 153 159 206 219 064 216 087 239
0006 164 129 214 195 063 216 087 239
0007 166 112 221 176 066 219 088 239
0008 172 095 223 168 063 215 085 239
0009 174 082 223 160 063 216 085 239
0010 174 077 221 156 064 216 087 239
0011 177 076 225 145 064 216 087 239
0012 177 075 225 147 064 217 087 239
0013 178 072 225 149 064 217 087 239
0014 176 075 226 146 064 217 088 239
0015 174 079 226 147 065 218 087 239
0016 177 079 227 152 065 218 087 239
0017 176 075 226 147 065 218 088 239
0018 176 074 227 148 065 218 088 239
0019 179 081 227 151 064 216 087 239
0020 184 079 228 146 064 218 087 239
0021 183 080 229 146 064 218 087 239
0022 177 076 227 148 064 218 087 239
0023 175 080 223 150 064 218 087 239
0024 170 079 220 146 064 218 087 239
0025 157 092 197 153 064 218 087 239
0026 137 117 179 170 064 218 087 239
0027 111 154 165 198 064 217 087 239
0028 108 161 162 209 064 217 087 239
0029 100 198 151 239 064 218 087 239
0030 109 220 150 237 063 215 087 239
0031 064 215 087 239 000 000 000 000
0032 064 215 087 239 000 000 000 000
0033 064 215 087 239 000 000 000 000
0034 064 215 087 239 000 000 000 000
0035 064 215 087 239 000 000 000 000
