0004 119 210 167 239 000 000 000 000
0005 124 176 175 217 000 000 000 000
0006 140 118 188 168 000 000 000 000
0007 141 070 181 129 000 000 000 000
0008 144 054 181 113 000 000 000 000
0009 142 046 181 111 000 000 000 000
0010 140 044 185 105 000 000 000 000
0011 141 045 186 106 000 000 000 000
0012 141 044 187 105 000 000 000 000
0013 141 042 186 104 000 000 000 000
0014 141 042 186 105 000 000 000 000
0015 142 042 186 104 000 000 000 000
0016 141 045 187 105 000 000 000 000
0017 140 046 185 107 000 000 000 000
0018 141 063 178 122 000 000 000 000
0019 136 129 184 176 000 000 000 000
0020 112 195 168 236 000 000 000 000
