0005 172 221 212 237 000 000 000 000
0006 192 189 242 230 000 000 000 000
0007 203 161 250 201 000 000 000 000
0008 208 145 252 182 000 000 000 000
0009 211 129 256 167 000 000 000 000
0010 216 113 263 149 000 000 000 000
0011 217 111 262 147 000 000 000 000
0012 219 113 266 151 000 000 000 000
0013 223 134 265 173 000 000 000 000
0014 223 167 268 208 000 000 000 000
0015 217 186 266 225 000 000 000 000
0016 215 183 262 223 000 000 000 000
0017 211 164 259 207 000 000 000 000
0018 213 135 249 185 000 000 000 000
0019 204 134 245 184 000 000 000 000
0020 202 131 241 175 000 000 000 000
0021 203 126 245 164 000 000 000 000
0022 217 119 264 156 000 000 000 000
0023 228 114 274 151 000 000 000 000
0024 231 118 282 158 000 000 000 000
0025 234 136 284 179 000 000 000 000
0026 237 156 281 207 000 000 000 000
0027 231 180 272 226 000 000 000 000
0028 219 194 267 235 000 000 000 000
0029 209 195 261 238 000 000 000 000
0030 201 175 247 222 000 000 000 000
0031 202 149 241 202 000 000 000 000
0032 200 140 238 193 000 000 000 000
0033 202 130 231 180 000 000 000 000
0034 202 124 232 177 000 000 000 000
0035 199 122 233 177 000 000 000 000
0036 195 132 235 183 000 000 000 000
0037 192 144 234 184 000 000 000 000
0038 198 174 228 216 000 000 000 000
0039 187 200 222 237 000 000 000 000
0040 184 217 217 239 000 000 000 000
