0010 185 206 228 237 000 000 000 000
0011 193 189 241 232 000 000 000 000
0012 203 165 254 205 000 000 000 000
0013 214 149 258 188 000 000 000 000
0014 224 139 268 177 000 000 000 000
0015 234 129 280 169 000 000 000 000
0016 237 130 282 170 000 000 000 000
0017 235 132 280 170 000 000 000 000
0018 236 130 278 169 000 000 000 000
0019 234 127 280 164 000 000 000 000
0020 235 126 279 163 000 000 000 000
0021 235 126 279 163 000 000 000 000
0022 236 127 279 163 000 000 000 000
0023 235 132 279 167 000 000 000 000
0024 237 137 277 178 000 000 000 000
0025 232 147 280 187 000 000 000 000
0026 233 153 279 194 000 000 000 000
0027 231 150 275 191 000 000 000 000
0028 229 139 272 181 000 000 000 000
0029 230 131 273 171 000 000 000 000
0030 231 121 273 163 000 000 000 000
0031 228 109 269 153 000 000 000 000
0032 227 102 273 145 000 000 000 000
0033 227 095 268 139 000 000 000 000
0034 228 096 265 137 000 000 000 000
0035 229 100 272 138 000 000 000 000
0036 235 113 280 145 000 000 000 000
0037 237 124 284 160 000 000 000 000
0038 240 133 285 170 000 000 000 000
0039 239 146 286 185 000 000 000 000
0040 238 156 285 197 000 000 000 000
0041 242 165 282 204 000 000 000 000
0042 233 165 282 206 000 000 000 000
0043 237 165 280 204 000 000 000 000
0044 234 156 277 196 000 000 000 000
0045 228 146 271 188 000 000 000 000
0046 229 134 269 177 000 000 000 000
0047 221 128 265 173 000 000 000 000
0048 219 137 265 181 000 000 000 000
0049 215 152 266 194 000 000 000 000
0050 209 170 259 210 000 000 000 000
0051 204 181 248 221 000 000 000 000
0052 197 197 239 236 000 000 000 000
0053 182 214 223 239 000 000 000 000
