0005 093 208 130 239 147 214 176 237
0006 093 201 129 235 136 198 167 229
0007 102 177 132 206 128 174 159 202
0008 101 168 130 192 127 166 157 193
0009 105 164 131 190 120 162 158 191
0010 102 162 130 189 122 162 157 188
0011 119 163 158 192 105 162 133 188
0012 129 162 164 189 099 159 132 188
0013 074 157 114 183 153 158 191 184
0014 054 152 097 179 178 155 227 181
0015 044 151 088 178 196 153 247 183
0016 217 153 263 179 034 152 073 174
0017 032 151 068 173 220 153 269 179
0018 034 152 071 175 219 152 269 179
0019 035 150 074 173 220 151 267 178
0020 039 152 078 174 216 151 261 178
0021 038 151 077 177 217 154 260 179
0022 213 157 257 187 040 160 080 186
0023 047 180 088 207 207 180 234 215
0024 056 199 093 230 207 202 233 237
0025 065 214 097 238 209 212 232 239
0026 080 222 107 239 000 000 000 000
