0000 098 208 118 235 172 189 191 222
0001 103 209 126 235 179 170 196 198
0002 130 191 154 224 189 129 215 153
0003 192 090 214 120 147 162 179 193
0004 185 081 206 108 153 149 182 174
0005 171 071 195 100 156 129 186 159
0006 160 121 191 150 163 071 191 100
0007 163 119 190 147 163 071 189 098
0008 162 072 187 096 163 122 191 150
0009 162 120 191 150 161 073 187 096
0010 161 124 190 151 158 074 185 099
0011 159 066 190 092 162 125 191 151
0012 161 125 191 151 163 050 191 075
0013 161 124 190 150 169 025 193 062
0014 172 016 196 057 161 124 186 147
0015 175 017 201 057 163 124 191 147
0016 175 027 203 066 162 121 190 146
0017 163 123 189 150 174 037 203 074
0018 163 120 190 142 172 060 204 087
0019 162 119 186 147 167 073 196 099
0020 159 120 185 144 163 088 202 110
0021 161 124 185 145 163 097 201 116
0022 159 120 183 143 161 102 199 121
0023 154 118 190 145 157 107 198 129
0024 158 124 185 150 000 000 000 000
0025 159 119 187 148 000 000 000 000
0026 156 121 184 152 000 000 000 000
0027 157 121 184 149 000 000 000 000
0028 156 122 185 153 000 000 000 000
0029 155 120 182 148 000 000 000 000
0030 156 124 184 153 000 000 000 000
0031 157 129 183 150 158 116 185 138
0032 149 136 174 156 154 117 186 136
0033 155 123 184 147 143 146 169 168
0034 129 169 158 192 160 145 188 178
0035 111 196 134 224 175 172 192 208
0036 094 203 125 235 177 183 196 217
0037 093 210 119 239 179 188 197 222
0038 095 206 117 236 178 188 197 221
0039 096 208 118 237 176 189 195 224
0040 097 205 117 235 171 189 192 222
0041 098 205 118 236 171 189 193 222
