0000 080 203 111 236 178 211 196 238
0001 086 207 109 238 178 210 196 237
0002 088 203 109 238 177 210 195 237
0003 087 207 112 239 178 210 196 237
0004 086 206 111 239 181 204 203 238
0005 191 194 221 233 085 204 109 238
0006 206 173 241 206 080 206 107 238
0007 076 211 104 239 219 148 259 176
0008 077 209 103 237 228 126 256 152
0009 079 213 105 239 230 092 256 121
0010 223 061 254 100 079 212 103 236
0011 215 041 249 081 078 209 102 239
0012 200 033 242 076 077 212 100 239
0013 186 047 229 086 079 208 101 239
0014 182 087 210 118 077 211 099 239
0015 175 106 206 154 079 209 101 239
0016 174 119 205 170 076 208 096 237
0017 175 136 206 183 080 209 100 239
0018 175 147 206 192 076 211 098 239
0019 178 159 209 202 076 211 098 239
0020 175 174 202 215 075 208 100 237
0021 166 191 194 231 079 212 102 239
0022 081 211 105 238 167 200 188 234
0023 181 198 204 235 081 208 105 237
0024 190 194 217 223 081 206 106 239
0025 076 207 104 236 205 175 239 205
0026 215 145 256 175 079 209 105 239
0027 080 206 102 239 225 107 260 140
0028 223 067 255 100 079 213 105 239
0029 207 039 238 077 078 208 099 239
0030 190 029 223 072 073 207 097 238
0031 181 046 212 081 076 209 097 235
0032 178 069 212 108 075 206 098 238
0033 173 084 209 115 076 207 097 237
0034 178 104 216 134 080 206 099 237
0035 174 123 213 166 078 206 100 237
0036 172 159 201 196 078 204 103 236
0037 164 187 203 222 081 205 104 237
0038 169 193 197 237 083 205 104 238
0039 083 208 105 239 166 202 201 238
0040 084 206 107 235 167 204 198 238
0041 083 206 106 238 167 204 199 238
0042 084 207 107 239 168 207 197 239
0043 083 203 108 235 176 208 199 239
0044 170 208 196 238 086 205 109 238
0045 087 207 109 239 170 208 195 238
0046 087 206 110 239 171 205 197 237
