0000 077 210 098 239 159 205 176 234
0001 076 208 095 236 161 204 181 229
0002 077 212 097 239 159 205 178 235
0003 076 213 096 239 158 204 179 230
0004 076 214 096 239 160 206 179 235
0005 155 204 180 236 076 214 096 238
0006 076 214 097 239 158 207 178 235
0007 077 213 098 239 160 211 180 235
0008 078 213 101 239 162 210 181 233
0009 080 210 104 239 160 206 180 235
0010 080 210 104 238 169 204 187 235
0011 080 207 105 239 168 202 190 234
0012 181 196 210 229 078 209 101 239
0013 195 180 225 210 072 213 096 239
0014 073 212 100 239 209 153 242 182
0015 074 218 100 239 219 124 248 148
0016 082 218 107 239 220 091 247 119
0017 217 061 245 091 088 217 110 239
0018 215 034 242 071 091 220 114 239
0019 200 012 240 061 090 222 113 239
0020 183 017 226 068 088 221 109 239
0021 172 072 210 111 083 221 104 239
0022 163 117 194 166 081 220 099 239
0023 157 160 186 208 079 217 099 239
0024 154 193 184 237 080 215 100 238
0025 155 208 184 237 075 213 099 238
0026 146 207 183 239 075 210 094 238
0027 151 206 183 236 073 214 093 234
0028 156 207 185 236 069 214 089 237
0029 158 202 191 236 069 209 092 238
0030 069 210 092 239 168 200 200 235
0031 073 211 094 239 184 199 208 234
0032 191 192 223 226 073 210 099 239
0033 199 179 233 207 072 210 097 239
0034 210 157 242 186 070 212 103 239
0035 075 218 100 239 219 133 247 158
0036 075 216 099 239 222 106 258 132
0037 224 073 256 102 071 219 094 239
0038 218 040 249 075 072 223 093 239
0039 203 016 245 065 074 220 094 239
0040 190 027 229 073 075 224 096 239
0041 174 072 215 113 076 217 099 239
0042 168 110 198 160 078 217 100 235
0043 156 160 194 206 078 219 097 239
0044 158 190 191 236 075 214 098 235
0045 155 208 183 238 074 213 093 234
0046 153 211 182 237 071 212 093 234
0047 151 210 183 239 072 208 091 239
0048 068 208 090 238 153 207 185 237
0049 158 209 184 237 068 212 088 235
0050 157 208 184 237 069 214 091 239
