0000 081 206 101 238 166 209 196 238
0001 081 210 106 239 166 210 196 238
0002 083 210 107 239 170 213 194 236
0003 081 212 106 239 168 208 196 237
0004 080 212 106 239 170 213 193 239
0005 174 208 196 235 080 213 106 238
0006 182 206 207 239 080 214 108 238
0007 188 196 216 229 080 211 106 238
0008 201 188 231 218 084 211 113 236
0009 206 164 244 196 086 213 115 239
0010 086 214 117 239 207 138 250 165
0011 085 211 118 239 217 110 248 140
0012 217 085 248 116 082 217 108 237
0013 218 060 246 091 080 218 106 239
0014 212 039 242 076 074 218 099 239
0015 205 020 239 060 073 217 095 239
0016 193 009 230 056 072 219 094 236
0017 172 007 215 052 076 218 097 239
0018 164 028 203 068 076 212 097 239
0019 161 065 202 105 078 214 099 238
0020 168 095 199 146 076 214 097 236
0021 165 123 200 178 075 212 097 236
0022 158 137 199 186 073 209 104 237
0023 159 143 199 190 074 214 096 239
0024 167 150 198 195 072 213 096 237
0025 164 157 199 200 074 212 095 237
0026 171 173 197 212 074 210 097 238
0027 159 189 197 225 074 213 098 235
0028 076 214 097 239 178 199 198 234
0029 190 197 213 234 073 214 099 239
0030 197 191 228 226 075 214 100 236
0031 203 177 238 208 076 214 102 239
0032 074 211 106 239 208 157 247 186
0033 082 211 110 239 216 135 256 163
0034 084 212 109 237 220 108 258 142
0035 225 086 256 117 081 214 105 237
0036 221 058 250 093 078 214 102 239
0037 212 033 239 074 074 216 096 239
0038 195 016 227 061 070 213 091 239
0039 175 012 211 063 072 215 093 238
0040 159 027 197 064 075 214 094 237
0041 147 060 190 087 074 214 095 235
0042 155 084 196 124 078 212 096 237
0043 151 099 194 152 075 209 096 236
0044 153 113 189 163 071 210 094 234
0045 154 127 190 173 070 212 093 239
0046 159 140 194 189 071 210 094 236
0047 162 169 193 203 071 208 095 239
0048 074 212 094 239 156 176 197 225
0049 158 194 194 234 075 212 096 239
0050 168 208 190 236 077 211 098 239
0051 170 209 194 238 078 209 098 239
