0000 175 208 217 239 000 000 000 000
0001 193 166 240 211 000 000 000 000
0002 218 131 253 168 000 000 000 000
0003 226 080 264 121 000 000 000 000
0004 229 059 265 104 000 000 000 000
0005 226 050 265 096 000 000 000 000
0006 224 048 265 097 000 000 000 000
0007 221 047 256 091 000 000 000 000
0008 224 044 262 091 000 000 000 000
0009 223 040 264 089 000 000 000 000
0010 222 042 263 089 000 000 000 000
0011 222 039 264 089 000 000 000 000
0012 223 047 262 088 000 000 000 000
0013 222 042 264 089 000 000 000 000
0014 220 042 267 090 000 000 000 000
0015 223 048 264 085 000 000 000 000
0016 221 043 270 089 000 000 000 000
0017 222 043 271 088 000 000 000 000
0018 221 043 271 088 000 000 000 000
0019 222 043 271 087 000 000 000 000
0020 225 046 266 087 000 000 000 000
0021 222 043 271 087 000 000 000 000
0022 221 043 271 088 000 000 000 000
0023 224 045 264 083 000 000 000 000
0024 222 044 270 087 000 000 000 000
0025 225 048 272 089 000 000 000 000
0026 233 055 269 093 000 000 000 000
0027 230 087 267 123 000 000 000 000
0028 215 131 254 187 000 000 000 000
0029 191 175 238 230 000 000 000 000
0030 173 208 217 239 000 000 000 000
0031 159 222 203 239 000 000 000 000
