0000 015 205 068 238 000 000 000 000
0001 006 201 055 238 000 000 000 000
0002 001 195 045 235 119 210 172 239
0003 003 184 039 229 000 000 000 000
0004 003 183 046 226 000 000 000 000
0005 010 193 047 233 000 000 000 000
0006 015 199 048 235 000 000 000 000
0007 020 204 050 236 000 000 000 000
0008 020 205 049 234 000 000 000 000
0009 020 206 051 236 000 000 000 000
0010 020 206 051 235 000 000 000 000
0011 019 206 050 234 000 000 000 000
0012 083 213 147 239 000 000 000 000
0013 097 184 162 223 000 000 000 000
0014 119 157 183 201 000 000 000 000
0015 129 129 188 171 000 000 000 000
0016 133 107 188 145 000 000 000 000
0017 135 091 193 134 011 201 037 227
0018 136 080 193 124 018 200 053 237
0019 136 061 193 112 019 202 053 237
0020 139 055 195 105 020 205 052 233
0021 141 047 198 099 022 207 056 233
0022 144 042 198 095 020 202 052 237
0023 147 040 203 093 022 205 055 233
0024 150 035 203 092 000 000 000 000
0025 150 034 206 089 018 202 043 223
0026 152 033 207 087 016 202 043 229
0027 150 030 206 084 017 202 044 229
0028 152 031 208 083 000 000 000 000
0029 152 029 206 083 000 000 000 000
0030 152 027 206 081 000 000 000 000
0031 152 028 206 080 000 000 000 000
0032 151 027 206 080 000 000 000 000
0033 149 027 206 080 000 000 000 000
0034 149 027 205 081 000 000 000 000
0035 148 029 203 081 000 000 000 000
0036 149 029 203 082 000 000 000 000
0037 150 030 204 082 000 000 000 000
0038 148 030 203 082 000 000 000 000
0039 148 030 203 082 000 000 000 000
0040 149 029 202 081 000 000 000 000
0041 149 029 203 082 000 000 000 000
0042 149 029 203 082 000 000 000 000
0043 148 030 205 082 000 000 000 000
0044 148 028 204 083 000 000 000 000
0045 148 029 204 084 000 000 000 000
0046 148 031 204 085 000 000 000 000
0047 146 039 202 087 000 000 000 000
0048 143 059 202 103 015 201 048 236
0049 135 081 193 120 014 204 047 235
0050 130 103 189 147 000 000 000 000
0051 103 169 176 215 000 000 000 000
0052 095 212 153 239 015 202 051 235
0053 019 202 049 233 000 000 000 000
0054 022 206 052 234 000 000 000 000
0055 016 204 048 235 000 000 000 000
0056 005 196 043 235 000 000 000 000
0058 000 200 029 239 004 174 024 195
0059 007 197 049 239 006 180 033 200
0060 014 204 063 238 000 000 000 000
0061 015 209 065 237 000 000 000 000
0062 017 209 063 239 000 000 000 000
0063 017 209 064 239 000 000 000 000
0064 016 208 064 239 000 000 000 000
0065 016 208 065 239 000 000 000 000
0066 014 211 065 239 000 000 000 000
