0003 135 216 173 239 000 000 000 000
0004 136 198 176 235 000 000 000 000
0005 135 184 177 228 000 000 000 000
0006 141 170 179 216 000 000 000 000
0007 137 168 181 212 000 000 000 000
0008 141 144 188 196 000 000 000 000
0009 151 124 192 177 000 000 000 000
0010 147 099 193 152 000 000 000 000
0011 142 087 195 140 000 000 000 000
0012 149 084 191 133 000 000 000 000
0013 141 074 189 127 000 000 000 000
0014 137 070 186 123 000 000 000 000
0015 137 067 186 121 000 000 000 000
0016 136 068 186 120 000 000 000 000
0017 136 066 188 121 000 000 000 000
0018 137 067 188 120 000 000 000 000
0019 139 062 189 121 000 000 000 000
0020 139 061 189 120 000 000 000 000
0021 138 079 188 129 000 000 000 000
0022 140 100 186 149 000 000 000 000
0023 139 112 188 165 000 000 000 000
0024 142 162 179 220 000 000 000 000
0025 128 214 174 239 000 000 000 000
