0000 113 224 157 239 000 000 000 000
0001 112 222 152 238 000 000 000 000
0002 113 220 160 239 000 000 000 000
0003 112 216 159 237 000 000 000 000
0004 111 208 163 239 000 000 000 000
0005 113 190 168 230 000 000 000 000
0006 111 170 177 214 000 000 000 000
0007 111 157 178 197 000 000 000 000
0008 114 143 177 179 000 000 000 000
0009 119 123 183 160 000 000 000 000
0010 126 099 189 139 000 000 000 000
0011 134 084 192 126 000 000 000 000
0012 140 068 198 114 000 000 000 000
0013 148 050 201 100 000 000 000 000
0014 153 044 207 096 000 000 000 000
0015 153 042 211 093 000 000 000 000
0016 160 034 214 086 000 000 000 000
0017 161 031 218 082 000 000 000 000
0018 159 027 219 080 000 000 000 000
0019 162 030 220 078 000 000 000 000
0020 164 026 219 076 000 000 000 000
0021 163 023 219 072 000 000 000 000
0022 163 021 221 072 000 000 000 000
0023 164 022 221 069 000 000 000 000
0024 161 022 219 068 000 000 000 000
0025 161 021 218 068 000 000 000 000
0026 162 021 216 068 000 000 000 000
0027 161 020 216 069 000 000 000 000
0028 161 020 216 069 000 000 000 000
0029 160 019 216 069 000 000 000 000
0030 161 020 215 067 000 000 000 000
0031 160 024 214 071 000 000 000 000
0032 156 040 212 085 000 000 000 000
0033 149 061 204 104 000 000 000 000
0034 139 101 197 141 000 000 000 000
0035 129 134 187 179 000 000 000 000
0036 116 179 175 230 036 203 067 237
0037 112 213 164 239 000 000 000 000
0039 119 223 153 238 000 000 000 000
0040 118 222 151 239 000 000 000 000
0041 116 222 155 238 000 000 000 000
0042 118 224 150 239 000 000 000 000
0043 114 224 148 239 000 000 000 000
0044 116 222 157 239 000 000 000 000
0045 114 221 157 239 000 000 000 000
0046 114 221 158 239 000 000 000 000
