0003 144 219 184 238 000 000 000 000
0004 149 207 198 239 000 000 000 000
0005 171 161 222 215 000 000 000 000
0006 178 139 231 194 000 000 000 000
0007 184 110 241 170 000 000 000 000
0008 190 091 253 150 000 000 000 000
0009 192 078 254 138 000 000 000 000
0010 189 073 249 132 000 000 000 000
0011 190 072 250 131 000 000 000 000
0012 187 075 242 134 000 000 000 000
0013 185 075 244 136 000 000 000 000
0014 184 075 243 137 000 000 000 000
0015 185 077 242 138 000 000 000 000
0016 183 076 241 138 000 000 000 000
0017 185 075 242 136 000 000 000 000
0018 185 075 243 136 000 000 000 000
0019 185 075 243 136 000 000 000 000
0020 184 074 242 138 000 000 000 000
0021 184 075 242 137 000 000 000 000
0022 184 075 243 137 000 000 000 000
0023 180 077 237 137 000 000 000 000
0024 169 090 221 138 000 000 000 000
0025 138 113 183 157 000 000 000 000
0026 120 125 172 170 000 000 000 000
0027 105 164 160 212 000 000 000 000
0028 099 185 154 235 000 000 000 000
0029 107 223 145 239 000 000 000 000
