0000 120 212 167 239 000 000 000 000
0001 121 213 167 239 000 000 000 000
0002 120 212 166 239 000 000 000 000
0003 120 212 166 239 000 000 000 000
0004 121 212 167 239 000 000 000 000
0005 120 211 166 239 000 000 000 000
0006 119 209 168 239 000 000 000 000
0007 118 205 166 236 000 000 000 000
0008 117 188 171 223 000 000 000 000
0009 124 161 174 196 000 000 000 000
0010 128 118 182 158 000 000 000 000
0011 132 097 186 139 000 000 000 000
0012 131 083 184 124 000 000 000 000
0013 137 076 188 118 000 000 000 000
0014 135 071 183 112 000 000 000 000
0015 135 063 188 109 000 000 000 000
0016 137 066 187 112 000 000 000 000
0017 138 065 188 112 000 000 000 000
0018 137 066 189 112 000 000 000 000
0019 139 066 189 112 000 000 000 000
0020 136 065 188 112 000 000 000 000
0021 136 065 188 112 000 000 000 000
0022 135 062 191 110 000 000 000 000
0023 135 063 188 109 000 000 000 000
0024 140 065 187 113 000 000 000 000
0025 143 066 188 113 000 000 000 000
0026 136 064 186 108 000 000 000 000
0027 139 067 187 113 000 000 000 000
0028 139 066 188 113 000 000 000 000
0029 139 065 188 114 000 000 000 000
0030 139 066 188 113 000 000 000 000
0031 138 067 188 114 000 000 000 000
0032 138 070 188 116 000 000 000 000
0033 140 088 189 134 000 000 000 000
0034 125 158 181 197 000 000 000 000
0035 120 203 168 239 000 000 000 000
