0000 135 213 169 237 067 200 096 234
0001 066 201 098 235 133 211 171 239
0002 064 203 097 235 134 212 170 239
0003 064 204 097 237 134 211 170 239
0004 064 205 096 237 136 214 170 239
0005 138 212 171 237 064 207 095 237
0006 138 212 171 237 065 210 095 238
0007 137 212 171 237 069 209 095 236
0008 134 211 171 239 066 209 094 237
0009 139 201 173 230 067 210 093 237
0010 140 181 178 214 066 209 095 237
0011 066 209 096 238 144 158 182 189
0012 144 129 186 167 066 210 093 237
0013 159 109 191 146 066 210 094 237
0014 170 093 200 132 067 209 093 237
0015 169 087 205 127 066 208 094 237
0016 173 081 202 119 066 207 093 236
0017 167 072 209 108 063 208 096 235
0018 174 065 208 100 063 208 096 235
0019 066 207 094 237 180 060 207 093
0020 171 055 207 089 065 209 092 236
0021 168 049 205 083 065 209 092 235
0022 174 050 207 082 065 209 092 235
0023 169 047 205 081 067 209 093 238
0024 172 043 205 074 000 000 000 000
0025 171 042 206 075 064 209 088 236
0026 171 041 206 074 065 207 089 232
0027 172 040 206 072 065 208 090 233
0028 172 039 204 071 064 209 091 234
0029 170 042 205 074 065 208 090 233
0030 172 042 205 075 065 208 090 233
0031 172 042 205 074 065 210 090 234
0032 172 042 205 075 064 209 090 234
0033 171 041 205 074 064 209 091 234
0034 170 039 206 073 065 207 091 233
0035 169 039 205 074 065 208 091 233
0036 170 040 206 075 066 211 093 237
0037 174 041 206 075 066 212 093 237
0038 173 051 204 084 067 211 094 237
0039 174 062 200 096 067 210 093 236
0040 168 079 194 116 067 210 093 237
0041 156 106 184 142 067 210 094 237
0042 067 209 094 236 143 137 171 171
0043 133 171 170 204 067 209 094 235
0044 135 190 172 223 067 209 094 236
0045 129 206 167 237 067 208 094 236
0046 130 211 166 239 066 208 095 237
0047 130 211 166 239 067 208 095 237
0048 130 211 168 237 066 209 096 239
0049 130 211 168 237 066 209 096 239
0050 130 211 168 237 066 210 096 239
0051 130 211 168 237 067 210 096 239
0052 132 213 167 239 067 211 096 239
0053 132 213 167 239 067 210 095 239
0054 132 213 167 239 067 211 095 239
0055 131 213 167 239 066 209 096 239
