0000 093 215 118 239 203 222 229 239
0001 089 214 114 239 203 221 229 238
0002 088 214 115 239 204 222 228 239
0003 088 210 119 239 203 221 229 239
0004 092 209 115 239 203 223 228 239
0005 088 212 115 239 204 222 229 239
0006 085 211 113 239 206 221 231 239
0007 075 201 108 235 206 222 234 239
0008 069 196 103 235 208 223 235 239
0009 056 194 094 226 207 222 237 237
0010 051 180 092 207 210 223 239 238
0011 038 172 085 201 213 218 237 235
0012 022 158 074 186 215 221 244 239
0013 009 142 065 172 218 221 243 238
0014 004 126 060 153 224 221 248 238
0015 030 079 072 120 222 222 250 239
0016 068 067 099 122 223 223 250 239
0017 090 074 134 112 224 221 250 238
0018 097 077 141 110 222 222 249 239
0019 090 074 138 112 222 222 250 239
0020 077 065 117 112 224 222 250 239
0021 054 065 080 115 226 222 248 239
0022 022 080 074 124 226 221 253 239
0023 015 086 075 125 228 223 254 239
0024 026 081 083 123 228 221 250 239
0025 072 068 109 117 227 221 249 239
0026 096 080 142 124 226 223 249 239
0027 104 087 138 125 226 223 253 239
0028 099 086 141 135 226 223 253 239
0029 088 081 122 136 229 223 250 239
0030 070 097 110 136 226 224 251 239
0031 054 112 110 140 226 224 250 239
0032 055 113 107 137 225 223 250 239
0033 080 080 114 124 224 223 248 239
0034 097 085 135 133 225 223 253 239
0035 100 091 141 133 222 221 254 239
0036 100 089 140 139 223 222 250 239
0037 088 101 127 152 222 223 249 239
0038 085 144 130 179 221 221 249 239
0039 100 181 131 216 224 221 248 238
0040 111 194 138 229 219 219 244 236
0041 118 213 141 239 219 221 247 237
