0000 091 201 115 239 171 212 196 239
0001 171 213 195 239 088 201 117 235
0002 089 202 117 236 171 213 196 239
0003 089 202 118 236 172 214 196 239
0004 088 205 112 239 171 213 196 239
0005 087 204 112 239 171 213 196 239
0006 171 213 196 239 088 204 112 239
0007 171 213 196 239 088 200 112 239
0008 090 202 113 239 174 212 197 239
0009 089 204 113 239 170 213 194 239
0010 169 212 194 239 084 205 109 239
0011 085 207 107 239 169 212 194 239
0012 086 207 108 239 169 208 193 239
0013 156 200 195 235 086 207 108 239
0014 087 208 109 239 163 179 190 209
0015 152 155 191 182 085 205 109 239
0016 149 123 191 166 086 201 110 239
0017 145 102 182 152 086 201 110 238
0018 142 090 165 124 087 203 108 237
0019 086 204 109 239 139 090 162 120
0020 085 206 107 239 137 093 160 120
0021 085 206 107 239 139 092 161 120
0022 085 206 107 239 137 094 157 120
0023 086 206 109 239 139 094 162 122
0024 086 206 109 239 140 095 162 122
0025 086 206 109 239 140 095 162 122
0026 086 206 109 239 139 094 161 121
0027 085 206 108 239 141 097 162 123
0028 085 205 108 239 135 100 162 130
0029 086 206 108 239 137 109 172 138
0030 138 142 199 170 086 205 108 239
0031 085 206 108 239 150 167 184 197
0032 084 206 106 238 166 187 195 230
0033 084 208 106 239 176 204 201 238
0034 085 208 109 239 176 207 201 237
0035 086 208 108 239 171 210 192 239
0036 086 207 110 239 171 208 191 239
0037 172 208 192 239 085 203 109 235
0038 171 208 197 237 086 206 112 239
0039 172 208 193 239 088 204 113 239
0040 171 208 196 237 088 207 112 239
0041 173 209 195 237 087 205 112 239
