0012 175 218 202 239 000 000 000 000
0013 160 182 187 218 000 000 000 000
0014 156 129 181 169 000 000 000 000
0015 152 101 179 137 000 000 000 000
0016 165 092 190 126 000 000 000 000
0017 170 099 192 128 000 000 000 000
0018 175 107 195 130 000 000 000 000
0019 175 107 198 132 000 000 000 000
0020 173 109 196 135 000 000 000 000
0021 173 109 195 135 000 000 000 000
0022 173 111 197 136 000 000 000 000
0023 174 110 196 134 000 000 000 000
0024 170 113 193 145 000 000 000 000
0025 154 143 195 188 000 000 000 000
0026 173 202 203 239 000 000 000 000
0027 186 221 206 239 000 000 000 000
