0000 185 210 206 239 121 142 143 165
0001 118 145 142 168 185 210 206 239
0002 119 144 142 168 188 207 207 234
0003 185 211 206 239 121 145 146 167
0004 188 206 209 235 119 141 145 167
0005 182 201 205 237 118 144 142 169
0006 176 187 201 223 118 143 141 168
0007 170 182 198 221 117 145 141 168
0008 176 186 200 221 116 145 143 166
0009 117 145 142 169 171 157 197 191
0010 118 146 143 169 162 098 190 137
0011 119 146 143 169 156 085 183 118
0012 118 146 142 170 157 089 184 121
0013 158 096 183 129 118 147 142 170
0014 118 144 141 167 156 107 186 142
0015 154 141 193 173 118 147 140 169
0016 173 179 199 225 119 145 143 167
0017 186 206 211 239 120 148 144 169
0018 119 146 145 167 188 210 210 239
0019 120 144 145 167 185 214 208 239
0020 120 144 145 166 184 213 206 239
