0000 112 180 131 213 183 176 201 211
0001 112 180 131 213 184 176 203 212
0002 185 176 204 210 112 179 131 214
0003 112 180 131 214 187 176 205 211
0004 112 180 131 214 189 179 207 210
0005 112 180 131 214 192 179 212 211
0006 112 180 132 214 200 169 222 197
0007 112 180 132 214 201 157 225 183
0008 113 180 132 214 206 132 229 155
0009 198 099 222 127 113 181 131 214
0010 186 080 209 111 112 181 131 213
0011 174 075 202 107 112 181 132 214
0012 169 079 194 104 112 180 132 215
0013 169 079 198 106 112 180 132 215
0014 177 078 203 110 112 180 132 215
0015 183 088 210 114 113 180 133 215
0016 193 105 216 133 112 179 132 215
0017 112 180 132 215 199 139 224 163
0018 201 155 225 184 112 180 132 216
0019 201 160 224 190 112 180 132 216
0020 112 179 132 216 202 156 229 190
0021 111 180 129 213 208 140 234 165
0022 111 180 129 212 203 111 228 132
0023 195 083 222 113 111 180 129 212
0024 112 180 131 215 188 069 208 103
0025 173 069 197 100 112 181 131 216
0026 170 076 192 100 112 180 131 216
0027 167 077 196 103 112 180 131 216
0028 164 076 197 105 112 181 131 215
0029 168 081 196 105 113 180 132 215
0030 166 079 193 106 113 180 132 216
0031 170 080 198 109 112 181 130 210
0032 173 085 204 117 112 180 132 216
0033 179 092 205 128 112 180 132 216
0034 191 118 213 146 112 179 132 216
0035 112 179 132 216 192 144 217 172
0036 193 157 221 189 113 181 131 217
0037 112 181 131 215 190 169 210 200
0038 112 180 131 215 189 173 204 209
0039 113 179 131 212 183 176 203 212
0040 111 180 128 214 183 179 201 209
0041 111 181 131 215 182 175 200 212
0042 112 181 131 216 183 173 201 212
0043 112 180 130 215 182 173 200 209
