0000 083 213 101 236 143 223 166 239
0001 081 217 098 239 144 221 164 238
0002 080 214 098 236 143 223 164 239
0003 080 215 099 239 141 222 165 238
0004 081 217 099 237 139 220 163 237
0005 139 222 163 239 082 221 100 238
0006 086 218 102 239 140 220 160 238
0007 138 212 160 236 084 217 100 237
0008 138 206 163 238 083 216 100 237
0009 145 187 167 211 083 216 100 237
0010 152 156 176 186 083 220 101 239
0011 156 128 182 164 083 215 101 237
0012 157 084 182 120 083 215 100 236
0013 156 056 180 091 084 214 101 239
0014 153 054 177 078 086 214 103 236
0015 149 058 172 080 087 214 104 237
0016 149 064 170 085 084 215 102 238
0017 149 069 170 092 086 216 103 239
0018 149 078 169 101 084 217 102 239
0019 149 077 170 101 084 216 101 238
0020 147 076 169 100 081 219 098 236
0021 147 077 168 101 081 221 098 237
0022 147 077 168 100 081 220 098 237
0023 148 078 169 102 080 215 104 235
0024 145 075 167 101 082 217 100 235
0025 150 071 173 099 083 217 100 235
0026 155 080 180 119 085 216 101 237
0027 159 116 184 146 085 219 101 239
0028 163 189 187 228 081 220 105 239
0029 083 218 100 236 156 220 176 239
0030 083 215 100 237 147 222 173 239
0031 080 219 097 239 143 221 162 239
0032 080 215 098 237 139 221 164 239
0033 080 215 098 239 138 222 163 239
0034 082 214 099 235 138 221 159 238
0035 082 214 100 238 139 221 162 239
0036 082 215 099 236 136 218 161 236
0037 083 217 100 239 137 223 162 239
0038 085 214 103 239 137 221 163 239
0039 085 214 102 236 139 221 158 238
0040 085 215 102 236 137 220 163 239
