0000 092 214 109 237 161 214 181 237
0001 158 213 188 239 093 214 109 238
0002 088 218 105 239 162 215 186 238
0003 159 214 182 239 085 213 109 239
0004 156 214 178 239 093 220 110 239
0005 155 214 177 239 096 215 113 238
0006 153 212 181 239 095 213 116 237
0007 158 217 180 238 094 212 116 237
0008 158 215 180 238 095 217 112 239
0009 154 212 179 239 094 217 111 239
0010 150 213 177 239 095 215 112 236
0011 150 202 171 229 095 211 112 235
0012 148 195 171 220 095 210 112 235
0013 151 169 176 196 089 209 116 239
0014 154 126 180 164 094 214 111 236
0015 157 086 180 123 090 212 110 237
0016 156 070 181 105 092 213 110 236
0017 156 061 181 096 096 213 112 238
0018 156 061 179 091 093 211 112 235
0019 156 066 179 093 093 212 111 237
0020 155 069 177 094 095 215 112 238
0021 155 071 177 096 095 214 112 238
0022 156 071 178 095 096 215 112 238
0023 157 068 179 093 092 212 110 237
0024 156 066 177 091 096 215 112 239
0025 157 066 182 094 094 215 111 237
0026 165 094 188 128 093 217 110 238
0027 170 165 188 196 093 216 110 239
0028 153 206 178 239 093 217 111 239
0029 148 222 171 239 093 215 110 239
0030 144 218 170 239 093 214 112 239
0031 145 220 171 239 093 215 109 237
