0002 205 223 228 239 000 000 000 000
0003 198 184 227 216 000 000 000 000
0004 199 118 225 155 000 000 000 000
0005 198 104 225 139 000 000 000 000
0006 198 099 224 127 000 000 000 000
0007 197 106 221 128 000 000 000 000
0008 197 106 222 130 000 000 000 000
0009 197 106 221 130 000 000 000 000
0010 197 106 221 130 000 000 000 000
0011 198 105 225 130 000 000 000 000
0012 197 108 219 131 000 000 000 000
0013 196 108 220 139 000 000 000 000
0014 191 116 218 150 000 000 000 000
0015 194 167 222 200 000 000 000 000
0016 208 224 234 239 000 000 000 000
