0000 111 180 134 209 206 218 231 239
0001 112 179 137 209 202 219 228 238
0002 113 179 137 209 202 220 225 238
0003 114 178 138 209 205 222 226 239
0004 114 177 138 208 205 209 229 238
0005 214 200 236 231 114 175 139 207
0006 113 176 139 205 203 168 238 197
0007 212 144 239 175 112 174 139 203
0008 205 118 236 160 112 172 139 204
0009 202 097 230 136 111 170 136 199
0010 200 080 229 125 112 171 138 201
0011 112 171 137 201 191 077 217 119
0012 112 170 138 199 189 073 215 113
0013 184 074 210 109 112 170 138 200
0014 112 170 138 200 183 076 208 113
0015 112 170 138 201 180 081 205 112
0016 114 174 138 198 180 084 203 115
0017 112 170 138 200 182 085 203 115
0018 111 172 138 200 182 084 203 114
0019 113 173 139 202 184 083 207 110
0020 113 173 139 201 183 081 207 110
0021 112 170 139 201 184 082 210 114
0022 112 170 138 199 186 084 214 124
0023 189 097 219 151 112 172 139 200
0024 198 142 231 184 114 170 138 196
0025 206 195 236 235 112 170 139 198
0026 112 171 139 198 208 215 232 236
0027 114 169 140 198 201 219 225 238
0028 114 172 139 198 199 214 223 239
0029 114 170 139 198 195 214 221 238
0030 116 172 142 198 195 213 221 239
0031 116 170 142 196 205 216 227 239
