0006 173 206 201 239 000 000 000 000
0007 173 158 199 194 000 000 000 000
0008 167 109 193 145 000 000 000 000
0009 160 084 191 117 000 000 000 000
0010 159 080 188 111 000 000 000 000
0011 159 091 189 123 000 000 000 000
0012 161 127 192 164 000 000 000 000
0013 162 155 193 195 000 000 000 000
0014 161 166 192 208 000 000 000 000
0015 167 162 197 201 000 000 000 000
0016 167 153 196 188 000 000 000 000
0017 168 151 196 183 000 000 000 000
0018 168 157 196 192 000 000 000 000
0019 163 180 195 212 000 000 000 000
0020 155 215 188 239 000 000 000 000
