0011 147 209 190 237 000 000 000 000
0012 148 200 194 239 000 000 000 000
0013 149 191 199 239 000 000 000 000
0014 149 186 208 238 000 000 000 000
0015 146 176 205 235 000 000 000 000
0016 142 158 207 236 000 000 000 000
0017 123 155 189 219 000 000 000 000
0018 112 143 180 203 000 000 000 000
0019 106 139 174 196 000 000 000 000
0020 106 139 175 196 000 000 000 000
0021 118 142 170 196 000 000 000 000
0022 113 143 169 202 000 000 000 000
0023 114 144 169 204 000 000 000 000
0024 118 145 167 203 098 151 129 183
0025 119 147 168 214 000 000 000 000
0026 105 152 170 221 000 000 000 000
0027 110 151 165 220 000 000 000 000
0028 112 151 168 224 000 000 000 000
0029 117 156 169 224 000 000 000 000
0030 111 155 168 228 000 000 000 000
0031 111 154 165 221 000 000 000 000
0032 114 150 164 223 000 000 000 000
0033 113 151 165 223 000 000 000 000
0034 115 151 164 225 000 000 000 000
0035 111 146 165 230 000 000 000 000
0036 113 148 160 227 000 000 000 000
0037 108 147 161 231 000 000 000 000
0038 108 152 158 228 000 000 000 000
0039 104 156 155 232 000 000 000 000
0040 105 148 159 232 000 000 000 000
0041 105 156 156 233 000 000 000 000
0042 108 157 156 232 000 000 000 000
0043 105 162 158 236 000 000 000 000
0044 109 162 162 236 000 000 000 000
0045 114 166 165 237 000 000 000 000
0046 121 171 176 236 000 000 000 000
0047 152 188 202 239 000 000 000 000
0048 173 208 212 238 000 000 000 000
