0005 161 214 205 239 000 000 000 000
0006 154 204 193 238 000 000 000 000
0007 151 183 201 237 000 000 000 000
0008 152 146 205 200 000 000 000 000
0009 153 139 205 190 000 000 000 000
0010 147 120 204 171 000 000 000 000
0011 146 107 198 165 000 000 000 000
0012 135 095 194 158 000 000 000 000
0013 140 093 191 156 000 000 000 000
0014 140 092 187 171 000 000 000 000
0015 137 096 181 178 000 000 000 000
0016 139 112 182 195 000 000 000 000
0017 140 126 179 219 000 000 000 000
0018 143 124 182 222 000 000 000 000
0019 145 132 183 224 000 000 000 000
0020 146 133 187 222 000 000 000 000
0021 148 135 185 229 000 000 000 000
0022 152 133 188 220 000 000 000 000
0023 149 130 184 221 000 000 000 000
0024 149 125 185 221 000 000 000 000
0025 148 130 187 212 000 000 000 000
0026 147 125 182 217 000 000 000 000
0027 148 127 184 220 000 000 000 000
0028 148 129 184 218 000 000 000 000
0029 148 129 184 216 000 000 000 000
0030 147 126 185 214 000 000 000 000
0031 146 126 184 211 000 000 000 000
0032 147 125 185 212 000 000 000 000
0033 147 124 185 212 000 000 000 000
0034 146 119 181 213 000 000 000 000
0035 145 117 181 215 000 000 000 000
0036 145 125 182 216 000 000 000 000
0037 148 122 182 209 000 000 000 000
0038 144 124 187 207 000 000 000 000
0039 147 153 193 216 177 120 237 166
0040 147 186 195 236 184 135 231 184
