0008 138 209 184 238 000 000 000 000
0009 125 167 188 230 000 000 000 000
0010 124 137 185 201 000 000 000 000
0011 120 112 179 174 166 096 217 142
0012 122 091 167 164 000 000 000 000
0013 120 095 162 162 000 000 000 000
0014 115 094 164 163 000 000 000 000
0015 122 095 162 160 000 000 000 000
0016 120 092 163 161 000 000 000 000
0017 122 095 162 161 000 000 000 000
0018 122 093 163 162 000 000 000 000
0019 122 095 158 164 000 000 000 000
0020 125 094 163 163 000 000 000 000
0021 122 094 164 163 141 072 201 115
0022 123 098 163 165 000 000 000 000
0023 126 097 163 168 000 000 000 000
0024 123 101 164 167 000 000 000 000
0025 123 102 164 169 000 000 000 000
0026 122 104 162 173 000 000 000 000
0027 122 102 160 175 000 000 000 000
0028 121 102 159 176 000 000 000 000
0029 123 101 165 169 000 000 000 000
0030 125 103 162 171 000 000 000 000
0031 122 103 158 171 000 000 000 000
0032 126 098 162 169 000 000 000 000
0033 123 101 163 173 000 000 000 000
0034 122 102 163 173 000 000 000 000
0035 123 102 162 173 000 000 000 000
0036 121 104 163 172 000 000 000 000
0037 120 114 165 184 000 000 000 000
0038 127 128 175 201 000 000 000 000
0039 131 161 182 234 000 000 000 000
0040 143 202 186 237 000 000 000 000
0041 156 220 191 239 000 000 000 000
