0005 158 219 193 239 000 000 000 000
0006 132 209 189 239 000 000 000 000
0007 139 190 185 234 000 000 000 000
0008 142 169 185 218 000 000 000 000
0009 137 149 180 206 000 000 000 000
0010 142 135 181 205 000 000 000 000
0011 146 117 185 195 000 000 000 000
0012 141 109 181 186 000 000 000 000
0013 140 102 176 192 000 000 000 000
0014 132 106 174 192 000 000 000 000
0015 131 110 173 200 000 000 000 000
0016 133 116 176 199 000 000 000 000
0017 133 122 175 204 000 000 000 000
0018 133 128 171 209 000 000 000 000
0019 134 127 171 211 000 000 000 000
0020 136 121 172 207 000 000 000 000
0021 136 128 173 206 000 000 000 000
0022 136 125 172 206 000 000 000 000
0023 137 124 175 209 000 000 000 000
0024 140 123 176 207 000 000 000 000
0025 137 125 172 207 000 000 000 000
0026 136 127 172 205 000 000 000 000
0027 135 125 172 204 000 000 000 000
0028 135 123 173 208 000 000 000 000
0029 135 124 173 210 000 000 000 000
0030 135 125 172 208 000 000 000 000
0031 136 126 175 208 000 000 000 000
0032 132 126 169 206 000 000 000 000
0033 136 144 178 220 000 000 000 000
0034 139 189 186 239 000 000 000 000
0035 151 216 193 238 000 000 000 000
