0007 121 223 163 239 000 000 000 000
0008 104 217 156 239 000 000 000 000
0009 086 204 151 235 000 000 000 000
0010 080 186 144 230 000 000 000 000
0011 067 161 136 207 000 000 000 000
0012 058 147 132 192 000 000 000 000
0013 052 132 129 177 000 000 000 000
0014 053 126 120 169 000 000 000 000
0015 053 119 124 162 000 000 000 000
0016 055 118 121 160 000 000 000 000
0017 055 115 119 158 000 000 000 000
0018 056 113 120 156 000 000 000 000
0019 057 112 122 156 000 000 000 000
0020 057 113 121 158 000 000 000 000
0021 058 113 123 156 000 000 000 000
0022 060 111 125 157 000 000 000 000
0023 061 111 126 157 000 000 000 000
0024 061 110 126 156 000 000 000 000
0025 060 110 128 154 000 000 000 000
0026 059 109 126 154 000 000 000 000
0027 059 109 125 154 000 000 000 000
0028 059 109 126 153 000 000 000 000
0029 060 109 125 152 000 000 000 000
0030 060 109 127 152 000 000 000 000
0031 060 109 125 152 000 000 000 000
0032 061 108 126 153 000 000 000 000
0033 060 110 128 153 000 000 000 000
0034 063 110 130 153 000 000 000 000
0035 057 110 129 153 000 000 000 000
0036 057 107 126 148 000 000 000 000
0037 056 110 130 149 000 000 000 000
0038 058 109 129 153 000 000 000 000
0039 063 110 130 153 000 000 000 000
0040 058 108 126 151 000 000 000 000
0041 057 108 127 150 000 000 000 000
0042 059 107 126 149 000 000 000 000
0043 059 106 128 150 000 000 000 000
0044 059 105 130 149 000 000 000 000
0045 058 105 130 150 000 000 000 000
0046 058 106 129 150 000 000 000 000
0047 062 106 131 148 000 000 000 000
0048 062 106 131 149 000 000 000 000
0049 057 107 131 148 000 000 000 000
0050 062 107 131 149 000 000 000 000
0051 058 107 130 151 000 000 000 000
0052 061 108 130 153 000 000 000 000
0053 059 114 133 163 000 000 000 000
0054 065 132 135 181 000 000 000 000
0055 069 150 136 194 000 000 000 000
0056 080 180 143 226 000 000 000 000
0057 091 206 142 239 000 000 000 000
0058 105 222 152 239 000 000 000 000
