0000 158 195 202 235 000 000 000 000
0001 158 192 201 235 000 000 000 000
0003 098 223 139 239 000 000 000 000
0004 149 158 219 203 000 000 000 000
0005 181 120 260 177 000 000 000 000
0006 199 106 279 150 000 000 000 000
0007 207 102 279 149 000 000 000 000
0008 212 101 276 152 000 000 000 000
0009 213 099 277 152 000 000 000 000
0010 209 096 278 148 000 000 000 000
0011 213 098 280 151 000 000 000 000
0012 206 096 280 150 000 000 000 000
0013 213 098 280 152 000 000 000 000
0014 207 095 282 149 000 000 000 000
0015 213 100 276 150 000 000 000 000
0016 212 096 276 149 000 000 000 000
0017 205 096 275 147 000 000 000 000
0018 180 104 250 157 000 000 000 000
0019 153 132 217 186 000 000 000 000
0020 120 184 166 231 164 189 200 237
0021 161 194 202 238 000 000 000 000
