0000 157 225 179 239 000 000 000 000
0004 173 214 202 239 000 000 000 000
0005 177 195 214 239 000 000 000 000
0006 190 172 224 227 000 000 000 000
0007 197 157 231 213 000 000 000 000
0008 201 147 242 201 000 000 000 000
0009 201 137 237 195 000 000 000 000
0010 201 133 238 190 000 000 000 000
0011 206 128 245 179 000 000 000 000
0012 202 130 236 179 000 000 000 000
0013 192 122 229 179 000 000 000 000
0014 191 118 228 166 000 000 000 000
0015 199 118 239 171 000 000 000 000
0016 197 119 236 173 000 000 000 000
0017 194 120 226 173 000 000 000 000
0018 195 121 234 168 000 000 000 000
0019 199 123 235 174 000 000 000 000
0020 193 124 224 177 000 000 000 000
0021 189 124 228 170 000 000 000 000
0022 196 126 234 176 000 000 000 000
0023 195 131 228 186 000 000 000 000
0024 194 141 225 196 000 000 000 000
0025 194 158 227 212 000 000 000 000
0026 185 194 210 232 000 000 000 000
0027 177 198 198 228 000 000 000 000
0032 055 224 073 239 000 000 000 000
0033 057 222 074 239 000 000 000 000
