0002 146 188 231 235 000 000 000 000
0003 112 120 209 181 000 000 000 000
0004 125 073 204 119 120 103 179 145
0005 170 042 231 137 135 076 178 136
0006 180 157 219 216 159 049 202 113
0007 229 061 305 135 134 081 197 178
0008 129 053 208 105 229 050 302 131
0009 230 050 293 126 177 051 240 145
0010 240 057 312 116 163 120 224 188
0011 244 060 309 131 138 083 204 178
0012 245 058 316 137 140 065 227 136
0013 176 076 249 204 205 158 252 209
0014 197 125 261 230 214 123 256 172
0015 219 171 267 217 251 222 294 238
0016 232 154 279 202 227 220 270 238
0018 201 109 255 163 000 000 000 000
0021 202 111 251 165 000 000 000 000
0022 202 114 251 170 000 000 000 000
