0004 228 204 266 239 000 000 000 000
0005 236 148 276 194 000 000 000 000
0006 232 111 266 160 195 107 237 163
0007 195 095 257 142 000 000 000 000
0008 181 088 241 140 000 000 000 000
0009 201 090 239 169 000 000 000 000
0010 191 094 237 157 000 000 000 000
0011 176 091 234 155 000 000 000 000
0012 182 091 230 162 000 000 000 000
0013 188 090 237 151 000 000 000 000
0014 177 091 235 159 000 000 000 000
0015 195 090 237 167 000 000 000 000
0016 191 091 240 152 000 000 000 000
0017 183 091 234 162 000 000 000 000
0018 197 091 237 168 000 000 000 000
0019 183 095 233 159 000 000 000 000
0020 182 095 233 164 000 000 000 000
0021 187 097 238 161 000 000 000 000
0022 184 094 230 165 000 000 000 000
0023 195 094 234 173 000 000 000 000
0024 181 092 233 162 000 000 000 000
0025 187 096 231 173 000 000 000 000
0026 188 095 229 166 000 000 000 000
0027 182 099 230 169 000 000 000 000
0028 189 096 233 175 000 000 000 000
0029 183 099 232 164 000 000 000 000
0030 186 101 231 175 000 000 000 000
0031 184 111 224 171 000 000 000 000
0032 174 129 222 178 210 108 266 156
0033 172 151 221 205 000 000 000 000
0034 170 182 224 237 000 000 000 000
0035 173 203 224 239 000 000 000 000
0036 186 223 222 239 000 000 000 000
