0000 018 220 062 238 000 000 000 000
0001 017 220 062 238 000 000 000 000
0002 017 219 061 237 130 223 166 239
0003 130 216 165 237 017 220 062 238
0004 134 208 173 238 018 220 061 237
0005 138 198 179 238 017 220 062 238
0006 138 185 176 239 018 221 062 238
0007 129 166 177 228 017 220 062 238
0008 109 155 170 209 018 221 062 238
0009 096 147 166 198 020 223 058 239
0010 122 144 175 201 021 223 058 239
0011 139 145 188 213 022 221 065 239
0012 140 142 191 203 015 220 064 239
0013 128 143 179 196 016 220 064 239
0014 102 142 173 193 015 221 063 239
0015 118 142 171 199 018 220 062 238
0016 127 141 176 201 014 220 064 238
0017 135 142 184 202 015 217 062 236
0018 131 143 177 197 021 221 065 239
0019 101 142 168 189 015 221 063 239
0020 109 140 166 193 021 222 062 239
0021 123 137 171 202 021 222 062 239
0022 136 141 180 205 016 218 062 237
0023 115 138 172 196 021 223 062 239
0024 094 142 164 191 014 218 063 237
0025 113 143 162 201 015 218 064 238
0026 120 148 169 213 015 219 064 239
0027 121 155 171 219 014 220 064 239
0028 109 170 164 232 015 220 064 238
0029 116 182 159 239 015 220 064 238
0030 112 204 158 236 015 221 065 239
0031 125 216 163 239 014 221 065 239
0032 015 221 065 239 132 224 164 239
0033 013 221 064 239 000 000 000 000
0034 017 220 062 238 000 000 000 000
0035 017 219 062 238 000 000 000 000
