0001 171 225 196 239 000 000 000 000
0002 156 219 183 239 000 000 000 000
0003 136 193 166 234 000 000 000 000
0004 128 166 165 202 000 000 000 000
0005 133 156 173 190 000 000 000 000
0006 156 153 184 200 000 000 000 000
0007 163 162 193 216 000 000 000 000
0008 156 166 183 213 000 000 000 000
0009 142 162 174 204 000 000 000 000
0010 147 152 177 199 000 000 000 000
0011 156 149 186 201 000 000 000 000
0012 166 152 195 206 000 000 000 000
0013 163 160 193 209 000 000 000 000
0014 157 163 186 209 000 000 000 000
0015 141 156 174 202 000 000 000 000
0016 141 156 175 200 000 000 000 000
0017 156 153 183 204 000 000 000 000
0018 157 153 186 203 000 000 000 000
0019 145 158 174 201 000 000 000 000
0020 139 156 178 199 000 000 000 000
0021 144 161 177 203 000 000 000 000
0022 155 159 183 214 000 000 000 000
0023 160 168 190 222 000 000 000 000
0024 157 187 194 228 000 000 000 000
0025 168 200 195 239 000 000 000 000
0026 172 214 202 239 000 000 000 000
0027 182 224 204 239 000 000 000 000
