0001 180 223 222 239 000 000 000 000
0002 178 204 222 236 000 000 000 000
0003 176 182 221 215 000 000 000 000
0004 166 162 210 191 000 000 000 000
0005 161 155 203 191 000 000 000 000
0006 172 156 202 193 000 000 000 000
0007 176 151 205 191 000 000 000 000
0008 171 146 206 187 000 000 000 000
0009 170 150 206 192 000 000 000 000
0010 170 147 206 191 000 000 000 000
0011 170 150 206 189 000 000 000 000
0012 170 151 209 183 000 000 000 000
0013 168 158 206 187 000 000 000 000
0014 168 168 210 196 000 000 000 000
0015 162 200 205 228 000 000 000 000
0016 160 217 201 239 000 000 000 000
