0000 032 208 064 237 119 212 151 236
0001 033 208 063 237 119 212 149 235
0002 033 207 064 238 120 213 151 236
0003 033 207 063 238 118 212 150 239
0004 033 208 064 237 117 212 151 239
0005 033 208 064 237 120 212 151 236
0006 117 207 150 238 033 208 063 237
0007 113 187 149 230 033 208 064 237
0008 102 161 149 200 033 209 064 238
0009 103 144 153 183 033 208 064 237
0010 105 129 150 173 033 209 064 237
0011 107 120 153 167 033 208 064 237
0012 111 112 153 167 033 208 064 237
0013 114 102 152 160 033 208 064 237
0014 114 099 150 156 033 207 064 238
0015 111 099 143 159 033 207 063 238
0016 109 103 144 164 033 207 064 237
0017 111 100 147 158 032 207 064 237
0018 113 101 145 160 033 207 064 238
0019 111 101 146 165 033 208 064 237
0020 105 105 141 164 033 207 063 238
0021 100 109 131 161 033 207 063 237
0022 093 111 132 164 033 207 063 237
0023 098 108 137 158 034 208 063 237
0024 107 106 149 160 033 208 063 237
0025 117 108 147 164 032 208 062 238
0026 116 109 148 172 033 208 063 238
0027 116 110 146 172 032 208 063 238
0028 107 107 143 166 033 208 063 238
0029 101 111 143 165 032 208 063 238
0030 102 106 139 164 034 208 065 237
0031 105 108 145 168 034 209 064 237
0032 118 106 148 164 034 207 065 236
0033 119 110 149 172 034 207 064 236
0034 114 113 148 174 033 207 065 237
0035 110 112 143 173 033 207 065 237
0036 095 114 140 165 033 206 065 236
0037 099 107 137 161 034 208 064 236
0038 100 110 139 166 033 208 064 236
0039 112 113 143 171 033 208 064 236
0040 115 112 147 172 033 208 064 236
0041 116 112 149 172 033 208 064 236
0042 111 122 152 182 033 207 064 236
0043 113 126 153 183 033 207 064 236
0044 115 139 158 195 034 208 064 236
0045 118 153 158 202 034 208 064 236
0046 117 170 157 213 033 207 064 236
0047 118 182 156 227 033 207 064 236
0048 118 196 159 235 033 207 064 236
0049 117 201 157 236 034 208 064 238
0050 116 203 153 239 034 208 064 237
0051 119 207 158 237 033 207 064 238
