0000 151 224 175 239 087 224 106 239
0001 151 223 175 239 087 224 107 239
0002 151 223 175 239 086 224 106 239
0003 151 223 175 239 087 223 107 239
0004 151 223 175 239 086 224 106 239
0005 151 223 175 239 086 223 107 239
0006 151 223 175 239 086 224 103 239
0007 152 223 175 239 085 224 107 239
0008 148 215 171 239 085 224 106 239
0009 135 188 164 230 086 224 105 239
0010 120 163 158 201 085 224 106 239
0011 114 153 148 181 085 224 106 239
0012 115 139 147 172 085 224 105 239
0013 119 134 155 173 086 223 106 239
0014 135 140 164 187 086 224 107 239
0015 143 149 170 199 086 224 107 239
0016 143 161 170 207 085 224 107 239
0017 133 162 157 206 086 224 107 239
0018 120 161 148 203 000 000 000 000
0019 124 154 154 203 083 221 107 239
0020 141 159 167 213 086 224 107 239
0021 151 166 176 220 088 222 109 238
0022 148 172 172 224 084 224 103 239
0023 142 178 166 225 087 223 106 239
0024 130 172 156 218 086 225 105 239
0025 117 173 154 216 084 224 104 239
0026 120 168 157 217 086 224 106 239
0027 144 173 171 225 085 224 106 239
0028 142 175 170 220 086 224 106 239
0029 138 175 166 224 086 225 105 239
0030 131 171 157 217 087 225 105 239
0031 114 167 153 208 085 224 105 239
0032 118 169 156 210 085 224 106 239
0033 134 172 163 218 000 000 000 000
0034 143 188 171 235 000 000 000 000
0035 144 197 172 239 085 224 106 239
0036 145 216 173 239 086 224 105 239
0037 154 221 180 237 000 000 000 000
