0019 185 221 218 238 000 000 000 000
0020 185 195 223 231 000 000 000 000
0021 168 169 212 199 000 000 000 000
0022 160 154 202 183 000 000 000 000
0023 166 153 199 190 000 000 000 000
0024 172 150 206 197 000 000 000 000
0025 172 151 203 192 000 000 000 000
0026 164 150 202 190 000 000 000 000
0027 169 151 197 191 000 000 000 000
0028 171 149 199 186 000 000 000 000
0029 168 151 197 191 000 000 000 000
0030 166 149 200 188 000 000 000 000
0031 163 156 200 187 000 000 000 000
0032 155 165 202 193 000 000 000 000
0033 166 180 205 209 000 000 000 000
0034 167 195 207 226 000 000 000 000
