0000 159 222 182 239 000 000 000 000
0001 150 219 176 239 000 000 000 000
0002 130 207 160 239 000 000 000 000
0003 124 199 159 234 000 000 000 000
0004 142 193 167 237 000 000 000 000
0005 150 195 174 236 090 224 108 239
0006 138 191 165 233 000 000 000 000
0007 129 188 157 231 000 000 000 000
0008 127 188 156 235 000 000 000 000
0009 143 191 166 236 000 000 000 000
0010 140 188 164 234 000 000 000 000
0011 130 182 158 228 000 000 000 000
0012 124 180 154 225 000 000 000 000
0013 137 178 159 218 086 224 104 239
0014 142 176 167 228 085 222 103 239
0015 141 177 166 223 087 223 105 239
0016 129 175 156 219 088 224 103 239
0017 126 176 161 223 000 000 000 000
0018 140 184 164 231 087 224 103 239
0019 144 195 170 238 087 224 104 239
0020 145 204 176 239 086 224 107 239
0021 156 218 178 239 087 224 108 239
0022 158 222 181 239 090 222 111 239
0023 158 225 181 239 091 224 110 239
0024 158 225 181 239 085 223 105 239
0025 085 224 105 239 000 000 000 000
0026 156 224 180 239 086 224 105 239
0027 157 224 180 239 086 224 105 239
