0000 176 200 201 235 094 208 118 238
0001 176 200 201 235 094 210 119 239
0002 175 201 201 235 094 210 119 239
0003 175 201 201 236 094 210 119 239
0004 176 201 201 235 096 208 116 239
0005 094 208 119 238 175 201 201 236
0006 097 199 126 236 175 203 202 235
0007 109 186 140 223 176 204 201 236
0008 116 158 162 194 175 203 200 236
0009 172 203 199 236 134 130 178 159
0010 172 203 198 236 143 109 184 139
0011 171 204 197 236 151 099 184 127
0012 169 200 201 234 150 097 181 126
0013 170 200 197 235 150 097 180 122
0014 171 201 197 236 148 093 179 123
0015 170 202 198 236 150 094 179 124
0016 171 204 198 237 148 095 179 124
0017 172 204 199 237 146 094 178 125
0018 171 202 198 236 146 093 183 126
0019 170 202 198 236 144 092 180 126
0020 168 199 202 235 135 093 166 125
0021 170 201 198 236 118 099 156 131
0022 176 202 202 234 083 104 114 138
0023 075 105 101 136 177 201 204 234
0024 182 201 208 235 079 104 102 136
0025 181 199 208 233 070 101 100 139
0026 181 200 208 235 073 106 101 140
0027 176 200 205 235 075 112 105 144
0028 176 201 204 235 074 113 102 143
0029 175 199 203 234 074 114 103 142
0030 175 200 203 234 077 121 107 148
0031 078 131 109 161 176 202 202 234
0032 079 147 109 176 175 200 205 235
0033 080 161 107 203 176 202 205 237
0034 175 199 205 235 084 185 114 230
0035 172 198 207 235 093 203 118 235
0036 176 203 202 234 094 205 114 236
0037 175 201 201 235 088 204 115 236
