0002 137 217 185 239 000 000 000 000
0003 098 168 151 207 000 000 000 000
0004 099 118 144 159 000 000 000 000
0005 102 105 142 144 000 000 000 000
0006 103 106 142 146 000 000 000 000
0007 102 104 142 144 000 000 000 000
0008 102 106 142 142 000 000 000 000
0009 102 104 144 143 000 000 000 000
0010 104 105 143 143 000 000 000 000
0011 109 100 150 143 000 000 000 000
0012 134 092 173 139 000 000 000 000
0013 155 093 193 142 000 000 000 000
0014 159 097 195 148 000 000 000 000
0015 159 099 196 148 000 000 000 000
0016 159 098 195 147 000 000 000 000
0017 160 097 196 146 000 000 000 000
0018 159 098 194 146 000 000 000 000
0019 158 093 196 142 000 000 000 000
0020 158 098 194 145 000 000 000 000
0021 158 097 195 146 000 000 000 000
0022 151 111 190 162 000 000 000 000
0023 146 166 189 219 000 000 000 000
0024 166 218 197 239 000 000 000 000
