0000 188 183 209 211 120 188 142 215
0001 189 183 209 211 120 188 142 216
0002 124 181 151 209 189 183 209 211
0003 148 155 175 182 188 188 209 210
0004 168 105 192 133 186 183 208 211
0005 185 182 208 210 169 087 193 111
0006 185 182 208 210 169 083 190 105
0007 186 182 209 211 165 083 189 105
0008 187 182 209 211 159 081 189 107
0009 189 182 210 210 159 085 183 104
0010 187 182 209 210 162 084 185 102
0011 187 182 209 210 164 084 186 102
0012 189 182 209 211 159 085 179 106
0013 189 182 209 211 160 083 182 102
0014 187 181 208 211 160 083 182 102
0015 187 181 208 211 162 086 184 104
0016 187 181 208 211 162 084 184 102
0017 189 182 209 211 158 085 181 104
0018 189 182 209 211 152 087 179 112
0019 187 182 209 210 142 093 166 112
0020 190 182 210 210 132 094 159 116
0021 190 182 211 211 130 094 158 115
0022 134 094 160 114 189 182 210 211
0023 188 182 209 210 131 095 158 116
0024 185 182 209 210 130 091 160 112
0025 185 183 208 211 131 097 159 118
0026 187 183 210 211 000 000 000 000
0027 188 181 209 210 000 000 000 000
0028 188 182 209 210 000 000 000 000
0029 187 181 210 211 131 092 156 114
0030 127 098 159 126 187 184 210 210
0031 126 122 155 150 186 182 209 210
0032 187 182 210 211 125 167 145 194
0033 187 182 210 211 124 182 145 215
0034 187 185 206 210 123 188 143 218
0035 186 182 209 211 121 189 142 218
0036 188 183 209 211 117 187 139 218
0037 188 183 209 212 119 187 143 218
0038 188 183 209 211 122 187 143 217
