0008 153 221 184 239 000 000 000 000
0009 144 171 184 209 000 000 000 000
0010 155 112 194 151 000 000 000 000
0011 163 065 198 121 000 000 000 000
0012 172 045 204 097 000 000 000 000
0013 177 044 208 090 000 000 000 000
0014 180 045 210 086 000 000 000 000
0015 182 048 211 087 000 000 000 000
0016 182 049 212 090 000 000 000 000
0017 185 051 216 090 000 000 000 000
0018 184 054 215 090 000 000 000 000
0019 184 054 214 089 000 000 000 000
0020 185 051 216 088 000 000 000 000
0021 184 051 215 092 000 000 000 000
0022 181 053 210 095 000 000 000 000
0023 174 055 207 103 000 000 000 000
0024 172 078 205 127 000 000 000 000
0025 161 126 201 162 000 000 000 000
0026 161 179 200 227 000 000 000 000
0027 168 220 193 238 000 000 000 000
