0000 097 204 122 236 188 213 216 237
0001 100 205 122 235 191 215 217 235
0002 099 204 123 235 192 215 220 239
0003 095 203 123 236 193 214 220 239
0004 095 203 123 236 191 214 218 238
0005 100 206 121 237 193 215 220 239
0006 096 203 123 236 193 213 219 239
0007 100 205 123 236 193 215 219 239
0008 096 204 122 236 193 214 219 239
0009 096 204 122 236 192 215 219 239
0010 096 203 122 236 193 215 219 239
0011 099 204 123 235 193 215 219 239
0012 097 202 124 235 193 213 220 239
0013 101 208 120 235 193 214 220 239
0014 102 207 120 235 191 215 217 234
0015 101 207 119 235 193 214 220 239
0016 101 207 120 235 193 213 221 239
0017 191 215 217 235 096 209 123 239
0018 102 208 119 235 193 213 221 239
0019 096 209 123 239 192 213 218 237
0020 190 206 218 239 097 202 123 235
0021 198 195 220 223 100 206 121 237
0022 101 205 122 237 205 136 239 176
0023 212 098 242 146 095 203 123 236
0024 216 067 248 119 100 207 120 237
0025 211 044 255 100 100 207 120 237
0026 205 026 250 086 097 203 123 236
0027 204 021 248 080 101 206 125 239
0028 201 018 247 075 097 202 123 235
0029 198 013 245 072 096 202 123 235
0030 196 011 243 071 099 207 123 239
0031 196 012 241 070 099 206 123 238
0032 192 013 238 070 099 207 123 238
0033 193 013 241 070 099 207 123 238
0034 193 013 240 071 099 207 123 239
0035 193 014 238 071 099 207 123 239
0036 193 012 239 071 098 207 123 239
0037 194 013 240 071 099 208 122 239
0038 194 012 239 070 098 207 122 239
0039 195 013 239 070 099 207 122 239
0040 194 012 239 070 098 207 122 239
0041 196 012 242 071 098 208 123 239
0042 196 012 242 072 098 208 123 239
0043 195 013 240 071 099 205 121 237
0044 196 012 242 071 095 208 123 239
0045 196 012 242 072 099 208 123 239
0046 196 012 242 072 096 203 123 235
0047 196 012 242 072 096 202 123 235
0048 194 010 242 073 099 207 123 239
0049 193 010 242 072 101 206 121 236
0050 193 011 241 072 097 203 125 239
0051 195 011 242 073 098 204 123 238
0052 193 011 240 072 097 203 125 239
0053 193 013 240 073 098 204 123 238
0054 192 015 241 075 100 207 123 239
0055 194 029 234 087 100 206 123 235
0056 194 060 228 106 101 206 122 235
0057 188 105 223 141 101 205 123 235
0058 179 152 213 181 100 204 125 239
0059 182 194 211 224 101 205 122 235
0060 182 205 210 234 099 204 124 239
0061 184 213 212 238 100 204 123 237
