0001 192 201 228 235 183 190 209 226
0002 230 147 269 174 000 000 000 000
0003 234 071 261 108 000 000 000 000
0004 186 033 211 069 000 000 000 000
0005 165 038 198 080 000 000 000 000
0006 167 038 204 082 000 000 000 000
0007 170 039 200 080 000 000 000 000
0008 171 039 200 078 000 000 000 000
0009 171 037 203 081 000 000 000 000
0010 170 041 203 078 000 000 000 000
0011 170 041 202 078 000 000 000 000
0012 171 040 202 078 000 000 000 000
0013 173 038 204 084 000 000 000 000
0014 177 039 205 085 000 000 000 000
0015 196 055 221 100 000 000 000 000
0016 208 126 250 158 000 000 000 000
0017 197 179 228 231 000 000 000 000
0018 176 214 203 237 000 000 000 000
0021 159 223 182 239 000 000 000 000
0022 164 223 187 239 000 000 000 000
0023 164 222 184 239 000 000 000 000
0024 162 224 181 239 000 000 000 000
