0000 288 160 312 224 013 123 038 145
0001 289 161 311 223 016 125 042 145
0002 289 160 311 222 236 115 281 139
0003 289 157 310 221 014 121 038 144
0004 012 125 037 148 287 158 315 222
0005 009 121 039 144 239 115 278 139
0006 245 114 287 136 286 159 314 224
0007 237 107 284 132 010 111 040 140
0008 019 105 052 129 228 093 273 118
0009 046 070 076 100 289 162 312 223
0010 075 043 102 080 178 029 207 067
0011 098 023 123 062 155 011 182 050
0012 150 017 175 052 109 014 133 055
0013 143 022 170 053 283 156 318 223
0014 093 047 129 096 142 037 168 060
0015 095 061 131 101 121 040 145 065
0016 094 064 131 104 289 160 309 229
0017 092 072 128 105 284 160 310 222
0018 091 074 129 105 289 159 310 223
0019 089 073 126 104 285 161 312 220
0020 089 074 129 108 288 161 309 229
0021 090 074 129 107 289 155 310 221
0022 092 075 129 107 286 159 310 224
0023 088 075 126 110 161 071 200 100
0024 088 073 126 109 287 160 314 223
0025 088 072 125 111 289 161 311 228
0026 086 064 127 106 289 159 311 228
0027 286 160 315 222 111 050 137 070
0028 106 038 130 061 149 037 180 060
0029 097 033 131 058 157 029 188 060
0030 084 032 116 058 290 160 312 222
0031 072 033 100 064 290 161 312 222
0032 060 032 088 066 290 159 312 222
0033 040 038 067 069 212 030 243 063
0034 221 034 264 068 023 046 053 072
0035 017 055 044 078 286 159 315 224
0036 015 061 042 083 287 161 314 224
0037 014 061 041 086 289 159 310 224
0038 007 067 038 091 290 158 312 222
0039 006 076 037 101 249 060 285 087
0040 253 067 289 097 289 159 312 223
0041 253 106 298 129 286 158 315 226
