0000 165 177 182 208 097 175 120 206
0001 166 177 182 207 096 174 117 202
0002 166 177 183 206 096 174 118 203
0003 165 175 181 204 096 173 118 204
0004 164 170 181 201 101 172 116 196
0005 101 168 118 196 164 165 180 196
0006 163 162 180 191 100 164 116 189
0007 098 153 116 179 162 151 182 182
0008 161 139 184 173 099 143 117 168
0009 097 133 120 158 163 131 184 165
0010 162 119 184 151 098 122 120 146
0011 163 113 187 148 096 116 121 141
0012 095 109 120 133 163 105 189 140
0013 093 104 117 130 164 104 188 133
0014 165 099 189 131 092 102 116 126
0015 085 096 111 120 166 090 201 126
0016 079 091 103 116 176 083 210 115
0017 063 088 087 113 193 078 221 112
0018 058 090 078 115 201 077 227 113
0019 216 079 241 109 046 090 063 116
0020 033 093 056 118 232 080 253 112
0021 026 093 054 116 246 087 273 114
0022 019 093 053 116 250 087 281 112
0023 255 090 288 113 020 091 049 114
0024 256 090 290 114 020 091 049 113
0025 255 088 291 114 017 088 047 108
0026 256 086 292 113 018 087 048 108
0027 022 091 049 110 255 086 291 114
0028 020 089 051 113 253 089 291 116
0029 021 089 050 110 255 091 291 118
0030 020 090 050 112 253 092 291 118
0031 020 091 050 114 255 092 290 118
0032 020 089 050 110 256 096 290 119
0033 252 096 292 124 018 093 051 114
0034 252 097 291 123 018 092 050 114
0035 019 091 050 112 256 096 293 120
0036 015 080 044 103 255 087 292 112
0037 012 061 041 083 255 061 291 090
0038 254 050 296 077 010 048 039 075
0039 258 042 298 068 013 039 046 065
0040 254 041 298 063 013 033 041 065
0041 254 041 299 064 013 033 040 065
0042 258 043 299 068 014 035 038 065
0043 255 042 298 064 011 039 037 062
0044 257 042 297 070 008 035 033 064
0045 010 035 037 066 256 042 298 068
0046 010 036 037 069 255 042 297 067
0047 259 047 299 072 010 042 037 070
0048 009 048 041 078 258 054 303 082
0049 007 062 037 087 261 066 297 093
0050 253 075 290 100 013 076 045 094
0051 248 073 286 100 017 079 051 103
0052 029 086 057 107 238 081 279 109
0053 223 085 260 114 036 090 066 112
0054 219 087 248 118 043 096 067 119
0055 054 101 077 126 203 092 229 124
0056 066 106 085 130 192 094 211 130
0057 182 102 204 138 077 114 094 140
0058 171 114 195 152 086 128 104 149
0059 164 121 190 158 094 136 112 155
0060 159 129 183 171 098 138 116 164
0061 158 144 181 177 100 146 117 174
0062 158 150 180 185 099 154 116 179
0063 160 155 180 191 099 159 115 188
0064 162 165 180 200 097 167 113 193
0065 162 172 180 206 096 170 112 197
0066 162 175 180 209 094 172 116 203
0067 096 179 112 200 164 181 180 208
0068 166 176 183 210 094 173 117 204
0069 167 177 183 210 094 173 117 203
0070 167 177 183 210 095 171 118 202
0071 166 176 183 209 095 173 118 203
0072 166 177 183 209 095 171 118 203
0073 166 177 183 209 094 172 118 203
0074 166 176 183 208 095 172 118 202
