0000 122 170 144 196 189 201 210 234
0001 120 170 144 196 190 200 210 234
0002 118 173 140 198 189 200 210 235
0003 118 176 138 204 190 200 208 232
0004 112 184 134 211 189 201 209 234
0005 101 189 122 218 190 201 208 236
0006 094 194 118 220 196 201 213 235
0007 090 188 115 218 200 198 219 234
0008 080 187 107 215 207 198 227 232
0009 072 184 101 209 215 196 238 230
0010 221 194 246 227 067 182 095 205
0011 066 177 095 202 222 191 246 223
0012 062 180 092 202 220 192 250 222
0013 064 177 095 204 222 187 253 221
0014 060 176 090 204 228 184 261 213
0015 055 169 084 193 233 169 269 196
0016 239 154 271 177 048 157 077 183
0017 039 149 071 174 240 135 276 161
0018 037 138 065 159 241 123 278 151
0019 034 131 064 156 250 116 282 146
0020 032 125 061 146 253 107 288 134
0021 034 116 061 138 228 099 283 132
0022 029 107 060 128 237 091 285 124
0023 030 094 059 118 230 078 276 121
0024 030 088 061 111 246 071 278 098
0025 033 081 063 105 238 066 277 097
0026 034 080 063 102 000 000 000 000
0027 030 076 066 101 000 000 000 000
0028 034 076 064 099 220 068 274 108
0029 034 075 064 100 240 066 274 093
0030 029 075 067 101 232 066 274 104
0031 034 076 064 099 238 066 277 100
0032 033 073 064 096 218 067 267 109
0033 033 068 065 092 237 060 277 090
0034 040 059 069 085 000 000 000 000
0035 045 055 074 080 233 052 267 077
0036 234 043 264 068 043 048 076 075
0037 046 039 080 066 218 043 256 082
0038 058 040 087 065 217 033 254 064
0039 059 035 089 060 221 030 252 057
0040 061 032 089 058 216 030 252 066
0041 064 028 095 059 219 025 248 058
0042 059 028 098 057 205 030 241 092
0043 060 028 098 056 213 023 247 065
0044 060 029 091 057 218 025 249 061
0045 059 027 091 058 218 023 248 059
0046 062 028 090 057 217 024 250 061
0047 061 032 093 059 219 026 248 060
0048 060 031 090 056 220 028 250 052
0049 063 033 093 059 220 022 251 060
0050 059 033 089 058 219 025 250 057
0051 221 028 251 056 057 034 092 063
0052 220 029 260 060 057 041 085 066
0053 224 040 259 074 052 051 079 080
0054 040 067 070 091 231 061 265 092
0055 036 083 073 111 239 073 276 105
0056 034 102 073 127 241 097 278 123
0057 040 123 079 146 241 115 276 144
0058 048 141 086 164 234 137 273 166
0059 053 148 092 177 234 149 270 179
0060 067 161 101 189 223 169 259 202
0061 217 187 244 222 083 174 110 206
0062 207 195 234 228 093 185 118 222
0063 202 202 226 235 099 188 122 222
0064 199 201 218 232 103 192 124 223
0065 203 205 221 233 101 197 127 232
0066 202 205 222 235 097 198 133 236
0067 202 204 222 235 103 195 127 229
0068 203 203 221 232 103 196 125 229
0069 106 193 128 228 202 203 220 235
0070 201 204 219 236 104 194 127 228
0071 104 199 126 227 200 205 219 235
