0001 198 224 215 239 000 000 000 000
0002 200 224 218 239 000 000 000 000
0003 196 222 215 239 000 000 000 000
0004 190 221 209 239 000 000 000 000
0005 183 220 209 239 124 221 148 239
0006 174 189 203 226 135 195 160 230
0007 136 161 164 194 173 155 205 191
0008 104 113 140 143 202 124 228 148
0009 238 090 267 120 058 072 083 106
0010 008 061 037 101 258 085 293 114
0011 266 086 292 111 001 080 016 105
0012 265 086 293 111 000 000 000 000
0013 265 088 293 113 000 000 000 000
0014 265 088 293 113 000 000 000 000
0015 265 094 292 119 000 000 000 000
0016 265 098 292 124 000 000 000 000
0017 267 100 293 124 000 000 000 000
0018 266 072 294 098 026 086 081 114
0019 006 015 044 044 249 029 277 057
0020 221 002 245 033 000 000 000 000
0021 213 000 235 024 000 000 000 000
0022 213 000 236 022 000 000 000 000
0023 214 000 237 024 000 000 000 000
0024 214 000 237 025 000 000 000 000
0025 215 000 238 026 000 000 000 000
0026 216 000 240 025 128 203 183 227
0027 216 005 240 036 064 000 087 025
0028 037 040 070 090 229 044 255 081
0029 241 118 279 152 032 180 059 212
0030 233 189 265 217 000 000 000 000
0031 204 223 229 239 000 000 000 000
