0000 100 208 122 239 189 216 216 239
0001 102 209 125 236 193 216 214 239
0002 102 210 125 237 194 215 217 239
0003 103 214 125 239 194 218 216 239
0004 099 210 122 239 194 214 217 239
0005 101 214 124 239 194 214 217 239
0006 193 213 215 238 098 208 124 237
0007 095 208 124 237 189 216 216 239
0008 093 203 121 236 195 218 216 239
0009 093 189 119 222 196 214 219 239
0010 203 193 229 236 082 174 116 203
0011 210 161 242 194 079 149 126 178
0012 214 121 254 158 075 122 113 158
0013 220 091 258 134 073 104 103 138
0014 223 078 255 124 077 093 107 125
0015 082 086 108 119 219 073 252 115
0016 086 080 112 114 215 070 245 109
0017 207 066 237 109 094 074 120 114
0018 099 074 123 111 201 063 227 106
0019 193 063 218 106 105 071 129 110
0020 112 072 136 113 188 065 209 108
0021 182 068 202 110 118 071 142 113
0022 123 073 148 114 176 072 196 114
0023 171 070 195 113 129 078 151 113
0024 129 073 153 115 168 073 189 114
0025 130 074 154 114 169 073 189 113
0026 131 075 154 115 168 074 189 114
0027 132 079 157 118 166 083 189 121
0028 131 093 157 127 165 113 205 152
0029 158 146 200 186 125 123 153 151
0030 177 193 214 236 119 160 145 189
0031 112 189 135 224 183 214 208 239
0032 107 206 134 239 187 213 213 239
0033 106 214 129 238 188 212 211 238
0034 191 214 214 239 105 210 126 236
