0000 173 191 193 227 096 209 119 237
0001 172 190 192 227 096 208 118 237
0002 093 201 115 230 185 183 203 206
0003 200 157 225 177 082 178 108 203
0004 202 109 238 139 079 145 102 168
0005 206 087 234 121 083 111 104 141
0006 202 072 229 109 088 082 110 112
0007 199 070 224 106 091 074 112 103
0008 198 070 222 107 092 067 115 101
0009 196 069 220 105 093 069 116 102
0010 192 066 213 104 104 067 125 101
0011 183 067 206 104 112 067 130 101
0012 171 064 189 101 127 064 146 101
0013 129 067 151 101 161 068 178 107
0014 163 068 182 108 129 065 153 100
0015 160 073 182 108 131 066 154 102
0016 163 068 182 108 131 066 154 103
0017 163 068 182 107 130 065 153 103
0018 160 070 178 108 131 067 152 101
0019 164 066 183 107 130 066 153 101
0020 128 074 151 108 163 077 184 117
0021 123 092 148 133 162 103 187 139
0022 165 140 189 168 122 130 146 160
0023 173 181 194 210 112 185 136 204
0024 106 202 129 234 177 188 198 222
0025 096 211 121 238 176 191 197 224
0026 097 207 119 236 176 192 194 223
0027 173 192 194 224 097 206 119 238
0028 172 193 193 225 097 208 120 237
0029 098 208 121 235 172 192 194 225
