0001 045 222 089 238 000 000 000 000
0002 054 188 122 239 000 000 000 000
0003 063 146 133 198 000 000 000 000
0004 067 124 137 172 000 000 000 000
0005 067 122 141 172 000 000 000 000
0006 066 123 142 171 158 221 201 237
0007 065 123 139 171 150 200 215 239
0008 067 122 141 172 166 140 234 196
0009 181 106 243 168 068 123 141 173
0010 174 090 241 153 067 123 141 173
0011 164 098 225 154 066 123 140 173
0012 150 105 216 158 066 123 138 171
0013 067 122 140 171 140 112 199 168
0014 135 117 186 176 065 126 142 175
0015 068 124 139 172 123 125 171 186
0016 069 124 138 173 115 127 165 192
0017 063 125 138 173 113 129 166 191
0018 064 125 137 173 117 128 167 190
0019 068 125 138 174 109 126 164 188
0020 067 130 134 181 118 136 170 192
0021 058 157 130 212 138 152 196 215
0022 055 182 128 234 159 187 220 239
0023 055 204 117 239 172 208 230 237
0024 174 215 219 239 058 223 097 239
0025 176 214 219 239 055 224 101 239
0026 177 214 225 239 058 223 097 239
0027 184 211 219 235 056 223 099 239
