0000 122 214 146 239 203 211 226 237
0001 119 210 145 237 200 214 226 238
0002 118 214 144 236 200 211 225 236
0003 122 215 148 239 203 213 226 237
0004 122 214 149 239 202 213 226 237
0005 120 208 144 238 197 206 228 238
0006 109 190 132 234 201 211 226 236
0007 097 166 135 203 202 212 226 236
0008 087 136 127 172 197 209 224 239
0009 087 106 128 149 198 207 229 238
0010 093 092 128 131 198 206 229 238
0011 097 089 128 125 201 211 223 239
0012 099 090 130 124 200 210 225 235
0013 099 087 132 120 199 208 229 239
0014 096 093 128 131 200 208 229 239
0015 084 107 124 145 200 208 229 239
0016 072 126 119 162 200 207 229 238
0017 069 141 120 176 200 207 229 238
0018 066 139 122 174 200 206 230 238
0019 069 135 120 170 200 208 230 238
0020 072 124 117 157 206 215 226 235
0021 083 104 124 139 202 212 228 236
0022 100 089 133 125 203 210 229 236
0023 111 088 139 120 203 208 229 236
0024 112 093 138 125 202 210 228 235
0025 099 094 128 128 199 208 226 234
0026 077 106 118 146 201 213 227 237
0027 060 129 108 166 200 208 227 235
0028 056 140 107 175 203 211 229 236
0029 060 136 110 171 209 213 227 236
0030 061 119 110 155 207 212 229 239
0031 075 097 117 133 206 208 236 239
0032 101 086 132 119 206 207 237 238
0033 116 089 141 120 205 208 233 235
0034 111 087 138 123 203 209 230 236
0035 096 082 125 115 203 209 229 235
0036 067 089 106 126 208 211 232 237
0037 038 105 088 139 205 207 235 238
0038 026 120 078 157 210 214 229 237
0039 027 125 078 159 212 211 233 235
0040 029 120 082 155 212 212 238 237
0041 036 109 088 143 209 210 236 236
0042 053 094 101 131 209 209 236 236
0043 079 080 117 119 209 209 235 236
0044 100 081 128 118 208 208 234 236
0045 113 088 137 125 212 213 233 239
0046 110 093 135 124 212 215 232 239
0047 099 091 126 125 213 215 232 239
0048 081 090 115 126 213 215 234 239
0049 061 104 100 139 210 213 236 237
0050 049 117 095 154 213 213 236 238
0051 048 126 096 162 209 210 235 236
0052 049 131 096 165 211 212 236 237
0053 048 130 097 166 211 211 236 237
0054 049 135 101 169 213 212 232 235
0055 053 140 107 178 210 213 229 238
0056 054 155 109 188 208 210 229 239
0057 066 173 110 207 207 213 230 237
0058 084 188 120 229 201 207 231 238
0059 099 201 124 236 207 215 227 239
0060 114 212 135 236 204 215 223 235
0061 120 213 150 238 205 216 226 239
0062 124 215 152 239 199 208 229 238
0063 122 214 146 236 198 206 229 238
0064 123 212 149 239 196 206 228 238
