0000 155 193 175 226 081 194 104 226
0001 155 192 176 225 081 194 104 227
0002 155 192 175 226 081 194 103 227
0003 155 191 176 227 080 194 102 222
0004 155 194 173 221 000 000 000 000
0005 085 195 105 223 157 193 175 223
0006 082 193 106 222 156 193 176 223
0007 084 193 105 223 155 192 176 221
0008 082 195 106 228 156 190 176 216
0009 084 196 105 223 000 000 000 000
0010 083 196 104 223 156 193 175 218
0011 083 195 104 223 000 000 000 000
0012 084 194 105 223 155 191 175 219
0013 081 197 101 225 159 187 179 223
0014 079 197 100 226 000 000 000 000
0015 075 194 099 230 000 000 000 000
0016 074 194 099 231 000 000 000 000
0017 074 197 097 232 248 074 282 100
0018 245 040 276 074 072 197 096 230
0019 076 195 100 233 241 019 272 059
0020 235 012 262 048 076 197 100 233
0021 075 197 100 231 235 007 263 046
0022 075 197 099 232 235 005 261 039
0023 075 198 100 233 237 004 263 040
0024 073 199 100 230 234 004 261 043
0025 074 197 100 233 233 004 260 043
0026 234 004 260 042 073 197 098 231
0027 075 198 100 233 234 003 262 042
0028 074 197 099 234 234 003 260 040
0029 232 002 261 042 076 199 098 233
0030 234 003 262 043 079 195 098 229
0031 234 003 260 043 076 199 099 234
0032 232 002 261 045 075 198 099 235
0033 076 199 099 235 232 002 262 044
0034 076 198 099 234 236 004 267 044
0035 239 006 266 045 076 197 099 233
0036 075 197 099 233 237 010 266 052
0037 075 195 099 232 238 014 269 056
0038 074 196 099 233 239 019 272 060
0039 075 196 098 232 245 019 274 063
0040 245 019 275 064 074 196 098 231
0041 244 025 276 064 071 199 095 232
0042 243 029 279 067 071 199 095 228
0043 244 029 280 069 071 199 095 232
0044 243 029 281 068 070 199 095 231
0045 243 029 281 068 070 199 095 231
0046 072 196 098 228 243 028 281 067
0047 242 028 281 066 072 195 098 231
0048 243 030 281 068 073 197 098 232
0049 073 199 096 229 246 037 282 074
0050 075 199 100 231 000 000 000 000
0051 078 197 100 232 000 000 000 000
0052 075 197 101 234 000 000 000 000
0053 078 195 100 227 000 000 000 000
0054 082 192 103 224 156 192 179 225
0055 085 193 107 225 157 189 178 225
