0000 173 206 195 239 087 208 111 236
0001 167 205 196 237 087 208 111 238
0002 168 206 195 238 088 207 112 237
0003 167 207 195 237 087 206 111 236
0004 167 206 195 237 087 207 113 237
0005 167 205 196 237 088 207 113 237
0006 087 206 112 237 167 204 193 236
0007 166 205 196 237 087 206 112 237
0008 087 205 113 237 171 206 194 235
0009 171 203 197 235 087 206 113 237
0010 087 207 113 237 193 194 222 234
0011 086 205 111 235 211 176 253 206
0012 232 136 269 164 086 206 109 236
0013 229 093 272 128 085 205 110 239
0014 225 058 265 099 084 208 110 236
0015 215 034 251 077 083 208 109 236
0016 205 028 236 062 087 207 109 235
0017 197 017 228 059 083 209 108 236
0018 197 017 229 060 083 207 109 236
0019 206 029 236 063 084 207 109 236
0020 217 040 253 080 083 207 109 236
0021 229 062 265 099 084 207 109 236
0022 231 093 272 125 083 207 109 235
0023 087 207 108 236 235 120 277 148
0024 230 145 276 175 082 206 108 236
0025 228 157 271 194 085 207 108 236
0026 224 165 265 198 085 207 108 235
0027 226 161 268 195 085 208 108 233
0028 232 147 274 178 085 206 107 235
0029 235 121 275 152 086 207 107 235
0030 237 092 287 126 086 207 108 236
0031 236 068 271 102 086 208 108 236
0032 222 043 260 083 088 210 111 238
0033 206 027 244 070 085 208 109 236
0034 192 017 226 060 085 207 109 235
0035 186 010 224 059 086 209 109 239
0036 184 007 220 056 084 206 109 235
0037 192 005 226 059 087 209 110 237
0038 199 021 238 064 084 209 109 236
0039 214 034 253 079 084 208 109 236
0040 229 057 269 096 086 210 112 237
0041 237 086 283 124 088 210 111 238
0042 085 207 108 235 235 117 283 149
0043 231 144 277 181 083 207 108 235
0044 233 166 263 201 086 205 109 236
0045 228 176 257 210 086 206 112 236
0046 219 180 248 217 088 207 112 236
0047 212 188 236 222 086 207 110 236
0048 086 205 113 236 196 198 219 235
0049 182 202 205 236 089 206 109 235
0050 091 206 113 234 171 205 191 236
0051 171 204 195 238 089 207 109 236
0052 173 205 197 238 092 207 114 238
0053 174 207 198 238 092 206 113 238
0054 170 206 195 237 088 205 108 234
0055 163 207 191 238 088 204 109 235
0056 163 206 190 238 088 203 108 234
0057 082 200 109 236 163 204 191 237
0058 168 208 194 238 073 193 095 226
0059 170 206 197 238 055 188 086 211
0060 170 207 195 237 038 182 071 203
0061 170 205 197 238 031 183 068 210
0062 169 204 195 238 030 185 066 216
0063 165 202 192 237 029 187 063 220
0064 029 188 061 219 160 200 190 236
0065 027 186 061 220 166 199 192 233
0066 164 200 191 237 030 189 058 219
0067 027 187 060 219 168 198 195 237
