0000 168 223 195 239 106 219 124 236
0001 167 222 194 239 106 218 125 236
0002 167 222 193 238 107 218 129 239
0003 178 221 202 237 108 218 129 239
0004 204 213 225 239 107 222 125 239
0005 220 184 254 228 108 221 128 239
0006 108 222 128 239 212 125 255 155
0007 193 053 223 092 108 222 128 239
0008 163 034 190 074 109 223 129 239
0009 157 047 184 076 110 220 128 239
0010 167 043 196 081 111 222 131 239
0011 184 053 211 095 110 220 131 239
0012 215 156 252 190 109 222 129 239
0013 213 190 242 230 109 221 129 239
0014 220 191 247 225 106 220 125 237
0015 235 146 278 175 104 223 121 239
0016 225 078 265 114 104 222 123 239
0017 186 045 215 083 105 219 125 238
0018 170 059 196 094 109 222 129 239
0019 181 053 206 090 112 222 131 239
0020 202 079 236 114 112 222 131 239
0021 213 137 251 166 110 220 127 239
0022 206 199 228 237 109 220 130 239
0023 205 193 230 236 107 222 125 239
0024 210 149 252 179 106 221 125 239
0025 203 077 235 112 104 219 126 236
0026 176 062 200 095 108 223 127 239
0027 174 069 201 106 109 222 129 239
0028 189 084 216 123 109 216 130 236
0029 204 131 236 164 109 216 126 239
0030 204 201 226 236 111 222 130 239
0031 109 220 129 239 189 219 207 239
0032 181 222 200 239 107 218 128 239
0033 108 220 127 239 181 221 203 239
0034 106 217 125 235 179 223 202 239
0035 108 216 130 239 181 222 203 238
0036 110 220 129 239 178 223 199 239
0037 173 220 197 239 111 217 131 239
0038 173 223 195 239 111 219 131 239
0039 110 219 130 239 171 223 194 239
0040 109 219 129 239 174 221 197 237
0041 109 216 131 239 178 221 200 239
