0000 084 208 113 238 175 212 200 239
0001 084 208 113 238 173 209 200 238
0002 087 208 114 238 175 209 198 239
0003 086 207 113 237 172 209 193 239
0004 086 208 114 237 175 208 199 239
0005 086 208 114 237 172 206 204 237
0006 087 209 114 237 189 202 218 236
0007 086 209 113 237 208 193 238 232
0008 084 207 110 235 224 171 262 210
0009 228 156 273 181 084 209 109 235
0010 234 118 281 146 083 208 109 235
0011 232 079 276 117 082 208 109 236
0012 219 044 260 086 083 211 112 237
0013 210 027 243 070 083 213 112 238
0014 200 014 240 062 077 208 110 238
0015 196 010 237 057 077 210 108 239
0016 198 011 236 056 079 213 107 239
0017 202 015 238 060 077 210 104 237
0018 209 019 245 067 076 209 103 237
0019 220 035 259 076 080 214 106 238
0020 231 063 272 099 077 208 110 239
0021 238 089 285 122 076 205 111 238
0022 234 116 285 145 080 209 108 237
0023 078 207 112 238 232 137 276 169
0024 076 205 112 237 233 154 273 184
0025 076 206 111 238 230 155 270 184
0026 075 206 110 237 233 152 273 182
0027 238 140 275 170 076 204 105 239
0028 079 211 107 238 240 114 286 141
0029 079 212 107 238 242 086 283 115
0030 235 057 275 091 078 208 111 238
0031 224 032 258 070 085 213 109 236
0032 210 015 246 056 082 210 112 239
0033 200 010 233 049 083 213 109 238
0034 191 007 222 042 083 213 110 238
0035 188 005 220 041 083 214 109 238
0036 189 005 224 043 083 213 108 238
0037 194 004 227 045 079 208 110 239
0038 205 013 239 055 078 208 109 238
0039 219 023 258 065 078 210 109 239
0040 228 043 273 083 079 208 109 239
0041 236 060 280 096 083 208 112 239
0042 241 086 288 114 084 208 111 239
0043 241 108 288 139 084 209 110 239
0044 083 208 110 239 237 138 279 164
0045 083 206 110 239 235 161 265 195
0046 221 178 245 213 082 208 107 233
0047 205 192 228 232 081 206 113 236
0048 192 199 215 237 081 205 113 236
0049 184 202 208 238 081 205 110 235
0050 178 207 202 238 082 205 111 235
0051 173 204 201 237 082 204 113 236
0052 084 205 114 236 177 207 201 238
