0000 144 175 162 205 082 180 098 204
0001 146 178 163 208 082 180 098 203
0002 146 178 163 208 082 180 098 204
0003 145 176 162 205 077 177 100 204
0004 145 176 163 206 081 180 097 203
0005 147 176 164 206 081 179 097 203
0006 147 176 164 206 081 179 097 204
0007 146 179 162 207 081 180 097 204
0008 147 176 164 205 081 180 097 203
0009 146 175 163 205 081 180 098 204
0010 146 175 162 204 081 180 098 204
0011 143 172 161 202 082 179 098 204
0012 139 164 160 196 082 179 098 202
0013 138 150 161 180 081 178 098 205
0014 131 116 160 146 081 178 098 205
0015 128 092 159 115 081 177 098 205
0016 117 068 151 094 081 178 098 205
0017 113 054 144 082 081 179 097 204
0018 101 039 138 070 079 176 101 203
0019 095 037 137 069 077 177 101 204
0020 092 043 136 075 082 178 098 204
0021 092 054 133 089 082 178 098 203
0022 087 065 126 101 082 177 098 203
0023 086 070 127 110 081 181 098 202
0024 090 073 124 113 081 180 097 201
0025 086 070 125 110 081 181 098 202
0026 086 070 126 109 081 176 098 200
0027 088 070 125 107 082 175 098 203
0028 091 068 128 105 083 177 099 199
0029 098 073 137 099 082 178 099 204
0030 109 080 140 105 094 081 122 107
0031 125 103 155 129 076 177 100 204
0032 135 127 161 161 082 179 098 203
0033 142 151 163 187 077 176 101 203
0034 082 180 099 204 151 164 169 198
0035 153 169 170 200 078 177 101 204
0036 152 169 170 205 078 177 099 204
