0000 086 206 105 237 000 000 000 000
0001 086 207 105 237 000 000 000 000
0002 083 205 104 235 000 000 000 000
0003 083 205 103 235 000 000 000 000
0004 084 208 105 239 000 000 000 000
0005 082 207 102 235 000 000 000 000
0006 085 205 107 239 000 000 000 000
0007 083 207 105 234 000 000 000 000
0008 178 174 204 208 081 206 104 235
0009 182 159 210 201 080 209 104 239
0010 180 129 209 165 078 208 098 237
0011 173 105 206 140 078 203 100 237
0012 168 080 197 119 078 207 099 239
0013 166 071 192 116 080 205 100 237
0014 162 071 186 109 079 206 100 237
0015 162 070 186 115 078 205 099 238
0016 160 068 185 111 076 203 098 235
0017 160 067 185 110 076 207 096 238
0018 159 066 184 109 076 207 096 237
0019 160 066 184 108 076 206 097 238
0020 160 067 184 109 076 207 098 238
0021 160 067 184 109 076 207 099 238
0022 160 067 184 108 076 206 098 237
0023 160 068 184 108 076 206 098 238
0024 157 070 183 105 076 205 097 237
0025 160 067 184 108 076 206 097 237
0026 161 070 186 113 076 206 097 238
0027 158 079 192 119 075 204 096 235
0028 161 099 196 130 076 205 102 237
0029 159 118 201 152 079 205 100 238
0030 166 146 201 178 079 206 099 239
0031 076 204 101 239 176 173 203 213
0032 181 192 204 235 079 206 099 236
0033 182 207 204 239 076 205 097 239
0034 079 207 099 239 177 205 198 239
0035 172 206 192 238 080 206 100 239
0036 080 204 103 238 174 206 195 239
0037 082 205 105 238 173 205 195 237
0038 082 206 105 238 170 204 200 237
0039 082 207 105 239 171 204 201 237
