0000 080 198 125 236 000 000 000 000
0001 088 206 131 237 000 000 000 000
0002 087 205 134 238 000 000 000 000
0003 089 208 134 239 000 000 000 000
0004 091 207 131 237 145 225 180 239
0005 135 208 190 239 092 197 135 233
0006 132 195 184 238 091 188 136 235
0007 131 169 189 222 089 177 130 236
0008 122 153 178 212 100 164 140 227
0009 119 149 177 200 102 168 148 220
0010 134 142 183 194 103 152 150 211
0011 136 144 180 198 102 147 157 208
0012 107 147 171 203 000 000 000 000
0013 112 152 176 203 000 000 000 000
0014 116 146 175 197 000 000 000 000
0015 116 139 181 187 000 000 000 000
0016 114 135 182 190 100 130 130 175
0017 118 134 191 186 093 134 127 177
0018 123 130 190 183 082 134 132 175
0019 124 132 192 185 078 142 124 176
0020 125 133 187 185 073 145 122 180
0021 120 133 179 188 072 144 120 181
0022 119 126 175 190 071 144 120 185
0023 119 128 169 189 070 145 120 185
0024 120 131 172 195 069 144 114 193
0025 115 135 189 193 102 125 143 178
0026 095 133 150 182 131 135 192 177
0027 123 131 176 191 073 144 128 180
0028 121 137 182 195 075 143 126 179
0029 124 138 176 199 080 135 140 179
0030 123 136 176 194 098 130 147 187
0031 125 135 174 196 114 125 141 176
0032 128 140 191 190 103 124 138 175
0033 129 139 185 192 082 133 127 171
0034 125 133 178 196 092 124 140 166
0035 125 136 185 195 117 120 146 166
0036 128 132 194 189 110 118 145 160
0037 127 130 180 193 100 119 145 173
0038 131 127 172 191 099 119 145 171
0039 127 123 179 192 116 114 143 171
0040 100 121 143 173 133 128 190 189
0041 132 126 188 188 089 122 131 170
0042 126 128 171 191 088 129 136 180
0043 126 125 174 190 109 124 139 179
0044 130 129 186 192 097 125 135 170
0045 129 125 165 191 083 130 133 177
0046 129 131 163 196 081 132 129 177
0047 127 132 175 191 111 125 139 185
0048 124 138 180 195 108 126 137 182
0049 113 148 175 210 109 138 142 190
0050 104 163 165 220 000 000 000 000
0051 089 192 166 237 000 000 000 000
0052 076 208 125 235 131 220 180 238
0053 065 214 110 238 000 000 000 000
0054 068 214 109 235 000 000 000 000
