0003 074 220 102 239 000 000 000 000
0004 067 220 106 237 000 000 000 000
0005 070 220 104 239 000 000 000 000
0006 073 203 106 239 000 000 000 000
0007 076 184 117 233 178 208 207 237
0008 090 161 138 208 146 188 192 229
0009 127 155 183 205 099 147 144 199
0010 118 136 177 178 000 000 000 000
0011 119 124 169 169 000 000 000 000
0012 115 109 165 153 000 000 000 000
0013 107 106 161 144 143 109 177 144
0014 106 096 151 140 138 099 176 141
0015 103 089 151 138 144 093 176 140
0016 109 086 147 137 136 087 179 137
0017 136 086 179 138 104 088 143 137
0018 137 086 176 134 108 083 147 135
0019 109 081 149 136 130 086 174 138
0020 135 087 179 139 108 087 146 136
0021 131 084 180 139 110 086 148 139
0022 134 083 181 138 106 087 146 138
0023 133 086 181 139 107 087 146 140
0024 140 089 185 139 110 085 147 137
0025 106 078 145 139 140 090 183 140
0026 140 091 181 138 111 085 147 137
0027 107 087 147 140 140 090 182 140
0028 137 092 177 144 104 087 151 138
0029 136 090 179 144 105 088 147 139
0030 139 093 183 143 103 087 148 139
0031 139 093 182 142 105 090 145 138
0032 139 091 186 142 103 092 151 143
0033 137 092 181 141 108 088 148 141
0034 140 093 184 140 102 089 149 139
0035 100 087 151 142 140 092 183 142
0036 140 091 184 143 104 088 149 140
0037 101 087 151 140 135 092 186 139
0038 140 090 181 139 105 085 151 138
0039 137 091 184 138 100 094 150 142
0040 134 089 180 142 113 087 154 146
0041 139 092 185 140 104 090 153 141
0042 111 088 158 141 138 088 184 140
0043 107 087 154 141 134 092 185 144
0044 106 086 151 140 138 093 181 145
0045 137 100 173 146 113 091 155 140
0046 130 100 173 151 113 097 146 144
0047 118 105 162 163 000 000 000 000
0048 129 154 181 211 088 152 141 198
0049 147 203 191 237 070 176 118 220
0050 062 195 100 236 170 219 205 239
0051 059 204 098 237 000 000 000 000
0052 057 217 103 239 000 000 000 000
0053 061 216 106 239 000 000 000 000
0054 063 216 103 239 000 000 000 000
0055 063 220 106 239 000 000 000 000
0056 070 224 108 239 000 000 000 000
