0004 174 209 214 239 083 217 113 239
0005 154 162 195 203 079 170 111 202
0006 144 107 178 143 089 106 123 147
0007 111 062 139 110 138 072 165 112
0008 123 058 162 099 000 000 000 000
0009 145 049 181 081 140 180 181 234
0010 152 056 192 089 118 077 146 099
0011 157 066 198 102 112 084 145 110
0012 154 063 192 099 116 073 143 098
0013 136 052 175 087 166 077 194 101
0014 139 044 179 086 125 047 153 084
0015 110 051 134 087 164 035 202 076
0016 181 032 212 077 099 048 126 090
0017 203 029 233 081 087 054 113 093
0018 222 033 252 085 079 061 102 099
0019 226 034 257 089 078 064 100 103
0020 225 035 256 088 074 065 099 102
0021 220 036 253 087 079 062 103 098
0022 215 040 245 091 077 063 101 104
0023 207 060 236 108 073 074 099 116
0024 202 090 239 134 072 095 096 134
0025 204 162 234 206 072 166 099 194
0026 203 193 238 236 077 200 103 224
0027 100 221 123 237 205 223 234 239
