0000 116 208 133 231 176 211 201 237
0001 117 210 134 236 177 214 197 234
0002 117 209 141 239 176 215 197 238
0003 120 211 137 237 179 214 201 239
0004 118 212 136 236 180 215 201 239
0005 114 209 138 237 178 213 199 236
0006 118 212 136 238 183 214 202 239
0007 109 210 131 239 184 214 211 238
0008 090 209 116 238 204 214 226 238
0009 067 202 090 228 230 211 251 234
0010 250 184 287 213 041 175 070 197
0011 262 133 314 163 013 131 047 157
0012 251 072 292 108 017 080 058 104
0013 219 021 246 060 055 036 093 074
0014 168 011 195 048 106 026 133 059
0015 132 024 160 060 000 000 000 000
0016 156 041 184 068 119 046 147 069
0017 145 031 179 061 124 036 148 060
0018 120 021 146 050 144 017 166 043
0019 176 007 206 044 078 024 101 057
0020 223 019 252 060 041 046 070 072
0021 255 056 291 094 025 079 054 101
0022 024 092 053 114 270 088 309 114
0023 269 078 309 106 024 083 059 111
0024 230 025 265 064 043 052 072 078
0025 204 009 234 050 064 041 100 070
0026 156 008 185 037 109 033 143 064
0027 125 044 152 066 146 051 182 083
0028 145 048 181 074 121 045 149 067
0029 124 030 156 056 000 000 000 000
0030 162 009 197 048 080 024 107 053
0031 042 047 065 068 210 011 242 051
0032 028 069 052 088 249 030 278 064
0033 025 102 054 122 272 085 317 115
0034 267 081 309 108 023 095 052 113
0035 025 071 055 092 239 041 277 080
0036 046 045 076 071 198 018 224 054
0037 144 022 173 053 086 038 113 067
0038 114 038 151 072 000 000 000 000
0039 126 058 157 082 110 055 134 082
0040 096 035 123 065 118 040 149 068
0041 132 022 162 052 062 037 091 064
0042 016 075 047 101 204 027 230 066
0043 246 072 285 107 017 129 046 150
0044 037 166 063 190 250 142 294 176
0045 230 189 268 226 066 191 087 218
0046 212 214 236 239 091 203 111 230
0047 107 209 125 235 196 219 214 239
0048 114 213 131 236 181 221 199 239
0049 109 212 127 235 171 212 192 239
0050 101 210 122 237 172 214 196 239
0051 100 212 119 238 176 215 197 236
0052 101 212 124 239 177 214 197 236
0053 109 212 127 236 180 215 202 239
0054 112 211 132 235 179 218 200 239
0055 116 213 133 237 178 219 200 239
0056 110 213 130 239 176 217 199 238
0057 112 212 128 235 174 218 199 239
0058 175 215 200 239 109 211 126 235
0059 172 215 197 236 110 212 128 237
0060 175 216 199 239 113 212 130 235
0061 173 219 196 239 115 209 136 236
0062 115 213 133 237 174 219 198 239
0063 115 213 132 235 176 219 197 239
0064 112 213 131 239 176 220 197 239
0065 111 210 129 239 176 220 197 239
0066 111 212 127 237 175 220 197 239
0067 112 213 129 236 173 220 196 239
0068 111 211 129 239 175 217 196 238
0069 175 215 198 239 113 210 131 237
0070 112 213 130 236 173 221 198 239
0071 173 220 196 239 113 213 130 235
0072 173 221 195 239 108 213 129 239
