0000 125 188 144 217 193 188 213 211
0001 124 187 145 217 188 192 209 216
0002 123 188 143 217 192 188 213 211
0003 122 186 143 217 192 191 211 216
0004 122 187 142 217 186 184 213 218
0005 122 187 142 217 190 190 211 217
0006 122 187 143 217 201 185 222 211
0007 122 188 142 217 000 000 000 000
0008 121 188 142 217 252 149 282 179
0009 269 125 301 150 119 188 141 216
0010 276 102 313 128 118 189 140 218
0011 274 090 312 112 117 189 138 219
0012 276 085 306 109 119 187 138 218
0013 273 084 310 106 116 188 137 219
0014 272 083 313 109 119 188 138 219
0015 272 083 313 109 119 188 140 219
0016 272 082 314 108 118 187 138 218
0017 271 082 312 107 117 187 138 218
0018 272 081 313 107 117 187 138 220
0019 270 081 312 108 119 188 137 217
0020 270 081 312 108 117 187 138 219
0021 271 081 314 107 117 187 138 220
0022 270 081 313 107 117 187 138 220
0023 271 081 314 107 117 187 138 220
0024 271 081 314 107 120 190 138 217
0025 271 081 314 107 119 189 137 217
0026 272 082 312 105 119 186 139 219
0027 272 082 313 106 120 190 138 217
0028 272 080 312 105 118 189 138 219
0029 272 080 309 102 120 189 138 218
0030 119 188 136 218 244 078 274 102
0031 119 188 141 220 213 080 237 107
0032 120 189 141 219 188 092 212 119
0033 120 187 142 218 175 108 203 132
0034 123 191 141 216 172 128 205 153
0035 173 150 202 174 120 189 142 218
0036 121 189 142 218 177 168 203 194
0037 121 187 142 217 182 178 207 204
0038 121 187 141 216 191 186 212 213
0039 121 187 141 216 197 192 217 215
0040 120 187 141 216 199 188 221 217
0041 120 188 140 217 202 185 219 211
0042 119 188 141 217 202 188 222 215
0043 120 188 141 217 201 188 219 217
