0000 125 174 150 205 194 221 215 239
0001 125 175 150 205 193 216 216 239
0002 125 175 150 205 192 218 213 239
0003 125 175 150 205 194 221 215 239
0004 125 175 150 206 194 221 215 239
0005 125 175 150 206 194 221 215 239
0006 125 175 150 205 192 218 213 239
0007 125 174 150 205 194 220 215 239
0008 125 175 150 206 197 217 219 239
0009 209 204 238 237 124 175 150 206
0010 241 180 280 219 125 176 151 206
0011 125 176 150 206 268 140 316 165
0012 123 175 149 207 280 115 319 142
0013 125 176 149 205 284 106 311 128
0014 124 175 149 206 279 094 317 117
0015 124 175 149 207 277 091 312 113
0016 125 175 150 207 277 088 309 112
0017 124 176 150 208 280 087 309 110
0018 124 175 150 207 281 087 308 109
0019 125 175 150 208 280 087 312 114
0020 125 175 151 208 283 085 311 113
0021 125 175 151 208 282 089 309 114
0022 280 094 315 121 125 175 151 207
0023 124 177 151 209 271 116 310 140
0024 125 175 150 206 255 151 295 190
0025 237 177 264 222 125 174 151 206
0026 205 199 233 239 125 174 151 206
0027 124 176 150 207 187 207 213 235
0028 124 176 150 206 183 208 209 239
