0000 204 191 222 226 117 189 137 224
0001 120 192 139 223 203 193 221 226
0002 203 193 221 226 117 187 137 225
0003 118 189 137 222 202 192 221 228
0004 201 187 226 229 117 183 139 218
0005 201 179 227 222 113 177 139 211
0006 118 162 141 196 188 146 223 190
0007 123 125 160 152 173 100 217 129
0008 165 079 200 111 122 106 170 136
0009 158 054 196 093 117 089 167 126
0010 153 043 190 091 124 084 161 118
0011 152 030 190 080 000 000 000 000
0012 153 033 193 073 000 000 000 000
0013 157 026 196 065 132 051 173 097
0014 159 028 195 066 000 000 000 000
0015 157 028 197 064 135 050 178 097
0016 157 028 197 067 145 046 183 089
0017 159 030 198 067 000 000 000 000
0018 156 028 188 063 171 035 203 069
0019 160 030 194 068 132 055 179 100
0020 159 031 193 066 133 056 179 100
0021 154 029 187 062 174 033 199 062
0022 152 027 187 069 169 032 208 070
0023 153 027 186 067 130 056 182 098
0024 153 026 187 067 131 055 180 097
0025 153 028 185 067 172 033 202 066
0026 152 029 192 069 000 000 000 000
0027 154 048 195 083 000 000 000 000
0028 162 061 203 100 119 089 157 125
0029 130 112 172 142 180 105 222 127
0030 124 156 152 192 197 152 228 190
0031 205 176 229 215 118 171 145 209
0032 116 179 139 214 208 184 229 221
0033 118 187 140 222 209 190 228 227
0034 116 189 136 223 210 194 227 225
0035 114 190 133 223 206 189 224 224
0036 114 187 133 218 205 193 222 225
0037 116 192 132 217 204 191 222 224
0038 113 187 132 222 203 194 221 224
0039 115 188 134 222 203 193 220 223
0040 118 194 136 222 201 189 219 222
