0000 173 223 195 239 000 000 000 000
0001 077 224 093 239 172 223 195 239
0002 178 219 207 239 057 217 081 239
0003 181 150 213 189 039 181 065 206
0004 154 074 195 125 051 117 084 153
0005 079 047 118 084 119 027 159 072
0006 088 025 137 069 000 000 000 000
0007 100 022 145 060 000 000 000 000
0008 101 019 146 058 000 000 000 000
0009 112 016 154 054 000 000 000 000
0010 116 015 153 048 101 023 136 052
0011 112 016 149 049 000 000 000 000
0012 110 014 152 051 000 000 000 000
0013 111 013 152 051 000 000 000 000
0014 110 014 152 051 000 000 000 000
0015 111 013 152 050 000 000 000 000
0016 110 012 152 050 000 000 000 000
0017 112 012 153 049 000 000 000 000
0018 112 011 153 049 000 000 000 000
0019 115 012 148 047 000 000 000 000
0020 109 015 152 050 000 000 000 000
0021 111 015 149 048 000 000 000 000
0022 109 015 143 048 000 000 000 000
0023 086 023 120 060 125 026 160 061
0024 060 041 100 086 144 037 179 081
0025 040 089 071 125 165 077 195 114
0026 178 140 210 176 030 150 056 176
0027 176 185 204 230 042 195 067 227
0028 172 212 196 235 058 211 080 237
0029 088 152 106 181 168 222 190 236
0030 089 153 107 185 167 224 188 239
0031 168 224 188 239 077 224 094 239
0032 078 224 095 239 167 223 188 239
0033 075 224 094 239 167 223 190 239
0034 075 222 096 238 164 224 187 239
0035 077 218 103 239 163 224 185 239
0036 079 217 107 237 162 222 187 237
0037 086 209 111 236 162 225 185 239
