0000 108 196 152 237 155 186 197 215
0001 108 196 151 237 155 186 197 215
0002 109 197 152 237 155 186 197 215
0003 108 197 150 236 155 186 196 215
0004 108 197 150 237 155 186 196 215
0005 108 197 150 236 155 186 192 215
0006 108 196 152 237 155 186 192 215
0007 108 196 152 237 155 186 192 215
0008 109 197 150 236 158 187 193 218
0009 108 197 150 236 161 183 197 215
0010 109 197 151 235 172 181 203 214
0011 109 198 152 237 174 169 204 205
0012 174 141 203 185 107 196 151 237
0013 167 113 198 169 108 196 151 235
0014 158 090 190 149 107 196 151 237
0015 147 081 184 139 107 196 151 236
0016 108 197 151 235 144 087 172 131
0017 107 196 151 237 146 088 173 129
0018 106 196 151 237 142 086 172 136
0019 107 196 151 237 143 085 173 133
0020 106 196 151 237 143 084 172 134
0021 106 196 152 237 143 085 169 133
0022 106 196 151 237 140 091 176 135
0023 107 196 151 236 139 090 176 135
0024 108 196 152 236 143 090 171 133
0025 108 196 152 235 143 086 171 133
0026 108 197 153 235 142 081 172 137
0027 108 197 152 235 142 083 171 136
0028 108 197 151 236 142 082 172 137
0029 108 197 152 235 142 082 172 135
0030 108 196 152 236 142 082 172 136
0031 108 196 152 236 143 082 172 137
0032 107 196 151 236 140 082 171 134
0033 107 196 151 236 144 083 175 135
0034 107 196 151 236 146 090 176 143
0035 107 196 151 236 149 101 183 159
0036 107 195 153 235 154 125 187 176
0037 157 152 195 193 107 195 152 235
0038 106 196 151 237 158 171 199 209
0039 107 196 152 237 157 186 201 217
0040 156 188 199 216 107 195 152 236
0041 107 194 151 236 160 186 201 216
0042 107 195 151 237 160 185 201 216
0043 108 195 152 236 161 185 201 216
