0000 076 223 113 239 000 000 000 000
0001 068 222 111 239 149 219 192 236
0002 067 221 112 239 130 199 185 237
0003 125 151 173 195 066 221 107 237
0004 124 109 171 160 067 223 112 239
0005 118 076 170 137 068 221 112 239
0006 123 069 163 119 065 219 107 239
0007 119 072 161 113 068 219 106 236
0008 118 074 163 117 064 217 104 239
0009 121 074 160 112 067 219 103 236
0010 119 072 160 116 066 220 103 237
0011 120 074 159 114 066 221 103 237
0012 118 073 158 111 067 221 103 236
0013 120 072 159 110 066 220 104 236
0014 118 071 162 113 068 219 103 235
0015 116 069 161 114 066 218 105 239
0016 118 066 161 114 064 217 106 239
0017 118 069 161 114 064 218 106 239
0018 117 069 161 114 068 219 103 235
0019 119 066 163 111 064 218 106 239
0020 127 061 163 116 068 220 104 236
0021 115 067 166 123 064 218 104 239
0022 121 101 168 151 065 217 107 239
0023 124 138 176 182 063 219 105 239
0024 130 184 184 226 067 219 102 236
0025 145 211 195 239 067 220 103 236
0026 064 222 104 239 158 223 197 239
0027 157 223 197 239 062 222 104 239
