0007 139 173 177 225 000 000 000 000
0008 131 131 168 192 000 000 000 000
0009 124 113 169 171 000 000 000 000
0010 128 120 169 166 000 000 000 000
0011 126 119 164 161 000 000 000 000
0012 134 120 163 158 000 000 000 000
0013 131 120 169 162 000 000 000 000
0014 136 125 162 159 000 000 000 000
0015 129 119 169 162 000 000 000 000
0016 130 120 168 162 000 000 000 000
0017 131 118 168 161 000 000 000 000
0018 133 120 160 158 000 000 000 000
0019 133 119 161 159 000 000 000 000
0020 131 119 160 159 000 000 000 000
0021 131 119 160 158 000 000 000 000
0022 129 114 165 159 000 000 000 000
0023 128 124 162 171 000 000 000 000
0024 115 168 167 225 000 000 000 000
