0004 087 225 119 239 000 000 000 000
0007 157 224 183 239 000 000 000 000
0008 127 202 175 235 000 000 000 000
0009 120 145 169 188 000 000 000 000
0010 122 109 158 158 000 000 000 000
0011 137 106 165 153 000 000 000 000
0012 134 091 165 149 000 000 000 000
0013 134 097 164 150 000 000 000 000
0014 130 092 164 147 000 000 000 000
0015 131 092 162 151 000 000 000 000
0016 131 091 164 150 000 000 000 000
0017 131 091 165 151 000 000 000 000
0018 131 102 160 149 000 000 000 000
0019 124 118 166 171 000 000 000 000
0020 125 175 174 212 000 000 000 000
0021 149 223 179 239 000 000 000 000
