0000 109 209 130 235 190 196 209 230
0001 109 210 129 237 187 196 207 232
0002 109 214 132 239 188 195 209 231
0003 188 195 206 229 107 213 128 238
0004 189 195 209 232 107 213 128 238
0005 193 192 212 230 109 209 130 235
0006 108 212 128 237 199 169 219 201
0007 188 121 227 144 109 214 132 239
0008 108 210 129 235 161 081 209 105
0009 108 213 132 238 161 079 193 099
0010 155 079 194 096 108 214 131 239
0011 156 078 194 095 108 214 132 239
0012 154 079 190 095 108 212 129 236
0013 109 210 130 235 157 079 196 096
0014 109 214 133 239 155 076 196 097
0015 157 080 195 097 109 214 132 239
0016 155 083 201 104 108 213 129 237
0017 177 106 217 135 107 212 128 236
0018 107 212 128 236 206 157 228 196
0019 107 212 128 236 196 189 216 227
0020 109 214 132 239 187 193 205 230
0021 189 195 205 227 107 213 128 236
0022 188 195 208 230 108 210 128 237
0023 181 198 204 229 109 211 129 237
0024 106 210 132 238 182 196 203 231
