0000 119 184 144 222 034 194 061 234
0001 035 196 063 234 118 184 144 222
0002 036 195 063 233 125 182 149 222
0003 125 172 153 215 034 195 061 233
0004 124 165 154 206 033 193 061 233
0005 122 143 155 179 035 194 062 232
0006 110 115 157 145 034 193 062 231
0007 091 090 151 118 035 193 062 231
0008 035 194 063 231 081 074 135 102
0009 087 062 135 089 035 195 063 232
0010 088 057 137 084 034 194 063 231
0011 085 054 138 080 035 194 062 231
0012 087 054 140 080 036 194 063 231
0013 093 050 140 075 035 193 062 231
0014 088 050 136 075 034 193 061 230
0015 091 051 146 078 036 191 064 228
0016 035 191 064 229 092 050 147 075
0017 096 052 146 075 036 190 064 227
0018 094 051 145 075 036 189 064 227
0019 036 189 065 229 094 053 143 075
0020 039 192 066 228 092 053 145 075
0021 039 190 067 229 092 052 143 078
0022 093 053 142 077 040 190 067 228
0023 092 052 145 076 041 190 069 228
0024 093 052 142 073 041 191 068 229
0025 090 054 142 075 041 192 069 229
0026 090 053 144 077 041 192 069 229
0027 096 054 142 075 040 194 065 226
0028 096 054 142 075 041 190 069 229
0029 094 054 145 076 041 190 068 229
0030 095 054 145 076 040 189 068 229
0031 095 054 147 077 040 194 064 225
0032 090 046 149 069 040 190 067 228
0033 104 032 161 064 035 189 065 229
0034 112 035 165 067 039 195 065 226
0035 117 034 161 068 034 188 063 229
0036 115 037 163 071 034 189 063 229
0037 117 035 161 068 036 194 061 224
0038 116 036 165 068 035 189 063 229
0039 036 189 063 228 115 038 164 068
0040 112 038 164 070 037 190 063 228
0041 107 044 163 076 037 189 065 228
0042 114 058 162 090 039 190 067 227
0043 111 079 161 111 040 194 065 224
0044 111 127 156 167 040 191 068 229
0045 118 184 148 230 042 190 069 227
0046 121 192 148 229 040 188 067 226
0047 040 189 066 226 125 187 153 227
0048 126 186 154 226 040 188 065 227
0049 131 187 158 225 040 188 068 227
0050 131 189 157 228 043 188 070 227
0051 046 190 074 228 131 187 156 228
0052 046 189 076 227 134 187 157 224
0053 047 189 077 227 137 186 161 223
0054 048 190 076 228 139 186 163 223
0055 047 190 074 227 141 187 163 224
0056 047 191 074 228 139 190 162 227
