0000 152 223 174 239 084 223 105 239
0001 151 222 174 239 084 224 105 239
0002 152 222 174 239 084 224 105 239
0003 152 222 174 239 084 224 105 239
0004 152 222 173 239 084 223 105 239
0005 152 222 174 239 084 224 105 239
0006 152 223 173 239 084 224 105 239
0007 152 222 175 239 084 224 105 239
0008 148 221 176 237 084 224 105 239
0009 143 215 173 238 082 222 101 239
0010 115 177 157 212 000 000 000 000
0011 103 144 144 166 084 223 106 239
0012 102 121 134 141 085 223 106 239
0013 087 224 105 239 000 000 000 000
0014 086 224 106 239 000 000 000 000
0015 113 113 144 133 085 225 105 239
0016 118 112 154 135 084 224 104 239
0017 123 112 165 133 084 223 104 239
0018 129 109 173 132 082 224 102 239
0019 132 107 179 129 086 224 105 239
0020 125 110 168 135 082 223 102 239
0021 120 109 153 130 084 224 104 239
0022 106 110 132 131 084 224 106 239
0023 097 114 126 131 086 224 106 239
0024 084 223 107 238 000 000 000 000
0025 098 109 121 126 085 224 105 239
0026 106 109 138 133 085 224 105 239
0027 115 109 153 128 084 224 104 239
0028 125 107 163 133 083 224 103 239
0029 125 111 167 132 083 224 103 239
0030 127 112 166 134 083 224 103 239
0031 133 119 174 139 083 225 103 239
0032 144 124 182 147 081 223 103 239
0033 159 133 190 159 082 222 105 239
0034 185 160 207 189 081 223 101 239
0035 192 185 214 226 081 225 102 239
0036 186 207 207 236 083 224 103 239
0037 175 218 194 239 000 000 000 000
0038 163 222 187 239 085 222 105 239
0039 162 221 185 239 084 224 104 239
