0016 151 223 192 239 000 000 000 000
0017 152 213 203 239 000 000 000 000
0018 151 197 204 238 000 000 000 000
0019 155 185 206 233 000 000 000 000
0020 157 165 210 210 000 000 000 000
0021 157 154 212 196 000 000 000 000
0022 156 149 210 192 000 000 000 000
0023 153 145 210 189 000 000 000 000
0024 148 140 208 185 000 000 000 000
0025 138 138 198 184 000 000 000 000
0026 130 137 192 184 000 000 000 000
0027 130 139 183 188 000 000 000 000
0028 138 135 181 185 000 000 000 000
0029 132 129 179 182 000 000 000 000
0030 119 127 174 183 000 000 000 000
0031 109 132 158 184 000 000 000 000
0032 094 133 150 183 000 000 000 000
0033 077 126 138 178 000 000 000 000
0034 065 124 129 174 000 000 000 000
0035 052 122 119 172 000 000 000 000
0036 035 121 096 172 000 000 000 000
0037 048 123 093 176 000 000 000 000
0038 052 119 094 172 000 000 000 000
0039 064 118 095 168 000 000 000 000
0040 067 119 096 166 000 000 000 000
0041 069 118 100 161 000 000 000 000
0042 067 118 097 168 000 000 000 000
0043 069 121 100 170 000 000 000 000
0044 081 144 125 194 000 000 000 000
0045 091 177 147 229 000 000 000 000
0046 123 211 174 239 000 000 000 000
