0000 093 195 143 238 194 192 240 236
0001 093 196 144 238 201 188 241 238
0002 093 194 141 237 188 177 234 228
0003 095 193 142 237 188 170 227 222
0004 182 152 226 201 097 190 143 235
0005 096 183 146 233 178 142 221 189
0006 169 126 217 177 107 185 151 231
0007 161 121 214 164 110 182 158 228
0008 156 110 207 156 115 185 159 231
0009 150 109 206 156 113 183 156 230
0010 143 107 200 153 120 183 159 231
0011 114 182 161 229 138 106 202 155
0012 132 102 194 155 116 182 160 231
0013 117 182 159 229 129 108 199 156
0014 130 110 193 156 117 181 158 227
0015 126 108 190 155 117 180 159 228
0016 123 104 188 155 116 180 159 228
0017 115 180 159 227 121 107 185 153
0018 115 177 158 229 120 105 184 154
0019 112 182 158 228 117 108 181 154
0020 114 182 158 228 115 106 175 156
0021 113 113 180 160 113 182 158 228
0022 113 110 174 161 115 179 158 228
0023 108 107 170 158 118 183 160 228
0024 106 106 166 156 113 182 159 229
0025 102 106 168 157 118 182 160 228
0026 104 104 163 157 115 180 159 230
0027 102 103 165 158 115 180 159 230
0028 099 098 160 156 114 181 156 229
0029 096 101 158 153 114 181 156 229
0030 095 100 157 152 114 183 160 229
0031 089 103 155 152 112 183 158 228
0032 093 101 155 157 115 183 159 229
0033 091 103 153 156 115 183 159 230
0034 087 103 151 156 114 183 158 229
0035 088 099 148 153 115 183 158 229
0036 082 102 149 154 115 184 158 230
0037 083 103 145 158 114 185 159 229
0038 081 102 143 158 114 184 159 229
0039 082 103 144 158 115 184 160 229
0040 081 104 140 159 115 184 159 230
0041 081 106 141 159 115 185 159 230
0042 079 102 143 163 116 182 162 230
0043 079 106 140 164 111 182 158 231
0044 084 106 146 164 114 183 158 228
0045 098 114 161 167 111 182 158 228
0046 108 182 154 228 116 134 181 181
0047 107 181 150 229 155 146 212 198
0048 104 179 149 230 174 159 222 207
0049 190 175 235 226 105 186 144 234
0050 105 193 147 235 204 181 244 234
0051 102 194 144 235 204 188 243 235
0052 099 194 143 235 203 197 247 237
0053 100 195 144 235 202 195 245 233
0054 098 197 146 237 197 195 243 235
0055 098 197 146 237 197 193 243 235
0056 098 197 146 237 198 195 243 235
