0001 156 218 198 239 000 000 000 000
0002 153 187 192 233 000 000 000 000
0003 152 152 187 198 000 000 000 000
0004 164 132 196 184 000 000 000 000
0005 157 116 211 170 000 000 000 000
0006 139 112 205 169 000 000 000 000
0007 111 125 184 176 000 000 000 000
0008 094 131 158 182 000 000 000 000
0009 081 134 145 181 000 000 000 000
0010 079 134 132 181 000 000 000 000
0011 078 127 125 177 000 000 000 000
0012 071 119 127 175 000 000 000 000
0013 065 113 117 170 000 000 000 000
0014 063 113 111 172 000 000 000 000
0015 064 120 103 174 000 000 000 000
0016 046 116 101 175 000 000 000 000
0017 033 121 096 177 000 000 000 000
0018 025 128 090 182 000 000 000 000
0019 020 131 084 189 000 000 000 000
0020 019 132 084 188 000 000 000 000
0021 020 132 084 188 000 000 000 000
0022 020 133 085 191 000 000 000 000
0023 029 135 090 187 000 000 000 000
0024 057 143 105 190 000 000 000 000
0025 084 157 128 201 000 000 000 000
0026 099 174 146 220 000 000 000 000
0027 118 196 169 238 000 000 000 000
0028 131 214 182 239 000 000 000 000
0029 144 224 183 239 000 000 000 000
